Date/Time,Electricity:Facility [kW](Hourly),Gas:Facility [kW](Hourly)
 01/02  01:00:00,12.569683660399999,0.0
 01/02  02:00:00,12.569683660399999,0.0
 01/02  03:00:00,12.569683660399999,0.0
 01/02  04:00:00,12.569683660399999,0.0
 01/02  05:00:00,12.569683660399999,0.0
 01/02  06:00:00,12.569683660399999,0.0
 01/02  07:00:00,28.0223018843,80.4031394046
 01/02  08:00:00,31.874324667899998,59.5682859815
 01/02  09:00:00,42.676200287,49.684651257700004
 01/02  10:00:00,60.0125658552,30.794732517199996
 01/02  11:00:00,59.9115849363,25.329384754499998
 01/02  12:00:00,59.8425948989,13.621420877
 01/02  13:00:00,59.836174704899996,9.81015004876
 01/02  14:00:00,59.836174704899996,6.58415694651
 01/02  15:00:00,59.836174704899996,4.418877055069999
 01/02  16:00:00,59.836174704899996,4.031994237569999
 01/02  17:00:00,59.847024827,6.37871016099
 01/02  18:00:00,62.76243302060001,18.494096886199998
 01/02  19:00:00,55.7296629909,28.2641911968
 01/02  20:00:00,55.8410074619,44.3469296555
 01/02  21:00:00,50.896438464300005,53.9801802188
 01/02  22:00:00,20.693606815,0.0
 01/02  23:00:00,12.569683660399999,0.0
 01/02  24:00:00,12.569683660399999,0.0
 01/03  01:00:00,12.569683660399999,0.0
 01/03  02:00:00,12.569683660399999,0.0
 01/03  03:00:00,12.569683660399999,0.0
 01/03  04:00:00,12.569683660399999,0.0
 01/03  05:00:00,12.569683660399999,0.0
 01/03  06:00:00,12.569683660399999,0.0
 01/03  07:00:00,28.531072774699997,138.537518439
 01/03  08:00:00,32.2638461049,107.20036317299999
 01/03  09:00:00,43.030438154799995,91.413349973
 01/03  10:00:00,60.418871508,66.26027299399999
 01/03  11:00:00,60.1819187827,51.5862345166
 01/03  12:00:00,59.9851537224,31.992010830100003
 01/03  13:00:00,59.950264387299995,22.699039519499998
 01/03  14:00:00,59.920975346599995,16.0954315864
 01/03  15:00:00,59.8464241704,9.133724971749999
 01/03  16:00:00,59.836174704899996,5.126485723319999
 01/03  17:00:00,59.836174704899996,4.4705940195
 01/03  18:00:00,62.6576739716,6.99092731445
 01/03  19:00:00,55.651737930299994,18.8132089854
 01/03  20:00:00,55.7252698374,28.6665998085
 01/03  21:00:00,50.7330400345,32.2949640184
 01/03  22:00:00,20.693606815,0.0
 01/03  23:00:00,12.569683660399999,0.0
 01/03  24:00:00,12.569683660399999,0.0
 01/04  01:00:00,12.569683660399999,0.0
 01/04  02:00:00,12.569683660399999,0.0
 01/04  03:00:00,12.569683660399999,0.0
 01/04  04:00:00,12.569683660399999,0.0
 01/04  05:00:00,12.569683660399999,0.0
 01/04  06:00:00,12.569683660399999,0.0
 01/04  07:00:00,28.315327423699998,114.57621987899999
 01/04  08:00:00,32.0850484406,87.0421661705
 01/04  09:00:00,42.899778294499995,73.70106642020001
 01/04  10:00:00,60.446242987299996,54.309664940699996
 01/04  11:00:00,60.3761386834,48.0252397151
 01/04  12:00:00,60.301215455299996,38.6206448446
 01/04  13:00:00,60.2689155473,35.937655090700005
 01/04  14:00:00,60.264067026199996,35.6445499747
 01/04  15:00:00,60.2640309447,34.94436911
 01/04  16:00:00,60.2430730594,28.4679221136
 01/04  17:00:00,60.2464483333,27.7975718657
 01/04  18:00:00,63.0357380876,35.268884168
 01/04  19:00:00,56.0448651524,50.1091277269
 01/04  20:00:00,56.190976121300004,69.80953553239999
 01/04  21:00:00,51.2712656643,82.76961624319999
 01/04  22:00:00,20.693606815,0.0
 01/04  23:00:00,12.569683660399999,0.0
 01/04  24:00:00,12.569683660399999,0.0
 01/05  01:00:00,12.569683660399999,0.0
 01/05  02:00:00,12.569683660399999,0.0
 01/05  03:00:00,12.5874354381,0.0
 01/05  04:00:00,12.6418820573,0.0
 01/05  05:00:00,12.718064692999999,0.5707881048
 01/05  06:00:00,12.797865458399999,1.2851665578
 01/05  07:00:00,29.0955184975,188.66331387
 01/05  08:00:00,32.769790785,153.666087532
 01/05  09:00:00,43.448942673699996,135.86391615600002
 01/05  10:00:00,60.859220651899996,110.18998949
 01/05  11:00:00,60.653039333,95.319363015
 01/05  12:00:00,60.4001054523,76.2967680933
 01/05  13:00:00,60.127777674099995,60.5897037445
 01/05  14:00:00,59.8958584646,45.9881413121
 01/05  15:00:00,59.8399377976,35.7698074011
 01/05  16:00:00,59.836174704899996,25.715778762600003
 01/05  17:00:00,59.9084838026,23.93660969
 01/05  18:00:00,62.861479681300004,32.246247811799996
 01/05  19:00:00,55.9034361612,53.2384923285
 01/05  20:00:00,56.0485907748,74.82509818310001
 01/05  21:00:00,51.112601043699996,86.3213204845
 01/05  22:00:00,20.693606815,0.0
 01/05  23:00:00,12.569683660399999,0.0
 01/05  24:00:00,12.569683660399999,0.0
 01/06  01:00:00,12.569683660399999,0.0
 01/06  02:00:00,12.569683660399999,0.0
 01/06  03:00:00,12.569683660399999,0.0
 01/06  04:00:00,12.569683660399999,0.0
 01/06  05:00:00,12.569683660399999,0.0
 01/06  06:00:00,12.569683660399999,0.0
 01/06  07:00:00,28.555797756599997,145.642274633
 01/06  08:00:00,32.2354224679,107.37419778299999
 01/06  09:00:00,42.95126566,86.42932138229999
 01/06  10:00:00,60.45909466729999,58.1176409221
 01/06  11:00:00,60.168845817,32.139024687399996
 01/06  12:00:00,59.842982477700005,9.33825164258
 01/06  13:00:00,59.848032494799995,7.29444449448
 01/06  14:00:00,59.836174704899996,5.85396558507
 01/06  15:00:00,59.836174704899996,4.20161958414
 01/06  16:00:00,59.836174704899996,2.00183317718
 01/06  17:00:00,59.836174704899996,0.547999851282
 01/06  18:00:00,62.5915080382,0.0382990127017
 01/06  19:00:00,55.4446742659,0.0
 01/06  20:00:00,55.4446742659,0.0
 01/06  21:00:00,50.427652815100004,0.0
 01/06  22:00:00,20.693606815,0.0
 01/06  23:00:00,12.569683660399999,0.0
 01/06  24:00:00,12.569683660399999,0.0
 01/07  01:00:00,11.9712926821,0.0
 01/07  02:00:00,11.9712926821,0.0
 01/07  03:00:00,11.9712926821,0.0
 01/07  04:00:00,11.9712926821,0.0
 01/07  05:00:00,11.9712926821,0.0
 01/07  06:00:00,11.9712926821,0.0
 01/07  07:00:00,26.9279803333,18.409589118
 01/07  08:00:00,26.466421158600003,16.950933146500002
 01/07  09:00:00,32.1629435508,8.759626904369998
 01/07  10:00:00,47.1786742659,0.8057978934960001
 01/07  11:00:00,60.1369804812,0.0
 01/07  12:00:00,60.718295786999995,0.0
 01/07  13:00:00,61.051370966499995,0.0
 01/07  14:00:00,61.533992857,0.0
 01/07  15:00:00,62.0315193162,0.0
 01/07  16:00:00,62.7872751947,0.0
 01/07  17:00:00,62.5249633328,0.0
 01/07  18:00:00,63.8267712577,0.0
 01/07  19:00:00,50.610182133900004,0.0
 01/07  20:00:00,40.3936099135,0.328464044499
 01/07  21:00:00,40.3936099135,9.944397691889998
 01/07  22:00:00,30.3595670119,25.9236952246
 01/07  23:00:00,11.9712926821,0.0
 01/07  24:00:00,11.9712926821,0.0
 01/08  01:00:00,11.9712926821,0.0
 01/08  02:00:00,11.9712926821,0.0
 01/08  03:00:00,11.9712926821,0.0
 01/08  04:00:00,11.9712926821,0.0
 01/08  05:00:00,11.9712926821,0.0
 01/08  06:00:00,11.9712926821,0.0
 01/08  07:00:00,11.9712926821,0.0
 01/08  08:00:00,7.8382926821000005,0.0
 01/08  09:00:00,22.9068201698,143.862376779
 01/08  10:00:00,22.4000706005,99.73287159649999
 01/08  11:00:00,37.1683868644,71.6829777905
 01/08  12:00:00,37.1446313643,51.7265759609
 01/08  13:00:00,47.1786742659,28.9386650029
 01/08  14:00:00,47.2205941689,16.9938838779
 01/08  15:00:00,47.443691176499996,7.22258708082
 01/08  16:00:00,47.70189723520001,4.069332949980001
 01/08  17:00:00,47.694985125900004,3.2144399977499996
 01/08  18:00:00,39.9038551423,16.0278198479
 01/08  19:00:00,35.3765884627,46.425638755200005
 01/08  20:00:00,11.9712926821,0.0
 01/08  21:00:00,11.9712926821,0.0
 01/08  22:00:00,11.9712926821,0.0
 01/08  23:00:00,11.9712926821,0.0
 01/08  24:00:00,11.9712926821,0.0
 01/09  01:00:00,12.569683660399999,0.0
 01/09  02:00:00,12.569683660399999,0.0
 01/09  03:00:00,12.569683660399999,0.0
 01/09  04:00:00,12.569683660399999,0.0
 01/09  05:00:00,12.569683660399999,0.0
 01/09  06:00:00,12.569683660399999,0.0
 01/09  07:00:00,28.652686334400002,190.15707306099998
 01/09  08:00:00,32.376248053400005,155.994510271
 01/09  09:00:00,42.9084133387,121.850087279
 01/09  10:00:00,60.2971062782,79.49905368569999
 01/09  11:00:00,60.043449012299995,51.8563250841
 01/09  12:00:00,59.836174704899996,21.2472804615
 01/09  13:00:00,59.926593957200005,9.23790827254
 01/09  14:00:00,60.1157111037,6.277178644659999
 01/09  15:00:00,60.274829420100005,4.17033202143
 01/09  16:00:00,60.683557864399994,2.48688601087
 01/09  17:00:00,60.2585326306,1.63952146588
 01/09  18:00:00,62.803207003100006,1.6554943884399997
 01/09  19:00:00,55.44819042060001,2.7315098782
 01/09  20:00:00,55.4446742659,3.7359887994
 01/09  21:00:00,50.427652815100004,12.974904770999999
 01/09  22:00:00,20.693606815,0.0
 01/09  23:00:00,12.569683660399999,0.0
 01/09  24:00:00,12.569683660399999,0.0
 01/10  01:00:00,12.569683660399999,0.0
 01/10  02:00:00,12.569683660399999,0.0
 01/10  03:00:00,12.569683660399999,0.0
 01/10  04:00:00,12.569683660399999,0.0
 01/10  05:00:00,12.569683660399999,0.0
 01/10  06:00:00,12.569683660399999,0.0
 01/10  07:00:00,27.804470787600003,77.1715272687
 01/10  08:00:00,31.7240566946,59.4680042045
 01/10  09:00:00,42.591886806,47.8034362897
 01/10  10:00:00,60.160710104799996,28.2746432462
 01/10  11:00:00,60.10816581979999,22.208354960900003
 01/10  12:00:00,60.0354567692,10.997803055599999
 01/10  13:00:00,59.9226665827,5.2920762553500005
 01/10  14:00:00,59.9436357973,3.1345604402599996
 01/10  15:00:00,60.39109422560001,1.38240964998
 01/10  16:00:00,60.7798181532,0.05627085794419999
 01/10  17:00:00,60.6497514508,0.0
 01/10  18:00:00,62.8721636709,0.0
 01/10  19:00:00,55.4446742659,0.732220561136
 01/10  20:00:00,55.4446742659,3.01690765655
 01/10  21:00:00,50.433897463,12.7017914518
 01/10  22:00:00,20.693606815,0.0
 01/10  23:00:00,12.569683660399999,0.0
 01/10  24:00:00,12.569683660399999,0.0
 01/11  01:00:00,12.569683660399999,0.0
 01/11  02:00:00,12.569683660399999,0.0
 01/11  03:00:00,12.569683660399999,0.0
 01/11  04:00:00,12.569683660399999,0.0
 01/11  05:00:00,12.569683660399999,0.0
 01/11  06:00:00,12.569683660399999,0.0
 01/11  07:00:00,27.835279119000003,73.8872866822
 01/11  08:00:00,31.684269883800003,50.111961984
 01/11  09:00:00,42.4326418064,33.1116266143
 01/11  10:00:00,59.8427225829,8.363171138430001
 01/11  11:00:00,59.928097262600005,3.29622792878
 01/11  12:00:00,60.622226451,0.908623094786
 01/11  13:00:00,61.2112974962,0.0
 01/11  14:00:00,61.79540105979999,0.0
 01/11  15:00:00,62.7009646813,0.0
 01/11  16:00:00,63.3621187879,0.0
 01/11  17:00:00,62.930194236000006,0.0
 01/11  18:00:00,62.4704260676,0.0
 01/11  19:00:00,55.7775856041,0.0
 01/11  20:00:00,55.4575129206,0.224411095008
 01/11  21:00:00,50.427652815100004,5.99905538266
 01/11  22:00:00,20.693606815,0.0
 01/11  23:00:00,12.569683660399999,0.0
 01/11  24:00:00,12.569683660399999,0.0
 01/12  01:00:00,12.569683660399999,0.0
 01/12  02:00:00,12.569683660399999,0.0
 01/12  03:00:00,12.569683660399999,0.0
 01/12  04:00:00,12.569683660399999,0.0
 01/12  05:00:00,12.569683660399999,0.0
 01/12  06:00:00,12.569683660399999,0.0
 01/12  07:00:00,28.0927662156,114.673250217
 01/12  08:00:00,31.916645532399997,91.9221318107
 01/12  09:00:00,42.475466070799996,64.3412794672
 01/12  10:00:00,59.8429716022,19.6914955946
 01/12  11:00:00,59.9371310696,4.56341579705
 01/12  12:00:00,60.8295404808,1.6189728693399998
 01/12  13:00:00,61.7676483566,0.0348504762315
 01/12  14:00:00,63.4245189581,0.0
 01/12  15:00:00,65.65364326609999,0.0
 01/12  16:00:00,66.9459480175,0.0
 01/12  17:00:00,65.9805635121,0.0
 01/12  18:00:00,64.0568107343,0.0
 01/12  19:00:00,56.2519473154,0.0
 01/12  20:00:00,55.6414004766,0.0
 01/12  21:00:00,50.427652815100004,0.488040363596
 01/12  22:00:00,20.693606815,0.0
 01/12  23:00:00,12.569683660399999,0.0
 01/12  24:00:00,12.569683660399999,0.0
 01/13  01:00:00,12.569683660399999,0.0
 01/13  02:00:00,12.569683660399999,0.0
 01/13  03:00:00,12.569683660399999,0.0
 01/13  04:00:00,12.569683660399999,0.0
 01/13  05:00:00,12.569683660399999,0.0
 01/13  06:00:00,12.569683660399999,0.0
 01/13  07:00:00,27.4921540068,41.7420921958
 01/13  08:00:00,31.4419227677,27.2710619964
 01/13  09:00:00,42.1975586246,11.4662374311
 01/13  10:00:00,59.9700874005,1.3668909879100002
 01/13  11:00:00,60.9812572431,0.0
 01/13  12:00:00,62.8046517591,0.0
 01/13  13:00:00,65.0024920559,0.0
 01/13  14:00:00,65.0398987992,0.0
 01/13  15:00:00,65.2551963783,0.0
 01/13  16:00:00,66.3042585092,0.0
 01/13  17:00:00,65.7686437279,0.0
 01/13  18:00:00,65.6222181718,0.0
 01/13  19:00:00,58.721917678500006,0.0
 01/13  20:00:00,57.161859703100006,0.0
 01/13  21:00:00,51.0486672025,0.0
 01/13  22:00:00,20.693606815,0.0
 01/13  23:00:00,12.569683660399999,0.0
 01/13  24:00:00,12.569683660399999,0.0
 01/14  01:00:00,11.9712926821,0.0
 01/14  02:00:00,11.9712926821,0.0
 01/14  03:00:00,11.9712926821,0.0
 01/14  04:00:00,11.9712926821,0.0
 01/14  05:00:00,11.9712926821,0.0
 01/14  06:00:00,11.9712926821,0.0
 01/14  07:00:00,26.7337628746,1.73086400645
 01/14  08:00:00,26.3031361716,0.5811370986500001
 01/14  09:00:00,32.1690724248,0.0
 01/14  10:00:00,47.1909114033,0.0
 01/14  11:00:00,59.836174704899996,0.0
 01/14  12:00:00,59.836174704899996,0.0
 01/14  13:00:00,59.851339026400005,0.0
 01/14  14:00:00,60.0448015399,0.0
 01/14  15:00:00,60.189235886800006,0.0
 01/14  16:00:00,60.1961057764,0.0
 01/14  17:00:00,60.113536706000005,0.0
 01/14  18:00:00,61.3027784685,0.0
 01/14  19:00:00,50.4320072732,0.0
 01/14  20:00:00,40.4939349961,0.399207643614
 01/14  21:00:00,40.5971667762,7.81315744505
 01/14  22:00:00,30.640277614400002,22.3457167127
 01/14  23:00:00,11.9712926821,0.0
 01/14  24:00:00,11.9712926821,0.0
 01/15  01:00:00,11.9712926821,0.0
 01/15  02:00:00,11.9712926821,0.0
 01/15  03:00:00,11.9712926821,0.0
 01/15  04:00:00,11.9712926821,0.0
 01/15  05:00:00,11.9712926821,0.0
 01/15  06:00:00,11.9712926821,0.0
 01/15  07:00:00,11.9712926821,0.0
 01/15  08:00:00,7.8382926821000005,0.0
 01/15  09:00:00,22.8230901071,68.1509347275
 01/15  10:00:00,22.624701715900002,47.9405688351
 01/15  11:00:00,37.5371172519,32.97249516
 01/15  12:00:00,37.253509589400004,18.5763056104
 01/15  13:00:00,47.3950917339,15.8561563272
 01/15  14:00:00,47.543553475500005,24.802991054
 01/15  15:00:00,47.6736551058,25.546140394899997
 01/15  16:00:00,47.6522392292,24.419641822
 01/15  17:00:00,47.545004005,21.5596683542
 01/15  18:00:00,38.7380871934,39.5963326101
 01/15  19:00:00,35.6735034406,49.6294837073
 01/15  20:00:00,11.9712926821,0.0
 01/15  21:00:00,11.9712926821,0.0
 01/15  22:00:00,11.9712926821,0.0
 01/15  23:00:00,11.9712926821,0.0
 01/15  24:00:00,11.9712926821,0.0
 01/16  01:00:00,11.9712926821,0.0
 01/16  02:00:00,11.9712926821,0.0
 01/16  03:00:00,11.9712926821,0.0
 01/16  04:00:00,11.9712926821,0.0
 01/16  05:00:00,11.9712926821,0.0
 01/16  06:00:00,11.9712926821,0.0
 01/16  07:00:00,11.9712926821,0.0
 01/16  08:00:00,7.8382926821000005,0.0
 01/16  09:00:00,23.400039540599998,125.283133865
 01/16  10:00:00,23.0515381448,92.9230372459
 01/16  11:00:00,37.947306861,75.330742437
 01/16  12:00:00,37.8594829346,67.9062218026
 01/16  13:00:00,47.7899479413,51.7297697355
 01/16  14:00:00,47.7438588771,47.200194940299994
 01/16  15:00:00,47.7032435193,41.1677047719
 01/16  16:00:00,47.6670160947,35.464406382199996
 01/16  17:00:00,47.6047156816,32.5403198976
 01/16  18:00:00,38.8286466167,50.2585763687
 01/16  19:00:00,35.756789414699995,58.3597037116
 01/16  20:00:00,11.9712926821,0.0
 01/16  21:00:00,11.9712926821,0.0
 01/16  22:00:00,11.9712926821,0.0
 01/16  23:00:00,11.9712926821,0.0
 01/16  24:00:00,11.9712926821,0.0
 01/17  01:00:00,12.569683660399999,0.0
 01/17  02:00:00,12.569683660399999,0.0
 01/17  03:00:00,12.5989672624,0.0
 01/17  04:00:00,12.6372933897,0.0
 01/17  05:00:00,12.698773282100001,0.555604060832
 01/17  06:00:00,12.7454484992,1.03324104841
 01/17  07:00:00,29.023098828200002,185.109821378
 01/17  08:00:00,32.6663446996,147.337445775
 01/17  09:00:00,43.2477705797,122.88634781799999
 01/17  10:00:00,60.4301100394,82.4976136571
 01/17  11:00:00,60.0749780508,54.8027102259
 01/17  12:00:00,59.85490539560001,25.4770248148
 01/17  13:00:00,59.836174704899996,8.97472639666
 01/17  14:00:00,59.91381473770001,5.6899753122000005
 01/17  15:00:00,60.1610658216,3.64287797801
 01/17  16:00:00,60.484256861300004,1.8420587948400002
 01/17  17:00:00,60.3885958829,0.7417613396989999
 01/17  18:00:00,61.3186314433,1.4577830408899999
 01/17  19:00:00,55.4446742659,3.63738525019
 01/17  20:00:00,55.4446742659,16.3283998258
 01/17  21:00:00,50.452699806400005,26.6713704109
 01/17  22:00:00,20.693606815,0.0
 01/17  23:00:00,12.569683660399999,0.0
 01/17  24:00:00,12.569683660399999,0.0
 01/18  01:00:00,12.569683660399999,0.0
 01/18  02:00:00,12.569683660399999,0.0
 01/18  03:00:00,12.569683660399999,0.0
 01/18  04:00:00,12.569683660399999,0.0
 01/18  05:00:00,12.569683660399999,0.0
 01/18  06:00:00,12.569683660399999,0.0
 01/18  07:00:00,28.1018869067,111.717149136
 01/18  08:00:00,31.9283135694,86.4688679507
 01/18  09:00:00,42.6644647305,73.4384539067
 01/18  10:00:00,60.0573882307,43.9694665559
 01/18  11:00:00,59.862672788999994,21.7494910012
 01/18  12:00:00,59.836174704899996,6.22772188699
 01/18  13:00:00,60.005742875299994,4.0535576851599995
 01/18  14:00:00,60.527539536800006,1.8555596754599997
 01/18  15:00:00,61.0398536859,0.18873634162500003
 01/18  16:00:00,61.287502949099995,0.0
 01/18  17:00:00,61.1646674883,0.0
 01/18  18:00:00,61.6513274101,0.0
 01/18  19:00:00,55.4446742659,1.45830894932
 01/18  20:00:00,55.4446742659,8.65115747523
 01/18  21:00:00,50.427652815100004,19.715622686
 01/18  22:00:00,20.693606815,0.0
 01/18  23:00:00,12.569683660399999,0.0
 01/18  24:00:00,12.569683660399999,0.0
 01/19  01:00:00,12.569683660399999,0.0
 01/19  02:00:00,12.569683660399999,0.0
 01/19  03:00:00,12.569683660399999,0.0
 01/19  04:00:00,12.569683660399999,0.0
 01/19  05:00:00,12.569683660399999,0.0
 01/19  06:00:00,12.569683660399999,0.0
 01/19  07:00:00,27.7264540084,66.3653123367
 01/19  08:00:00,31.6005613973,41.6965376418
 01/19  09:00:00,42.3932677153,19.4817177184
 01/19  10:00:00,59.991315836800005,4.6688277174
 01/19  11:00:00,59.9769179404,3.38124704615
 01/19  12:00:00,59.8925723382,2.23753782624
 01/19  13:00:00,59.836174704899996,1.6347642659900001
 01/19  14:00:00,60.12391727399999,0.700355433408
 01/19  15:00:00,60.443099333,0.0027574076105999997
 01/19  16:00:00,60.497045834,0.0
 01/19  17:00:00,60.2226039837,0.0
 01/19  18:00:00,61.3499094517,0.0
 01/19  19:00:00,55.4446742659,0.309152963495
 01/19  20:00:00,55.4446742659,1.17694018242
 01/19  21:00:00,50.437838165200006,3.21273870957
 01/19  22:00:00,20.693606815,0.0
 01/19  23:00:00,12.569683660399999,0.0
 01/19  24:00:00,12.569683660399999,0.0
 01/20  01:00:00,12.569683660399999,0.0
 01/20  02:00:00,12.569683660399999,0.0
 01/20  03:00:00,12.569683660399999,0.0
 01/20  04:00:00,12.569683660399999,0.0
 01/20  05:00:00,12.569683660399999,0.0
 01/20  06:00:00,12.569683660399999,0.0
 01/20  07:00:00,28.2438915227,113.337974969
 01/20  08:00:00,32.0241331581,88.03913509709999
 01/20  09:00:00,42.6788838071,70.8720032982
 01/20  10:00:00,60.1148793409,44.6949141466
 01/20  11:00:00,59.9810951629,37.4597728934
 01/20  12:00:00,59.85212283,24.732951919
 01/20  13:00:00,59.836174704899996,12.537569218
 01/20  14:00:00,59.836174704899996,6.04597704648
 01/20  15:00:00,59.946654588,3.9846613322400004
 01/20  16:00:00,60.0233731263,2.30459324446
 01/20  17:00:00,60.072531929300006,1.50419208752
 01/20  18:00:00,61.2422141915,1.92105656303
 01/20  19:00:00,55.4446742659,12.885000193900002
 01/20  20:00:00,55.5287541904,37.850453673000004
 01/20  21:00:00,50.6863146067,54.0106260838
 01/20  22:00:00,20.693606815,0.0
 01/20  23:00:00,12.569683660399999,0.0
 01/20  24:00:00,12.569683660399999,0.0
 01/21  01:00:00,11.9712926821,0.0
 01/21  02:00:00,11.9712926821,0.0
 01/21  03:00:00,11.9712926821,0.0
 01/21  04:00:00,11.9712926821,0.0
 01/21  05:00:00,11.9712926821,0.0
 01/21  06:00:00,11.9712926821,0.0
 01/21  07:00:00,28.209288426599997,189.260192339
 01/21  08:00:00,27.5197281279,163.60360418
 01/21  09:00:00,32.9839393397,132.413297946
 01/21  10:00:00,47.5161258732,82.1953853215
 01/21  11:00:00,59.856192837399995,47.796961536400005
 01/21  12:00:00,59.836174704899996,25.0222445339
 01/21  13:00:00,59.836174704899996,11.9325504292
 01/21  14:00:00,60.003594415,7.81804571048
 01/21  15:00:00,60.32326241689999,5.547368387050001
 01/21  16:00:00,60.441539864300005,4.01782773096
 01/21  17:00:00,60.285268414399994,2.9518033445599996
 01/21  18:00:00,61.439104056800005,3.0335796425700003
 01/21  19:00:00,50.427652815100004,12.6401805763
 01/21  20:00:00,40.3936099135,35.5756274589
 01/21  21:00:00,40.46329907,49.799614517799995
 01/21  22:00:00,30.5572251384,60.6049934921
 01/21  23:00:00,11.9712926821,0.0
 01/21  24:00:00,11.9712926821,0.0
 01/22  01:00:00,11.9712926821,0.0
 01/22  02:00:00,11.9712926821,0.0
 01/22  03:00:00,11.9712926821,0.0
 01/22  04:00:00,11.9712926821,0.0
 01/22  05:00:00,11.9712926821,0.0
 01/22  06:00:00,11.9712926821,0.0
 01/22  07:00:00,11.9712926821,0.0
 01/22  08:00:00,7.8382926821000005,0.0
 01/22  09:00:00,23.086336661399997,161.326320953
 01/22  10:00:00,22.4124217642,96.10213973649999
 01/22  11:00:00,37.1540214403,54.4776274743
 01/22  12:00:00,37.1446313643,36.1832474177
 01/22  13:00:00,47.220957406400004,13.642316756
 01/22  14:00:00,47.5635498224,7.1735418968100015
 01/22  15:00:00,47.986709204099995,4.8012165153
 01/22  16:00:00,48.236475894399995,2.92197013627
 01/22  17:00:00,48.2713326514,1.68251518661
 01/22  18:00:00,37.3422817393,3.88029938214
 01/22  19:00:00,35.3765884627,16.5646687371
 01/22  20:00:00,11.9712926821,0.0
 01/22  21:00:00,11.9712926821,0.0
 01/22  22:00:00,11.9712926821,0.0
 01/22  23:00:00,11.9712926821,0.0
 01/22  24:00:00,11.9712926821,0.0
 01/23  01:00:00,12.569683660399999,0.0
 01/23  02:00:00,12.569683660399999,0.0
 01/23  03:00:00,12.569683660399999,0.0
 01/23  04:00:00,12.569683660399999,0.0
 01/23  05:00:00,12.569683660399999,0.0
 01/23  06:00:00,12.569683660399999,0.0
 01/23  07:00:00,27.756808519499998,71.27883252
 01/23  08:00:00,31.6637638697,48.5591683861
 01/23  09:00:00,42.503663641799996,33.504717415100004
 01/23  10:00:00,60.188580951000006,21.8431563168
 01/23  11:00:00,60.151393688199995,15.712801313599998
 01/23  12:00:00,60.0070287422,7.8834135641100005
 01/23  13:00:00,60.091370545,20.9311858699
 01/23  14:00:00,60.1564877905,28.7180425694
 01/23  15:00:00,60.116670599799996,21.4023488859
 01/23  16:00:00,60.084667476999996,13.785973296500002
 01/23  17:00:00,60.1174513199,16.7013040166
 01/23  18:00:00,60.153819841899995,23.9110940193
 01/23  19:00:00,55.9045635707,37.6147342539
 01/23  20:00:00,56.0148554929,51.016311673500006
 01/23  21:00:00,51.0674569018,59.3158936927
 01/23  22:00:00,20.693606815,0.0
 01/23  23:00:00,12.569683660399999,0.0
 01/23  24:00:00,12.569683660399999,0.0
 01/24  01:00:00,12.569683660399999,0.0
 01/24  02:00:00,12.569683660399999,0.0
 01/24  03:00:00,12.569683660399999,0.0
 01/24  04:00:00,12.6025772792,0.0
 01/24  05:00:00,12.667032165999998,0.0
 01/24  06:00:00,12.7849025122,1.3287712518299999
 01/24  07:00:00,29.1210190025,196.07758090299998
 01/24  08:00:00,32.7500720533,160.119470655
 01/24  09:00:00,43.200068275,133.38391945700002
 01/24  10:00:00,60.4691948867,98.79759307719999
 01/24  11:00:00,60.1587382512,77.6568281589
 01/24  12:00:00,59.8782765657,53.4357141893
 01/24  13:00:00,59.836174704899996,37.087077043200004
 01/24  14:00:00,59.836174704899996,25.2080627507
 01/24  15:00:00,59.836174704899996,15.2924521804
 01/24  16:00:00,59.836174704899996,7.460709363160001
 01/24  17:00:00,59.836174704899996,6.31206141223
 01/24  18:00:00,59.836174704899996,8.401204538530001
 01/24  19:00:00,55.4446742659,25.182074674899997
 01/24  20:00:00,55.5846665813,51.163871345100006
 01/24  21:00:00,50.7722686157,72.7896238355
 01/24  22:00:00,20.693606815,0.0
 01/24  23:00:00,12.569683660399999,0.0
 01/24  24:00:00,12.569683660399999,0.0
 01/25  01:00:00,12.569683660399999,0.0
 01/25  02:00:00,12.569683660399999,0.0
 01/25  03:00:00,12.569683660399999,0.0
 01/25  04:00:00,12.569683660399999,0.0
 01/25  05:00:00,12.569683660399999,0.0
 01/25  06:00:00,12.640413737200001,1.9897365403999998
 01/25  07:00:00,28.9476964522,208.549359178
 01/25  08:00:00,32.5750365555,170.757308072
 01/25  09:00:00,43.0146037691,136.713730568
 01/25  10:00:00,60.1729883163,84.8473690635
 01/25  11:00:00,59.8520440426,51.70881962
 01/25  12:00:00,59.836174704899996,26.1172172929
 01/25  13:00:00,59.836174704899996,12.831876535
 01/25  14:00:00,60.0397135099,9.135131815
 01/25  15:00:00,60.4116239359,6.58335633094
 01/25  16:00:00,60.7151834191,4.54238558563
 01/25  17:00:00,60.4770223135,3.67960991859
 01/25  18:00:00,60.0860465507,4.3418857952800005
 01/25  19:00:00,55.4446742659,7.317623838110001
 01/25  20:00:00,55.4446742659,25.931202491
 01/25  21:00:00,50.427652815100004,37.5450525206
 01/25  22:00:00,20.693606815,0.0
 01/25  23:00:00,12.569683660399999,0.0
 01/25  24:00:00,12.569683660399999,0.0
 01/26  01:00:00,12.569683660399999,0.0
 01/26  02:00:00,12.569683660399999,0.0
 01/26  03:00:00,12.569683660399999,0.0
 01/26  04:00:00,12.569683660399999,0.0
 01/26  05:00:00,12.569683660399999,0.0
 01/26  06:00:00,12.569683660399999,0.0
 01/26  07:00:00,28.6046308283,179.86191605599998
 01/26  08:00:00,32.3402932097,147.053335471
 01/26  09:00:00,42.8534614923,112.08600802
 01/26  10:00:00,60.0429350064,59.5463335979
 01/26  11:00:00,59.836174704899996,28.4763408225
 01/26  12:00:00,59.837588386899995,10.2022396673
 01/26  13:00:00,60.157075254300004,7.48451821215
 01/26  14:00:00,60.68687146640001,4.89577349408
 01/26  15:00:00,60.9199886505,2.60001965355
 01/26  16:00:00,61.2244778599,0.797530652499
 01/26  17:00:00,61.1669338316,0.0262901868353
 01/26  18:00:00,60.475499542,0.210958334864
 01/26  19:00:00,55.535960011899995,2.2637587686400003
 01/26  20:00:00,55.4446742659,7.59253652162
 01/26  21:00:00,50.427652815100004,21.667893096300002
 01/26  22:00:00,20.693606815,0.0
 01/26  23:00:00,12.569683660399999,0.0
 01/26  24:00:00,12.569683660399999,0.0
 01/27  01:00:00,12.569683660399999,0.0
 01/27  02:00:00,12.569683660399999,0.0
 01/27  03:00:00,12.569683660399999,0.0
 01/27  04:00:00,12.569683660399999,0.0
 01/27  05:00:00,12.569683660399999,0.0
 01/27  06:00:00,12.569683660399999,0.0
 01/27  07:00:00,28.1066688121,120.57206325
 01/27  08:00:00,31.9076291612,88.9602295221
 01/27  09:00:00,42.606848409099996,68.2297557119
 01/27  10:00:00,60.030479121899994,39.492142878
 01/27  11:00:00,59.8651721379,19.450435641800002
 01/27  12:00:00,59.8386602011,6.12125675896
 01/27  13:00:00,60.1025495362,3.58671101117
 01/27  14:00:00,60.1182535451,1.5062574287200001
 01/27  15:00:00,60.2104061505,0.58391376805
 01/27  16:00:00,60.0918048266,0.086387146315
 01/27  17:00:00,60.0196430399,0.0
 01/27  18:00:00,59.860066617200005,0.00217119233864
 01/27  19:00:00,55.4446742659,0.689706271763
 01/27  20:00:00,55.4446742659,1.28699083145
 01/27  21:00:00,50.427652815100004,1.86221621788
 01/27  22:00:00,20.693606815,0.0
 01/27  23:00:00,12.569683660399999,0.0
 01/27  24:00:00,12.569683660399999,0.0
 01/28  01:00:00,11.9712926821,0.0
 01/28  02:00:00,11.9712926821,0.0
 01/28  03:00:00,11.9712926821,0.0
 01/28  04:00:00,11.9712926821,0.0
 01/28  05:00:00,11.9712926821,0.0
 01/28  06:00:00,11.9712926821,0.0
 01/28  07:00:00,27.076706492399996,46.0262997428
 01/28  08:00:00,26.474123035199998,18.9717238794
 01/28  09:00:00,32.247028070700004,5.896913602590001
 01/28  10:00:00,47.1910727871,1.3680682131400002
 01/28  11:00:00,59.9428507418,0.0
 01/28  12:00:00,60.3957328937,0.0
 01/28  13:00:00,64.1309296742,0.0
 01/28  14:00:00,69.3742331629,0.0
 01/28  15:00:00,71.6498663688,0.0
 01/28  16:00:00,71.30278981939999,0.0
 01/28  17:00:00,71.2387951859,0.0
 01/28  18:00:00,69.055404327,0.0
 01/28  19:00:00,53.8374537489,0.0
 01/28  20:00:00,41.404885376100005,0.0
 01/28  21:00:00,40.9906598919,0.0
 01/28  22:00:00,30.4749214777,0.0
 01/28  23:00:00,11.9712926821,0.0
 01/28  24:00:00,11.9712926821,0.0
 01/29  01:00:00,11.9712926821,0.0
 01/29  02:00:00,11.9712926821,0.0
 01/29  03:00:00,11.9712926821,0.0
 01/29  04:00:00,11.9712926821,0.0
 01/29  05:00:00,11.9712926821,0.0
 01/29  06:00:00,11.9712926821,0.0
 01/29  07:00:00,11.9712926821,0.0
 01/29  08:00:00,7.8382926821000005,0.0
 01/29  09:00:00,22.3479035069,44.814199459799994
 01/29  10:00:00,22.208225439699998,26.370757485100004
 01/29  11:00:00,37.1446313643,8.82324728386
 01/29  12:00:00,37.2500561855,0.618311349891
 01/29  13:00:00,47.6405448963,0.0
 01/29  14:00:00,47.55803190020001,0.0
 01/29  15:00:00,47.502849328900005,0.0
 01/29  16:00:00,47.4996660195,0.0
 01/29  17:00:00,47.47756696810001,0.0
 01/29  18:00:00,37.1446313643,0.0
 01/29  19:00:00,35.3765884627,0.25550786741500003
 01/29  20:00:00,11.9712926821,0.0
 01/29  21:00:00,11.9712926821,0.0
 01/29  22:00:00,11.9712926821,0.0
 01/29  23:00:00,11.9712926821,0.0
 01/29  24:00:00,11.9712926821,0.0
 01/30  01:00:00,12.569683660399999,0.0
 01/30  02:00:00,12.569683660399999,0.0
 01/30  03:00:00,12.569683660399999,0.0
 01/30  04:00:00,12.569683660399999,0.0
 01/30  05:00:00,12.569683660399999,0.0
 01/30  06:00:00,12.569683660399999,0.0
 01/30  07:00:00,27.9287599678,85.08071900430001
 01/30  08:00:00,31.8025371642,63.7831585136
 01/30  09:00:00,42.6140540214,46.4583708955
 01/30  10:00:00,60.140223587200005,26.458737061399997
 01/30  11:00:00,59.9217172774,17.9069237973
 01/30  12:00:00,59.836174704899996,4.9444313343
 01/30  13:00:00,59.836174704899996,2.96751013953
 01/30  14:00:00,59.836174704899996,2.75137237482
 01/30  15:00:00,59.836174704899996,2.3625555504199998
 01/30  16:00:00,59.8596418771,1.7127037346
 01/30  17:00:00,59.8378648887,1.5774764584399998
 01/30  18:00:00,59.836174704899996,3.27206941477
 01/30  19:00:00,55.4652024862,20.3915343812
 01/30  20:00:00,55.674817501199996,43.7816580107
 01/30  21:00:00,50.801203381499995,59.4330559791
 01/30  22:00:00,20.693606815,0.0
 01/30  23:00:00,12.569683660399999,0.0
 01/30  24:00:00,12.569683660399999,0.0
 01/31  01:00:00,12.569683660399999,0.0
 01/31  02:00:00,12.569683660399999,0.0
 01/31  03:00:00,12.569683660399999,0.0
 01/31  04:00:00,12.569683660399999,0.0
 01/31  05:00:00,12.569683660399999,0.0
 01/31  06:00:00,12.569683660399999,0.0
 01/31  07:00:00,28.8834960609,190.826284481
 01/31  08:00:00,32.5596314113,159.299739097
 01/31  09:00:00,42.999194158,125.03596177600001
 01/31  10:00:00,60.255697341499996,85.0953079571
 01/31  11:00:00,59.9800378897,63.11359229520001
 01/31  12:00:00,59.838338705299996,39.9000233874
 01/31  13:00:00,59.836174704899996,25.076251486
 01/31  14:00:00,59.836174704899996,14.139647222699999
 01/31  15:00:00,59.847224904300006,7.46368555992
 01/31  16:00:00,59.9355262883,5.78631700356
 01/31  17:00:00,59.9609226349,4.79048486726
 01/31  18:00:00,59.8465174209,4.76995900209
 01/31  19:00:00,55.4446742659,18.3680714195
 01/31  20:00:00,55.5410571592,48.7383073589
 01/31  21:00:00,50.7415994642,69.8377652098
 01/31  22:00:00,20.693606815,0.0
 01/31  23:00:00,12.569683660399999,0.0
 01/31  24:00:00,12.569683660399999,0.0
 02/01  01:00:00,12.569683660399999,0.0
 02/01  02:00:00,12.569683660399999,0.0
 02/01  03:00:00,12.569683660399999,0.0
 02/01  04:00:00,12.569683660399999,0.0
 02/01  05:00:00,12.569683660399999,0.0
 02/01  06:00:00,12.6449930147,2.08080722765
 02/01  07:00:00,29.011636410500003,215.847440611
 02/01  08:00:00,32.6716474666,182.53696959
 02/01  09:00:00,43.0972457874,145.615987652
 02/01  10:00:00,60.2028494753,82.760417591
 02/01  11:00:00,59.8689772929,45.8277327929
 02/01  12:00:00,59.836174704899996,22.9677052612
 02/01  13:00:00,59.836174704899996,11.783526864
 02/01  14:00:00,59.91588730270001,8.89873902546
 02/01  15:00:00,60.198319991999995,6.46821002648
 02/01  16:00:00,60.3611267821,4.25404591753
 02/01  17:00:00,60.455632995200006,3.02743242989
 02/01  18:00:00,60.1466891029,2.65928815093
 02/01  19:00:00,55.479139823900006,3.4809924530800003
 02/01  20:00:00,55.4446742659,4.712035622019999
 02/01  21:00:00,50.427652815100004,15.161021912
 02/01  22:00:00,20.693606815,0.0
 02/01  23:00:00,12.569683660399999,0.0
 02/01  24:00:00,12.569683660399999,0.0
 02/02  01:00:00,12.569683660399999,0.0
 02/02  02:00:00,12.569683660399999,0.0
 02/02  03:00:00,12.569683660399999,0.0
 02/02  04:00:00,12.569683660399999,0.0
 02/02  05:00:00,12.569683660399999,0.0
 02/02  06:00:00,12.569683660399999,0.0
 02/02  07:00:00,28.555548949400002,169.977458674
 02/02  08:00:00,32.2955275821,139.745556971
 02/02  09:00:00,42.756519202,100.5564459
 02/02  10:00:00,59.917711250699995,39.7241613058
 02/02  11:00:00,59.836174704899996,11.3355087398
 02/02  12:00:00,60.332863288999995,6.51706173847
 02/02  13:00:00,61.543615591300004,3.44900938355
 02/02  14:00:00,62.9437416772,0.6102147382850001
 02/02  15:00:00,66.0534402444,0.0
 02/02  16:00:00,68.1301995661,0.0
 02/02  17:00:00,67.5606551929,0.0
 02/02  18:00:00,64.8952389036,0.0
 02/02  19:00:00,57.3983667608,0.0
 02/02  20:00:00,56.507175913599994,0.0
 02/02  21:00:00,51.0383706542,0.0
 02/02  22:00:00,20.693606815,0.0
 02/02  23:00:00,12.569683660399999,0.0
 02/02  24:00:00,12.569683660399999,0.0
 02/03  01:00:00,12.569683660399999,0.0
 02/03  02:00:00,12.569683660399999,0.0
 02/03  03:00:00,12.569683660399999,0.0
 02/03  04:00:00,12.569683660399999,0.0
 02/03  05:00:00,12.569683660399999,0.0
 02/03  06:00:00,12.569683660399999,0.0
 02/03  07:00:00,27.346050881799997,35.9518097309
 02/03  08:00:00,31.3650915948,24.9760413369
 02/03  09:00:00,42.2507651041,15.603135614000001
 02/03  10:00:00,59.83788265020001,2.4392247004799996
 02/03  11:00:00,59.9598894996,0.636848147574
 02/03  12:00:00,61.264212188100004,0.0
 02/03  13:00:00,62.4998198726,0.0
 02/03  14:00:00,66.06087151050001,0.0
 02/03  15:00:00,68.36622534520001,0.0
 02/03  16:00:00,69.8596438425,0.0
 02/03  17:00:00,69.0500365149,0.0
 02/03  18:00:00,65.73621166470001,0.0
 02/03  19:00:00,56.593502927799996,0.0
 02/03  20:00:00,56.6070919063,0.0
 02/03  21:00:00,51.2542722201,0.0
 02/03  22:00:00,20.693606815,0.0
 02/03  23:00:00,12.569683660399999,0.0
 02/03  24:00:00,12.569683660399999,0.0
 02/04  01:00:00,11.9712926821,0.0
 02/04  02:00:00,11.9712926821,0.0
 02/04  03:00:00,11.9712926821,0.0
 02/04  04:00:00,11.9712926821,0.0
 02/04  05:00:00,11.9712926821,0.0
 02/04  06:00:00,11.9712926821,0.0
 02/04  07:00:00,27.120253500300002,63.0866571703
 02/04  08:00:00,26.6925258554,56.6004605788
 02/04  09:00:00,32.5536911036,53.853045395100004
 02/04  10:00:00,47.372049116099994,35.435409537800005
 02/04  11:00:00,59.972805590200004,25.507872225
 02/04  12:00:00,59.848587199099995,14.8740753978
 02/04  13:00:00,59.836174704899996,7.237704599910001
 02/04  14:00:00,59.836174704899996,3.35497914218
 02/04  15:00:00,59.9226001739,2.59047850898
 02/04  16:00:00,59.9775197037,1.99923267133
 02/04  17:00:00,59.9661862293,1.58675459643
 02/04  18:00:00,59.845631214399994,1.83655600257
 02/04  19:00:00,49.0499861484,15.181012369600001
 02/04  20:00:00,40.4306639536,32.8795732378
 02/04  21:00:00,40.5540606624,41.7461809427
 02/04  22:00:00,30.6956512314,64.9401362439
 02/04  23:00:00,11.9712926821,0.0
 02/04  24:00:00,11.9712926821,0.0
 02/05  01:00:00,11.9712926821,0.0
 02/05  02:00:00,11.9712926821,0.0
 02/05  03:00:00,11.9712926821,0.0
 02/05  04:00:00,11.9712926821,0.0
 02/05  05:00:00,11.9712926821,0.0
 02/05  06:00:00,11.9712926821,0.0
 02/05  07:00:00,11.9712926821,0.0
 02/05  08:00:00,7.8382926821000005,0.0
 02/05  09:00:00,23.2489526475,171.00881255299998
 02/05  10:00:00,22.581229695900003,112.776477575
 02/05  11:00:00,37.2405764818,71.945262852
 02/05  12:00:00,37.1446313643,42.9347587841
 02/05  13:00:00,47.1786742659,17.048087106500002
 02/05  14:00:00,47.3971502531,7.259681574310001
 02/05  15:00:00,47.9382414835,4.5452381311800005
 02/05  16:00:00,48.1728359612,2.84005016927
 02/05  17:00:00,48.2198879154,1.5251890224899998
 02/05  18:00:00,37.3997839719,2.89348738231
 02/05  19:00:00,33.998921796,4.84274252096
 02/05  20:00:00,11.9712926821,0.0
 02/05  21:00:00,11.9712926821,0.0
 02/05  22:00:00,11.9712926821,0.0
 02/05  23:00:00,11.9712926821,0.0
 02/05  24:00:00,11.9712926821,0.0
 02/06  01:00:00,12.569683660399999,0.0
 02/06  02:00:00,12.569683660399999,0.0
 02/06  03:00:00,12.569683660399999,0.0
 02/06  04:00:00,12.569683660399999,0.0
 02/06  05:00:00,12.569683660399999,0.0
 02/06  06:00:00,12.569683660399999,0.0
 02/06  07:00:00,28.432455946199997,159.24483254700002
 02/06  08:00:00,30.848977878400003,133.845321195
 02/06  09:00:00,42.8258179059,112.668816154
 02/06  10:00:00,60.2031417883,84.8629542856
 02/06  11:00:00,59.9432373388,68.0442822542
 02/06  12:00:00,59.836174704899996,48.2155510639
 02/06  13:00:00,59.836174704899996,35.975172478299996
 02/06  14:00:00,59.836174704899996,25.4970982237
 02/06  15:00:00,59.836174704899996,17.0330109848
 02/06  16:00:00,59.836174704899996,9.490541925139999
 02/06  17:00:00,59.8365286516,7.01014729658
 02/06  18:00:00,59.836174704899996,11.9754041105
 02/06  19:00:00,54.067007599200004,31.561838130399998
 02/06  20:00:00,55.5591318481,56.621167578000005
 02/06  21:00:00,50.7386469128,74.1974344054
 02/06  22:00:00,20.693606815,0.0
 02/06  23:00:00,12.569683660399999,0.0
 02/06  24:00:00,12.569683660399999,0.0
 02/07  01:00:00,12.569683660399999,0.0
 02/07  02:00:00,12.569683660399999,0.0
 02/07  03:00:00,12.569683660399999,0.0
 02/07  04:00:00,12.569683660399999,0.0
 02/07  05:00:00,12.569683660399999,0.0
 02/07  06:00:00,12.569683660399999,0.0
 02/07  07:00:00,28.773223993200002,193.516234722
 02/07  08:00:00,30.9969694849,141.969297445
 02/07  09:00:00,43.0730705322,112.443332449
 02/07  10:00:00,60.437868369200004,81.0852163486
 02/07  11:00:00,59.9649285832,49.544772961099994
 02/07  12:00:00,59.836174704899996,17.064171391
 02/07  13:00:00,59.91630189600001,9.32535777858
 02/07  14:00:00,60.298219161300004,6.41650482627
 02/07  15:00:00,60.585891894300005,3.6837119918699996
 02/07  16:00:00,60.9932889862,1.28031902448
 02/07  17:00:00,60.87830131649999,0.5824325865300001
 02/07  18:00:00,60.2391542444,0.959458211879
 02/07  19:00:00,54.208764358500005,1.3824346657299997
 02/07  20:00:00,55.4548757851,1.9973749115200001
 02/07  21:00:00,50.427652815100004,3.6476514203
 02/07  22:00:00,20.693606815,0.0
 02/07  23:00:00,12.569683660399999,0.0
 02/07  24:00:00,12.569683660399999,0.0
 02/08  01:00:00,12.569683660399999,0.0
 02/08  02:00:00,12.569683660399999,0.0
 02/08  03:00:00,12.569683660399999,0.0
 02/08  04:00:00,12.569683660399999,0.0
 02/08  05:00:00,12.569683660399999,0.0
 02/08  06:00:00,12.569683660399999,0.0
 02/08  07:00:00,28.5942754675,170.355880192
 02/08  08:00:00,31.0041737456,147.96044547
 02/08  09:00:00,42.904639062,116.432256853
 02/08  10:00:00,60.2524676783,83.4781733746
 02/08  11:00:00,60.036730436099994,72.9082119258
 02/08  12:00:00,59.845000972600005,55.2880127519
 02/08  13:00:00,59.836174704899996,47.289866664399995
 02/08  14:00:00,59.836174704899996,38.029125863699996
 02/08  15:00:00,59.836174704899996,30.7068616661
 02/08  16:00:00,59.836174704899996,23.1534158375
 02/08  17:00:00,59.836174704899996,24.074848541599998
 02/08  18:00:00,59.836174704899996,31.7978345724
 02/08  19:00:00,54.1484976095,44.04084507899999
 02/08  20:00:00,55.715873125200005,59.2129117919
 02/08  21:00:00,50.8094381558,70.7683421786
 02/08  22:00:00,20.693606815,0.0
 02/08  23:00:00,12.569683660399999,0.0
 02/08  24:00:00,12.569683660399999,0.0
 02/09  01:00:00,12.569683660399999,0.0
 02/09  02:00:00,12.569683660399999,0.0
 02/09  03:00:00,12.569683660399999,0.0
 02/09  04:00:00,12.569683660399999,0.0
 02/09  05:00:00,12.674479670799998,2.90408902764
 02/09  06:00:00,12.7811562384,3.9019971854400004
 02/09  07:00:00,29.090805991999996,217.54444903
 02/09  08:00:00,31.374576851300002,184.369732313
 02/09  09:00:00,43.2860284614,158.575215945
 02/09  10:00:00,60.571209204,123.733940992
 02/09  11:00:00,60.292942240900004,104.508226314
 02/09  12:00:00,60.0060173104,77.96001787739999
 02/09  13:00:00,59.8392457551,56.859676113599996
 02/09  14:00:00,59.836174704899996,41.3052858939
 02/09  15:00:00,59.836174704899996,28.2721017207
 02/09  16:00:00,59.836174704899996,16.0665584349
 02/09  17:00:00,59.836174704899996,14.402635056
 02/09  18:00:00,59.836174704899996,25.288369203400002
 02/09  19:00:00,54.1645358254,38.2191607179
 02/09  20:00:00,55.6631597063,48.7878022343
 02/09  21:00:00,50.7077535239,54.486392766099996
 02/09  22:00:00,20.693606815,0.0
 02/09  23:00:00,12.569683660399999,0.0
 02/09  24:00:00,12.569683660399999,0.0
 02/10  01:00:00,12.569683660399999,0.0
 02/10  02:00:00,12.569683660399999,0.0
 02/10  03:00:00,12.569683660399999,0.0
 02/10  04:00:00,12.569683660399999,0.0
 02/10  05:00:00,12.569683660399999,0.0
 02/10  06:00:00,12.569683660399999,0.0
 02/10  07:00:00,28.2252806625,127.167670032
 02/10  08:00:00,30.6166395738,95.68089451120001
 02/10  09:00:00,42.6602241322,65.14340858189999
 02/10  10:00:00,60.0174849661,22.4642638571
 02/10  11:00:00,59.836174704899996,8.65121210491
 02/10  12:00:00,59.836174704899996,6.40407310401
 02/10  13:00:00,60.033396610299995,4.02848120871
 02/10  14:00:00,60.4633722511,2.0726448513599998
 02/10  15:00:00,60.4132089901,0.629125959176
 02/10  16:00:00,60.47684782939999,0.0
 02/10  17:00:00,60.430660153199995,0.0
 02/10  18:00:00,60.2793159501,0.0
 02/10  19:00:00,54.27925268520001,0.0
 02/10  20:00:00,55.5057930551,0.0
 02/10  21:00:00,50.427652815100004,0.0
 02/10  22:00:00,20.693606815,0.0
 02/10  23:00:00,12.569683660399999,0.0
 02/10  24:00:00,12.569683660399999,0.0
 02/11  01:00:00,11.9712926821,0.0
 02/11  02:00:00,11.9712926821,0.0
 02/11  03:00:00,11.9712926821,0.0
 02/11  04:00:00,11.9712926821,0.0
 02/11  05:00:00,11.9712926821,0.0
 02/11  06:00:00,11.9712926821,0.0
 02/11  07:00:00,26.6556162759,2.3979482717700003
 02/11  08:00:00,24.8489003452,0.38301939199900004
 02/11  09:00:00,32.1276099135,0.0
 02/11  10:00:00,47.1786742659,0.0
 02/11  11:00:00,60.13848049520001,0.0
 02/11  12:00:00,60.4322447954,0.0
 02/11  13:00:00,61.1137526223,0.0
 02/11  14:00:00,62.7129944889,0.0
 02/11  15:00:00,64.0475132974,0.0
 02/11  16:00:00,64.3847848685,0.0
 02/11  17:00:00,63.5370059858,0.0
 02/11  18:00:00,61.589232601599996,0.0
 02/11  19:00:00,49.2293828146,0.0
 02/11  20:00:00,40.4145989553,0.0
 02/11  21:00:00,40.3936099135,0.0
 02/11  22:00:00,30.384949912,0.0
 02/11  23:00:00,11.9712926821,0.0
 02/11  24:00:00,11.9712926821,0.0
 02/12  01:00:00,11.9712926821,0.0
 02/12  02:00:00,11.9712926821,0.0
 02/12  03:00:00,11.9712926821,0.0
 02/12  04:00:00,11.9712926821,0.0
 02/12  05:00:00,11.9712926821,0.0
 02/12  06:00:00,11.9712926821,0.0
 02/12  07:00:00,11.9712926821,0.0
 02/12  08:00:00,6.46062601543,0.0
 02/12  09:00:00,22.9212605017,107.481841122
 02/12  10:00:00,22.5393631145,80.5379734437
 02/12  11:00:00,37.339773483,59.1098847675
 02/12  12:00:00,37.150290924699995,43.306303421
 02/12  13:00:00,47.1786742659,24.1270435984
 02/12  14:00:00,47.1786742659,13.973945069100001
 02/12  15:00:00,47.1882500144,4.3316188025199995
 02/12  16:00:00,47.25236280359999,2.6844289297
 02/12  17:00:00,47.2256527075,2.24600605826
 02/12  18:00:00,37.1446313643,9.326895043230001
 02/12  19:00:00,33.998921796,25.3797551937
 02/12  20:00:00,11.9712926821,0.0
 02/12  21:00:00,11.9712926821,0.0
 02/12  22:00:00,11.9712926821,0.0
 02/12  23:00:00,11.9712926821,0.0
 02/12  24:00:00,11.9712926821,0.0
 02/13  01:00:00,12.569683660399999,0.0
 02/13  02:00:00,12.569683660399999,0.0
 02/13  03:00:00,12.569683660399999,0.0
 02/13  04:00:00,12.569683660399999,0.0
 02/13  05:00:00,12.569683660399999,0.0
 02/13  06:00:00,12.569683660399999,0.0
 02/13  07:00:00,27.9758240888,99.2933215901
 02/13  08:00:00,30.469534638699997,76.1511178709
 02/13  09:00:00,42.7005793743,65.0499998342
 02/13  10:00:00,60.2601222834,46.658917709099995
 02/13  11:00:00,60.1755295326,39.8799183969
 02/13  12:00:00,59.930536459399995,26.419444254499997
 02/13  13:00:00,59.897595998599996,19.9271458063
 02/13  14:00:00,59.9221800378,11.2410174777
 02/13  15:00:00,59.931518241199996,8.291499556880002
 02/13  16:00:00,59.9925733143,11.486066870899998
 02/13  17:00:00,60.0796776092,19.4102517545
 02/13  18:00:00,60.153760814099996,26.109069945300003
 02/13  19:00:00,54.427072698,30.881062212699998
 02/13  20:00:00,55.8524711084,37.8398393133
 02/13  21:00:00,50.8563873353,41.5241735379
 02/13  22:00:00,20.693606815,0.0
 02/13  23:00:00,12.569683660399999,0.0
 02/13  24:00:00,12.569683660399999,0.0
 02/14  01:00:00,12.569683660399999,0.0
 02/14  02:00:00,12.569683660399999,0.0
 02/14  03:00:00,12.569683660399999,0.0
 02/14  04:00:00,12.569683660399999,0.0
 02/14  05:00:00,12.569683660399999,0.0
 02/14  06:00:00,12.569683660399999,0.0
 02/14  07:00:00,28.3372300957,111.50217209200001
 02/14  08:00:00,30.710830461,84.9465907103
 02/14  09:00:00,42.7557399191,62.907768373100005
 02/14  10:00:00,60.217195487,31.276701880900003
 02/14  11:00:00,59.8736073104,12.421735838399998
 02/14  12:00:00,59.836174704899996,5.361092020309999
 02/14  13:00:00,59.913280280900004,3.0437464524699998
 02/14  14:00:00,60.343163930799996,0.602809484227
 02/14  15:00:00,60.9557450437,0.0
 02/14  16:00:00,62.2375218412,0.0
 02/14  17:00:00,63.3189872392,0.0
 02/14  18:00:00,62.664186663500004,0.0
 02/14  19:00:00,53.56232384770001,0.0
 02/14  20:00:00,55.8471447003,0.0
 02/14  21:00:00,50.6773858483,0.0
 02/14  22:00:00,20.693606815,0.0
 02/14  23:00:00,12.569683660399999,0.0
 02/14  24:00:00,12.569683660399999,0.0
 02/15  01:00:00,12.569683660399999,0.0
 02/15  02:00:00,12.569683660399999,0.0
 02/15  03:00:00,12.569683660399999,0.0
 02/15  04:00:00,12.569683660399999,0.0
 02/15  05:00:00,12.569683660399999,0.0
 02/15  06:00:00,12.569683660399999,0.0
 02/15  07:00:00,27.412955880300004,22.0339447242
 02/15  08:00:00,30.006691067800002,11.2691613222
 02/15  09:00:00,42.2394603313,1.5499038173100002
 02/15  10:00:00,59.836174704899996,0.0
 02/15  11:00:00,59.836174704899996,0.0
 02/15  12:00:00,59.982888627799994,0.0
 02/15  13:00:00,60.1828032069,0.0
 02/15  14:00:00,60.350112727399996,0.0
 02/15  15:00:00,61.2728420989,0.0
 02/15  16:00:00,61.9259835246,0.0
 02/15  17:00:00,60.5304084193,0.0
 02/15  18:00:00,60.2042066617,0.0
 02/15  19:00:00,52.85256260479999,0.0
 02/15  20:00:00,55.45618860810001,0.0
 02/15  21:00:00,50.427652815100004,0.0
 02/15  22:00:00,20.693606815,0.0
 02/15  23:00:00,12.569683660399999,0.0
 02/15  24:00:00,12.569683660399999,0.0
 02/16  01:00:00,12.569683660399999,0.0
 02/16  02:00:00,12.569683660399999,0.0
 02/16  03:00:00,12.569683660399999,0.0
 02/16  04:00:00,12.569683660399999,0.0
 02/16  05:00:00,12.569683660399999,0.0
 02/16  06:00:00,12.569683660399999,0.0
 02/16  07:00:00,27.3130094632,0.280179035395
 02/16  08:00:00,29.9233028658,0.0
 02/16  09:00:00,42.192914938200005,0.0
 02/16  10:00:00,59.836174704899996,0.0
 02/16  11:00:00,59.9029326876,0.0
 02/16  12:00:00,60.3211100185,0.0
 02/16  13:00:00,61.6049655002,0.0
 02/16  14:00:00,62.633074736400005,0.0
 02/16  15:00:00,63.4658615954,0.0
 02/16  16:00:00,64.7595224968,0.0
 02/16  17:00:00,64.7826116178,0.0
 02/16  18:00:00,62.1223767122,0.0
 02/16  19:00:00,53.031925091400005,0.0
 02/16  20:00:00,55.5754311681,0.0
 02/16  21:00:00,50.4315850185,0.0
 02/16  22:00:00,20.693606815,0.0
 02/16  23:00:00,12.569683660399999,0.0
 02/16  24:00:00,12.569683660399999,0.0
 02/17  01:00:00,12.569683660399999,0.0
 02/17  02:00:00,12.569683660399999,0.0
 02/17  03:00:00,12.569683660399999,0.0
 02/17  04:00:00,12.569683660399999,0.0
 02/17  05:00:00,12.569683660399999,0.0
 02/17  06:00:00,12.569683660399999,0.0
 02/17  07:00:00,27.365922532,0.7426979613249999
 02/17  08:00:00,29.9557528381,0.0
 02/17  09:00:00,42.2104355282,0.0
 02/17  10:00:00,59.836174704899996,0.0
 02/17  11:00:00,59.86085331020001,0.0
 02/17  12:00:00,60.184979767899996,0.0
 02/17  13:00:00,60.8370697091,0.0
 02/17  14:00:00,64.1208600765,0.0
 02/17  15:00:00,68.75638478100001,0.0
 02/17  16:00:00,71.2391504817,0.0
 02/17  17:00:00,69.1355201623,0.0
 02/17  18:00:00,66.2180146684,0.0
 02/17  19:00:00,56.63934105,0.0
 02/17  20:00:00,56.3880777996,0.0
 02/17  21:00:00,50.8247977828,0.0
 02/17  22:00:00,20.693606815,0.0
 02/17  23:00:00,12.569683660399999,0.0
 02/17  24:00:00,12.569683660399999,0.0
 02/18  01:00:00,11.9712926821,0.0
 02/18  02:00:00,11.9712926821,0.0
 02/18  03:00:00,11.9712926821,0.0
 02/18  04:00:00,11.9712926821,0.0
 02/18  05:00:00,11.9712926821,0.0
 02/18  06:00:00,11.9712926821,0.0
 02/18  07:00:00,26.687960064400002,0.0
 02/18  08:00:00,23.520434073,0.0
 02/18  09:00:00,32.1424453875,0.0
 02/18  10:00:00,47.1786742659,0.0
 02/18  11:00:00,59.9254076625,0.0
 02/18  12:00:00,60.0384727204,0.0
 02/18  13:00:00,60.0635858674,0.0
 02/18  14:00:00,60.0796052642,0.0
 02/18  15:00:00,60.6181499208,0.0
 02/18  16:00:00,62.879820529499995,0.0
 02/18  17:00:00,62.753707714700006,0.0
 02/18  18:00:00,60.550803682799994,0.0
 02/18  19:00:00,47.6744670443,0.0
 02/18  20:00:00,40.3936099135,0.0
 02/18  21:00:00,40.3936099135,0.0
 02/18  22:00:00,30.366079016799997,0.0
 02/18  23:00:00,11.9712926821,0.0
 02/18  24:00:00,11.9712926821,0.0
 02/19  01:00:00,11.9712926821,0.0
 02/19  02:00:00,11.9712926821,0.0
 02/19  03:00:00,11.9712926821,0.0
 02/19  04:00:00,11.9712926821,0.0
 02/19  05:00:00,11.9712926821,0.0
 02/19  06:00:00,11.9712926821,0.0
 02/19  07:00:00,11.9712926821,0.0
 02/19  08:00:00,5.082959348769999,0.0
 02/19  09:00:00,22.4695397638,30.5515284602
 02/19  10:00:00,22.3984553118,23.8106162925
 02/19  11:00:00,37.3904206597,14.472545158299999
 02/19  12:00:00,37.3321512434,9.86906493407
 02/19  13:00:00,47.3053496516,1.4375035187
 02/19  14:00:00,47.28085275,0.9026741198289999
 02/19  15:00:00,47.256953727299994,0.16930342419799999
 02/19  16:00:00,47.2449904609,0.0
 02/19  17:00:00,47.2495526052,0.0
 02/19  18:00:00,37.1672941889,2.68248026821
 02/19  19:00:00,32.6930376417,11.5815276031
 02/19  20:00:00,11.9712926821,0.0
 02/19  21:00:00,11.9712926821,0.0
 02/19  22:00:00,11.9712926821,0.0
 02/19  23:00:00,11.9712926821,0.0
 02/19  24:00:00,11.9712926821,0.0
 02/20  01:00:00,11.9712926821,0.0
 02/20  02:00:00,11.9712926821,0.0
 02/20  03:00:00,11.9712926821,0.0
 02/20  04:00:00,11.9712926821,0.0
 02/20  05:00:00,11.9712926821,0.0
 02/20  06:00:00,11.9712926821,0.0
 02/20  07:00:00,11.9712926821,0.0
 02/20  08:00:00,5.082959348769999,0.0
 02/20  09:00:00,22.732368327800003,54.2542083513
 02/20  10:00:00,22.5348147815,33.9966806407
 02/20  11:00:00,37.4618918205,18.298891097000002
 02/20  12:00:00,37.3308707498,7.940557694419999
 02/20  13:00:00,47.180016212,1.7489514715599999
 02/20  14:00:00,47.2643844478,0.188474183059
 02/20  15:00:00,47.52540626890001,0.0
 02/20  16:00:00,47.625904479,0.0
 02/20  17:00:00,47.7229974184,0.0
 02/20  18:00:00,37.2651534214,0.0
 02/20  19:00:00,32.6212551294,0.194944934553
 02/20  20:00:00,11.9712926821,0.0
 02/20  21:00:00,11.9712926821,0.0
 02/20  22:00:00,11.9712926821,0.0
 02/20  23:00:00,11.9712926821,0.0
 02/20  24:00:00,11.9712926821,0.0
 02/21  01:00:00,12.569683660399999,0.0
 02/21  02:00:00,12.569683660399999,0.0
 02/21  03:00:00,12.569683660399999,0.0
 02/21  04:00:00,12.569683660399999,0.0
 02/21  05:00:00,12.569683660399999,0.0
 02/21  06:00:00,12.569683660399999,0.0
 02/21  07:00:00,27.9536084596,83.4483336811
 02/21  08:00:00,28.9802867224,58.187723250299996
 02/21  09:00:00,42.3618776921,33.2807853731
 02/21  10:00:00,59.836174704899996,5.669352271189999
 02/21  11:00:00,59.9191941494,2.42129872575
 02/21  12:00:00,60.483223394,0.354399863665
 02/21  13:00:00,61.029278263,0.0
 02/21  14:00:00,61.435804319,0.0
 02/21  15:00:00,61.92978838649999,0.0
 02/21  16:00:00,63.0598156051,0.0
 02/21  17:00:00,63.336344735,0.0
 02/21  18:00:00,62.1804576411,0.0
 02/21  19:00:00,53.5833413807,0.0
 02/21  20:00:00,55.7773971269,0.0
 02/21  21:00:00,50.4568032834,1.0443833552
 02/21  22:00:00,20.693606815,0.0
 02/21  23:00:00,12.569683660399999,0.0
 02/21  24:00:00,12.569683660399999,0.0
 02/22  01:00:00,12.569683660399999,0.0
 02/22  02:00:00,12.569683660399999,0.0
 02/22  03:00:00,12.569683660399999,0.0
 02/22  04:00:00,12.569683660399999,0.0
 02/22  05:00:00,12.569683660399999,0.0
 02/22  06:00:00,12.569683660399999,0.0
 02/22  07:00:00,28.3148035225,144.161353772
 02/22  08:00:00,29.347647213800002,119.268987084
 02/22  09:00:00,42.6181365041,78.5134231519
 02/22  10:00:00,59.8990717695,34.2414505917
 02/22  11:00:00,59.836174704899996,19.648521247799998
 02/22  12:00:00,59.902086811400004,5.945909615980001
 02/22  13:00:00,60.2409572423,3.65112264857
 02/22  14:00:00,60.82823535479999,1.33025887607
 02/22  15:00:00,61.3234993424,0.0
 02/22  16:00:00,62.278368830699996,0.0
 02/22  17:00:00,63.39605553,0.0
 02/22  18:00:00,61.5397359817,0.0
 02/22  19:00:00,53.113365076499996,0.0
 02/22  20:00:00,55.5186096858,0.36861762655599994
 02/22  21:00:00,50.427652815100004,1.77314071686
 02/22  22:00:00,20.693606815,0.0
 02/22  23:00:00,12.569683660399999,0.0
 02/22  24:00:00,12.569683660399999,0.0
 02/23  01:00:00,12.569683660399999,0.0
 02/23  02:00:00,12.569683660399999,0.0
 02/23  03:00:00,12.569683660399999,0.0
 02/23  04:00:00,12.569683660399999,0.0
 02/23  05:00:00,12.569683660399999,0.0
 02/23  06:00:00,12.569683660399999,0.0
 02/23  07:00:00,28.1401663545,125.11541336100001
 02/23  08:00:00,29.1803920428,94.29430465450001
 02/23  09:00:00,42.653754039,70.0559519711
 02/23  10:00:00,59.981441215100006,34.406983358299996
 02/23  11:00:00,59.836174704899996,11.0350438321
 02/23  12:00:00,59.9089195321,4.357497712230001
 02/23  13:00:00,60.3437434803,1.9021610463099998
 02/23  14:00:00,60.871857107,0.103725649639
 02/23  15:00:00,61.9303607746,0.0
 02/23  16:00:00,62.627151491599996,0.0
 02/23  17:00:00,61.2908278563,0.0
 02/23  18:00:00,60.42166031359999,0.0
 02/23  19:00:00,52.9396145901,0.0
 02/23  20:00:00,55.4700376374,0.0
 02/23  21:00:00,50.427652815100004,0.22169585502300002
 02/23  22:00:00,20.693606815,0.0
 02/23  23:00:00,12.569683660399999,0.0
 02/23  24:00:00,12.569683660399999,0.0
 02/24  01:00:00,12.569683660399999,0.0
 02/24  02:00:00,12.569683660399999,0.0
 02/24  03:00:00,12.569683660399999,0.0
 02/24  04:00:00,12.569683660399999,0.0
 02/24  05:00:00,12.569683660399999,0.0
 02/24  06:00:00,12.569683660399999,0.0
 02/24  07:00:00,28.009544659699998,97.0512824042
 02/24  08:00:00,29.0592702071,74.0475431668
 02/24  09:00:00,42.3685811043,35.8763363642
 02/24  10:00:00,59.836174704899996,3.97478856819
 02/24  11:00:00,60.1944066168,1.27178649973
 02/24  12:00:00,61.5143790582,0.0
 02/24  13:00:00,63.9694661268,0.0
 02/24  14:00:00,66.9559012852,0.0
 02/24  15:00:00,68.5903111651,0.0
 02/24  16:00:00,69.8851175772,0.0
 02/24  17:00:00,68.9319028791,0.0
 02/24  18:00:00,66.27252304,0.0
 02/24  19:00:00,55.652731977799995,0.0
 02/24  20:00:00,56.3718136845,0.0
 02/24  21:00:00,50.8829740284,0.0
 02/24  22:00:00,20.693606815,0.0
 02/24  23:00:00,12.569683660399999,0.0
 02/24  24:00:00,12.569683660399999,0.0
 02/25  01:00:00,11.9712926821,0.0
 02/25  02:00:00,11.9712926821,0.0
 02/25  03:00:00,11.9712926821,0.0
 02/25  04:00:00,11.9712926821,0.0
 02/25  05:00:00,11.9712926821,0.0
 02/25  06:00:00,11.9712926821,0.0
 02/25  07:00:00,27.577087158,127.528717774
 02/25  08:00:00,24.247435608000004,108.52471167799999
 02/25  09:00:00,32.5123248483,68.8207017233
 02/25  10:00:00,47.20864816180001,28.3627147877
 02/25  11:00:00,59.836174704899996,9.07500064388
 02/25  12:00:00,60.084120067200004,3.1152002351999997
 02/25  13:00:00,60.753907556,0.824542402928
 02/25  14:00:00,61.3411511849,0.0
 02/25  15:00:00,62.6136754393,0.0
 02/25  16:00:00,64.6871120414,0.0
 02/25  17:00:00,65.3336942617,0.0
 02/25  18:00:00,63.867285183199996,0.0
 02/25  19:00:00,48.2640772514,0.0
 02/25  20:00:00,40.4003301135,0.134939517999
 02/25  21:00:00,40.3936099135,2.2452444853999998
 02/25  22:00:00,30.3595670119,23.556093301999997
 02/25  23:00:00,11.9712926821,0.0
 02/25  24:00:00,11.9712926821,0.0
 02/26  01:00:00,11.9712926821,0.0
 02/26  02:00:00,11.9712926821,0.0
 02/26  03:00:00,11.9712926821,0.0
 02/26  04:00:00,11.9712926821,0.0
 02/26  05:00:00,11.9712926821,0.0
 02/26  06:00:00,11.9712926821,0.0
 02/26  07:00:00,11.9712926821,0.0
 02/26  08:00:00,5.082959348769999,0.0
 02/26  09:00:00,22.769594731199998,107.305954935
 02/26  10:00:00,22.2275388056,44.8166404666
 02/26  11:00:00,37.1446313643,9.790501326360001
 02/26  12:00:00,37.227185870999996,4.1955011601
 02/26  13:00:00,48.3336519258,0.570191073143
 02/26  14:00:00,49.1884450305,0.0
 02/26  15:00:00,51.16070418859999,0.0
 02/26  16:00:00,52.84118694479999,0.0
 02/26  17:00:00,53.2084654792,0.0
 02/26  18:00:00,40.7042800651,0.0
 02/26  19:00:00,33.2589484335,0.0
 02/26  20:00:00,11.9712926821,0.0
 02/26  21:00:00,11.9712926821,0.0
 02/26  22:00:00,11.9712926821,0.0
 02/26  23:00:00,11.9712926821,0.0
 02/26  24:00:00,11.9712926821,0.0
 02/27  01:00:00,12.569683660399999,0.0
 02/27  02:00:00,12.569683660399999,0.0
 02/27  03:00:00,12.569683660399999,0.0
 02/27  04:00:00,12.569683660399999,0.0
 02/27  05:00:00,12.569683660399999,0.0
 02/27  06:00:00,12.569683660399999,0.0
 02/27  07:00:00,27.3864812676,27.217851222600004
 02/27  08:00:00,28.631275276,19.0840795855
 02/27  09:00:00,42.2174831043,5.8929518703
 02/27  10:00:00,60.006988354300006,0.127424956613
 02/27  11:00:00,60.8310132876,0.0
 02/27  12:00:00,61.9984388874,0.0
 02/27  13:00:00,64.0391023618,0.0
 02/27  14:00:00,65.9925719208,0.0
 02/27  15:00:00,66.68283770800001,0.0
 02/27  16:00:00,66.8021214012,0.0
 02/27  17:00:00,65.6493138409,0.0
 02/27  18:00:00,64.2948073741,0.0
 02/27  19:00:00,53.8024036121,0.0
 02/27  20:00:00,56.0235543924,0.0
 02/27  21:00:00,50.7153374973,0.0
 02/27  22:00:00,20.693606815,0.0
 02/27  23:00:00,12.569683660399999,0.0
 02/27  24:00:00,12.569683660399999,0.0
 02/28  01:00:00,12.569683660399999,0.0
 02/28  02:00:00,12.569683660399999,0.0
 02/28  03:00:00,12.569683660399999,0.0
 02/28  04:00:00,12.569683660399999,0.0
 02/28  05:00:00,12.569683660399999,0.0
 02/28  06:00:00,12.569683660399999,0.0
 02/28  07:00:00,27.446727661599997,20.2755494232
 02/28  08:00:00,27.2470131377,7.914276544580001
 02/28  09:00:00,42.2176741752,0.04395708344719999
 02/28  10:00:00,59.836174704899996,0.0
 02/28  11:00:00,59.9046120457,0.0
 02/28  12:00:00,60.3759068716,0.0
 02/28  13:00:00,60.4828119254,0.0
 02/28  14:00:00,60.4044418584,0.0
 02/28  15:00:00,60.114624491899995,0.0
 02/28  16:00:00,60.10563923,0.0
 02/28  17:00:00,60.1702120793,0.0
 02/28  18:00:00,60.0958698765,0.0
 02/28  19:00:00,51.39930772060001,0.0
 02/28  20:00:00,55.4446742659,0.0
 02/28  21:00:00,50.427652815100004,0.0
 02/28  22:00:00,20.693606815,0.0
 02/28  23:00:00,12.569683660399999,0.0
 02/28  24:00:00,12.569683660399999,0.0
 03/01  01:00:00,12.569683660399999,0.0
 03/01  02:00:00,12.569683660399999,0.0
 03/01  03:00:00,12.569683660399999,0.0
 03/01  04:00:00,12.569683660399999,0.0
 03/01  05:00:00,12.569683660399999,0.0
 03/01  06:00:00,12.569683660399999,0.0
 03/01  07:00:00,27.710752807,36.7726095948
 03/01  08:00:00,27.4368994744,19.3842875442
 03/01  09:00:00,42.3874173932,5.6989768523399995
 03/01  10:00:00,59.9332229395,0.21008801010400002
 03/01  11:00:00,59.843386742,0.0
 03/01  12:00:00,60.0402823365,0.0
 03/01  13:00:00,61.2750915397,0.0
 03/01  14:00:00,62.55068678600001,0.0
 03/01  15:00:00,64.1655936046,0.0
 03/01  16:00:00,65.0426501217,0.0
 03/01  17:00:00,64.41576191840001,0.0
 03/01  18:00:00,63.7035617676,0.0
 03/01  19:00:00,54.434066270600006,0.0
 03/01  20:00:00,57.2708358795,0.0
 03/01  21:00:00,51.647273508299996,0.0
 03/01  22:00:00,20.693606815,0.0
 03/01  23:00:00,12.569683660399999,0.0
 03/01  24:00:00,12.569683660399999,0.0
 03/02  01:00:00,12.569683660399999,0.0
 03/02  02:00:00,12.569683660399999,0.0
 03/02  03:00:00,12.569683660399999,0.0
 03/02  04:00:00,12.569683660399999,0.0
 03/02  05:00:00,12.569683660399999,0.0
 03/02  06:00:00,12.569683660399999,0.0
 03/02  07:00:00,27.4467004109,3.0546333481800003
 03/02  08:00:00,27.2907155958,0.8462900118150001
 03/02  09:00:00,42.3416476919,0.6077028864280001
 03/02  10:00:00,59.9689996914,0.0
 03/02  11:00:00,59.9529284232,0.0
 03/02  12:00:00,59.931896861999995,0.0
 03/02  13:00:00,59.9314667668,0.0
 03/02  14:00:00,59.8905452459,0.0
 03/02  15:00:00,59.840508750299996,0.0
 03/02  16:00:00,59.836174704899996,0.0
 03/02  17:00:00,59.836174704899996,0.0
 03/02  18:00:00,59.836174704899996,0.0
 03/02  19:00:00,51.3130553071,0.0
 03/02  20:00:00,55.500143693000005,0.0
 03/02  21:00:00,50.5478579501,0.0126555381716
 03/02  22:00:00,20.693606815,0.0
 03/02  23:00:00,12.569683660399999,0.0
 03/02  24:00:00,12.569683660399999,0.0
 03/03  01:00:00,12.569683660399999,0.0
 03/03  02:00:00,12.569683660399999,0.0
 03/03  03:00:00,12.569683660399999,0.0
 03/03  04:00:00,12.569683660399999,0.0
 03/03  05:00:00,12.569683660399999,0.0
 03/03  06:00:00,12.569683660399999,0.0
 03/03  07:00:00,27.550222228200003,9.502714678119998
 03/03  08:00:00,27.2713596667,1.2323840156499999
 03/03  09:00:00,42.2117593858,0.0
 03/03  10:00:00,59.8620914713,0.0
 03/03  11:00:00,60.252755792600006,0.0
 03/03  12:00:00,60.1705683561,0.0
 03/03  13:00:00,60.0661130444,0.0
 03/03  14:00:00,61.5355310541,0.0
 03/03  15:00:00,62.738585817,0.0
 03/03  16:00:00,64.0285513244,0.0
 03/03  17:00:00,63.8420475473,0.0
 03/03  18:00:00,62.2450160911,0.0
 03/03  19:00:00,51.896815681499994,0.0
 03/03  20:00:00,55.5335304637,0.0
 03/03  21:00:00,50.427652815100004,0.0
 03/03  22:00:00,20.693606815,0.0
 03/03  23:00:00,12.569683660399999,0.0
 03/03  24:00:00,12.569683660399999,0.0
 03/04  01:00:00,11.9712926821,0.0
 03/04  02:00:00,11.9712926821,0.0
 03/04  03:00:00,11.9712926821,0.0
 03/04  04:00:00,11.9712926821,0.0
 03/04  05:00:00,11.9712926821,0.0
 03/04  06:00:00,11.9712926821,0.0
 03/04  07:00:00,27.412569693400002,80.3142582187
 03/04  08:00:00,22.7293874523,65.6082795667
 03/04  09:00:00,32.699064457199995,57.6799926203
 03/04  10:00:00,47.653035417,42.6992586881
 03/04  11:00:00,60.189949265500005,30.2156461384
 03/04  12:00:00,59.889272257200005,13.310945641400002
 03/04  13:00:00,59.836174704899996,3.5333048398
 03/04  14:00:00,59.845957681499996,1.5094400089
 03/04  15:00:00,60.049422467700005,0.24641663383499998
 03/04  16:00:00,60.2104452596,0.0
 03/04  17:00:00,60.2898919379,0.0
 03/04  18:00:00,60.1750192413,0.0
 03/04  19:00:00,46.2946528151,0.0
 03/04  20:00:00,40.3936099135,3.7895693105699997
 03/04  21:00:00,40.4445588925,20.942994863499997
 03/04  22:00:00,30.5819699543,41.0901202815
 03/04  23:00:00,11.9712926821,0.0
 03/04  24:00:00,11.9712926821,0.0
 03/05  01:00:00,11.9712926821,0.0
 03/05  02:00:00,11.9712926821,0.0
 03/05  03:00:00,11.9712926821,0.0
 03/05  04:00:00,11.9712926821,0.0
 03/05  05:00:00,11.9712926821,0.0
 03/05  06:00:00,11.9712926821,0.0
 03/05  07:00:00,11.9712926821,0.0
 03/05  08:00:00,3.7052926820999996,0.0
 03/05  09:00:00,22.8661294033,111.665578456
 03/05  10:00:00,22.283348469299998,53.7555727184
 03/05  11:00:00,37.1446313643,20.4327052207
 03/05  12:00:00,37.1446313643,6.84637285533
 03/05  13:00:00,47.4351195571,2.9408930646499996
 03/05  14:00:00,47.855582554899996,0.42284050348200003
 03/05  15:00:00,48.3105817414,0.0
 03/05  16:00:00,48.9900883304,0.0
 03/05  17:00:00,49.31527454689999,0.0
 03/05  18:00:00,37.8960126454,0.0
 03/05  19:00:00,31.3308025215,0.0
 03/05  20:00:00,11.9712926821,0.0
 03/05  21:00:00,11.9712926821,0.0
 03/05  22:00:00,11.9712926821,0.0
 03/05  23:00:00,11.9712926821,0.0
 03/05  24:00:00,11.9712926821,0.0
 03/06  01:00:00,12.569683660399999,0.0
 03/06  02:00:00,12.569683660399999,0.0
 03/06  03:00:00,12.569683660399999,0.0
 03/06  04:00:00,12.569683660399999,0.0
 03/06  05:00:00,12.569683660399999,0.0
 03/06  06:00:00,12.569683660399999,0.0
 03/06  07:00:00,27.6156304127,51.094184427600005
 03/06  08:00:00,27.3556735116,28.3588996577
 03/06  09:00:00,42.2078650447,5.39570208378
 03/06  10:00:00,59.9558281561,0.229864148961
 03/06  11:00:00,60.6944570078,0.0
 03/06  12:00:00,62.829517843199994,0.0
 03/06  13:00:00,66.40461272270001,0.0
 03/06  14:00:00,69.1441282734,0.0
 03/06  15:00:00,71.2185787937,0.0
 03/06  16:00:00,72.7473016887,0.0
 03/06  17:00:00,71.8077278265,0.0
 03/06  18:00:00,70.2868727811,0.0
 03/06  19:00:00,59.60030616270001,0.0
 03/06  20:00:00,61.4489990522,0.0
 03/06  21:00:00,54.154502515699996,0.0
 03/06  22:00:00,20.693606815,0.0
 03/06  23:00:00,12.569683660399999,0.0
 03/06  24:00:00,12.569683660399999,0.0
 03/07  01:00:00,12.569683660399999,0.0
 03/07  02:00:00,12.569683660399999,0.0
 03/07  03:00:00,12.569683660399999,0.0
 03/07  04:00:00,12.569683660399999,0.0
 03/07  05:00:00,12.569683660399999,0.0
 03/07  06:00:00,12.569683660399999,0.0
 03/07  07:00:00,27.2526653082,0.0
 03/07  08:00:00,27.1105884627,0.0
 03/07  09:00:00,42.2447416555,0.0
 03/07  10:00:00,60.6677266871,0.0
 03/07  11:00:00,64.0248340103,0.0
 03/07  12:00:00,69.3478017422,0.0
 03/07  13:00:00,71.59109304569999,0.0
 03/07  14:00:00,73.2878435018,0.0
 03/07  15:00:00,75.6742133699,0.0
 03/07  16:00:00,77.45608219479999,0.0
 03/07  17:00:00,77.1349790737,0.0
 03/07  18:00:00,75.4913106536,0.0
 03/07  19:00:00,63.03909803770001,0.0
 03/07  20:00:00,61.2090575708,0.0
 03/07  21:00:00,53.6678451005,0.0
 03/07  22:00:00,20.693606815,0.0
 03/07  23:00:00,12.569683660399999,0.0
 03/07  24:00:00,12.569683660399999,0.0
 03/08  01:00:00,12.569683660399999,0.0
 03/08  02:00:00,12.569683660399999,0.0
 03/08  03:00:00,12.569683660399999,0.0
 03/08  04:00:00,12.569683660399999,0.0
 03/08  05:00:00,12.569683660399999,0.0
 03/08  06:00:00,12.569683660399999,0.0
 03/08  07:00:00,27.2526653082,0.0
 03/08  08:00:00,27.1105884627,0.0
 03/08  09:00:00,42.8392221199,0.0
 03/08  10:00:00,66.22865827310001,0.0
 03/08  11:00:00,69.5045048558,0.0
 03/08  12:00:00,73.3621211651,0.0
 03/08  13:00:00,75.4245697172,0.0
 03/08  14:00:00,77.0081148619,0.0
 03/08  15:00:00,80.7221544388,0.0
 03/08  16:00:00,78.7704192529,0.0
 03/08  17:00:00,71.9214017084,0.0
 03/08  18:00:00,67.0236716057,0.0
 03/08  19:00:00,55.0996379646,0.0
 03/08  20:00:00,56.8971560178,0.0
 03/08  21:00:00,51.2266729796,0.0
 03/08  22:00:00,20.693606815,0.0
 03/08  23:00:00,12.569683660399999,0.0
 03/08  24:00:00,12.569683660399999,0.0
 03/09  01:00:00,12.569683660399999,0.0
 03/09  02:00:00,12.569683660399999,0.0
 03/09  03:00:00,12.569683660399999,0.0
 03/09  04:00:00,12.569683660399999,0.0
 03/09  05:00:00,12.569683660399999,0.0
 03/09  06:00:00,12.569683660399999,0.0
 03/09  07:00:00,26.0849754131,29.0734754991
 03/09  08:00:00,27.3348991433,25.148722558699998
 03/09  09:00:00,42.3327382031,14.911906991099999
 03/09  10:00:00,59.8650972719,0.122299912826
 03/09  11:00:00,59.836174704899996,0.0
 03/09  12:00:00,60.006170703900004,0.0
 03/09  13:00:00,60.5140161724,0.0
 03/09  14:00:00,61.0864073542,0.0
 03/09  15:00:00,61.882045876499994,0.0
 03/09  16:00:00,63.4395585997,0.0
 03/09  17:00:00,63.712274018,0.0
 03/09  18:00:00,62.0551827861,0.0
 03/09  19:00:00,51.9601479875,0.0
 03/09  20:00:00,55.7563632143,0.0
 03/09  21:00:00,50.5464879571,0.0
 03/09  22:00:00,20.693606815,0.0
 03/09  23:00:00,12.569683660399999,0.0
 03/09  24:00:00,12.569683660399999,0.0
 03/10  01:00:00,12.569683660399999,0.0
 03/10  02:00:00,12.569683660399999,0.0
 03/10  03:00:00,12.569683660399999,0.0
 03/10  04:00:00,12.569683660399999,0.0
 03/10  05:00:00,12.569683660399999,0.0
 03/10  06:00:00,12.569683660399999,0.0
 03/10  07:00:00,26.4705016021,71.1110335594
 03/10  08:00:00,27.583740746799997,56.0341952559
 03/10  09:00:00,42.4561525173,40.329382212
 03/10  10:00:00,59.8878958867,16.8774100702
 03/10  11:00:00,59.836174704899996,6.3851134515900005
 03/10  12:00:00,59.8568122067,2.32329800912
 03/10  13:00:00,60.0541079579,0.868887090654
 03/10  14:00:00,60.2213669108,0.00506458796282
 03/10  15:00:00,60.650182630699994,0.0
 03/10  16:00:00,60.8649575831,0.0
 03/10  17:00:00,60.7319102235,0.0
 03/10  18:00:00,60.4521676139,0.0
 03/10  19:00:00,51.5388565681,0.0
 03/10  20:00:00,55.4476968477,0.117529589314
 03/10  21:00:00,50.427652815100004,12.9475638883
 03/10  22:00:00,20.693606815,0.0
 03/10  23:00:00,12.569683660399999,0.0
 03/10  24:00:00,12.569683660399999,0.0
 03/11  01:00:00,11.9712926821,0.0
 03/11  02:00:00,11.9712926821,0.0
 03/11  03:00:00,11.9712926821,0.0
 03/11  04:00:00,11.9712926821,0.0
 03/11  05:00:00,11.9712926821,0.0
 03/11  06:00:00,11.9712926821,0.0
 03/11  07:00:00,26.7027869197,173.18362903099998
 03/11  08:00:00,23.1626244067,134.73129370200002
 03/11  09:00:00,32.7361448494,85.6656538842
 03/11  10:00:00,47.3423666779,34.0466304444
 03/11  11:00:00,59.836174704899996,9.439871792939998
 03/11  12:00:00,59.84086821060001,5.57289890476
 03/11  13:00:00,60.1581347573,3.08818549402
 03/11  14:00:00,60.674933833000004,0.759211979779
 03/11  15:00:00,62.0044972938,0.0
 03/11  16:00:00,64.0421897083,0.0
 03/11  17:00:00,64.8640401172,0.0
 03/11  18:00:00,62.4863844113,0.0
 03/11  19:00:00,46.540166628,0.0
 03/11  20:00:00,40.3936099135,0.036319806300499996
 03/11  21:00:00,40.3936099135,2.25689521044
 03/11  22:00:00,30.3670918879,23.9383338046
 03/11  23:00:00,11.9712926821,0.0
 03/11  24:00:00,11.9712926821,0.0
 03/12  01:00:00,11.9712926821,0.0
 03/12  02:00:00,11.9712926821,0.0
 03/12  03:00:00,11.9712926821,0.0
 03/12  04:00:00,11.9712926821,0.0
 03/12  05:00:00,11.9712926821,0.0
 03/12  06:00:00,11.9712926821,0.0
 03/12  07:00:00,10.5936260154,0.0
 03/12  08:00:00,23.1739740533,133.99979189299998
 03/12  09:00:00,22.664272372800003,78.836315885
 03/12  10:00:00,37.295997388400004,35.5365653315
 03/12  11:00:00,37.1446313643,11.319004361300001
 03/12  12:00:00,47.1899864996,4.67555403634
 03/12  13:00:00,47.4553345819,2.2170340352
 03/12  14:00:00,47.957658228199996,0.285194512344
 03/12  15:00:00,48.2042637609,0.0
 03/12  16:00:00,48.187713629799994,0.0
 03/12  17:00:00,37.419852273400004,0.0
 03/12  18:00:00,27.1172635131,0.0
 03/12  19:00:00,7.8382926821000005,0.0
 03/12  20:00:00,11.9712926821,0.0
 03/12  21:00:00,11.9712926821,0.0
 03/12  22:00:00,11.9712926821,0.0
 03/12  23:00:00,11.9712926821,0.0
 03/12  24:00:00,11.9712926821,0.0
 03/13  01:00:00,12.569683660399999,0.0
 03/13  02:00:00,12.569683660399999,0.0
 03/13  03:00:00,12.569683660399999,0.0
 03/13  04:00:00,12.569683660399999,0.0
 03/13  05:00:00,12.569683660399999,0.0
 03/13  06:00:00,27.2526653082,2.45548991075
 03/13  07:00:00,33.998921796,0.409724591929
 03/13  08:00:00,42.161652815100005,0.0
 03/13  09:00:00,60.018140341999995,0.0
 03/13  10:00:00,60.4009710648,0.0
 03/13  11:00:00,62.5926989034,0.0
 03/13  12:00:00,62.782074243800004,0.0
 03/13  13:00:00,64.3296144964,0.0
 03/13  14:00:00,70.1960088157,0.0
 03/13  15:00:00,73.7834126028,0.0
 03/13  16:00:00,74.3961852889,0.0
 03/13  17:00:00,72.86073351489999,0.0
 03/13  18:00:00,57.7838769133,0.0
 03/13  19:00:00,58.3197278253,0.0
 03/13  20:00:00,54.125973458500006,0.0
 03/13  21:00:00,20.693606815,0.0
 03/13  22:00:00,12.569683660399999,0.0
 03/13  23:00:00,12.569683660399999,0.0
 03/13  24:00:00,12.569683660399999,0.0
 03/14  01:00:00,12.569683660399999,0.0
 03/14  02:00:00,12.569683660399999,0.0
 03/14  03:00:00,12.569683660399999,0.0
 03/14  04:00:00,12.569683660399999,0.0
 03/14  05:00:00,12.569683660399999,0.0
 03/14  06:00:00,27.4649031825,30.418698315500002
 03/14  07:00:00,34.262132948,30.5375127069
 03/14  08:00:00,42.3704026813,21.590907515700003
 03/14  09:00:00,59.850528384700006,0.430485779713
 03/14  10:00:00,60.1047380329,0.0
 03/14  11:00:00,60.6787836852,0.0
 03/14  12:00:00,61.8746346616,0.0
 03/14  13:00:00,64.1257226665,0.0
 03/14  14:00:00,66.2087186157,0.0
 03/14  15:00:00,67.8660751742,0.0
 03/14  16:00:00,68.6922353134,0.0
 03/14  17:00:00,68.3556668631,0.0
 03/14  18:00:00,53.6143394449,0.0
 03/14  19:00:00,53.48138758100001,0.0
 03/14  20:00:00,51.68365747520001,0.0
 03/14  21:00:00,20.693606815,0.0
 03/14  22:00:00,12.569683660399999,0.0
 03/14  23:00:00,12.569683660399999,0.0
 03/14  24:00:00,12.569683660399999,0.0
 03/15  01:00:00,12.569683660399999,0.0
 03/15  02:00:00,12.569683660399999,0.0
 03/15  03:00:00,12.569683660399999,0.0
 03/15  04:00:00,12.569683660399999,0.0
 03/15  05:00:00,12.569683660399999,0.0
 03/15  06:00:00,27.5602954657,47.1639663788
 03/15  07:00:00,34.388310490100004,49.0033540876
 03/15  08:00:00,42.478430941,35.7773893229
 03/15  09:00:00,59.9684992516,16.2355120071
 03/15  10:00:00,59.858496431599995,10.8573261984
 03/15  11:00:00,59.836174704899996,1.08439172779
 03/15  12:00:00,59.985292825900004,0.0112837407859
 03/15  13:00:00,60.233836331499994,0.0
 03/15  14:00:00,60.5458324965,0.0
 03/15  15:00:00,60.818294779700004,0.0
 03/15  16:00:00,61.226017196899996,0.0
 03/15  17:00:00,60.880018633,0.0
 03/15  18:00:00,47.805743088,0.0
 03/15  19:00:00,50.2224102714,0.0
 03/15  20:00:00,50.54079861859999,0.0
 03/15  21:00:00,20.693606815,0.0
 03/15  22:00:00,12.569683660399999,0.0
 03/15  23:00:00,12.569683660399999,0.0
 03/15  24:00:00,12.569683660399999,0.0
 03/16  01:00:00,12.569683660399999,0.0
 03/16  02:00:00,12.569683660399999,0.0
 03/16  03:00:00,12.569683660399999,0.0
 03/16  04:00:00,12.569683660399999,0.0
 03/16  05:00:00,12.569683660399999,0.0
 03/16  06:00:00,27.5708666152,39.378750796300004
 03/16  07:00:00,34.3349232835,31.629676039099998
 03/16  08:00:00,42.4762859233,25.298498559299997
 03/16  09:00:00,60.0431465905,9.74586197393
 03/16  10:00:00,59.9726931549,3.69700017436
 03/16  11:00:00,59.8929090689,1.3720700372
 03/16  12:00:00,59.8440094865,0.679735758862
 03/16  13:00:00,59.836174704899996,0.0398825340942
 03/16  14:00:00,59.836174704899996,0.0
 03/16  15:00:00,59.8663725621,0.0
 03/16  16:00:00,60.0405668017,0.0
 03/16  17:00:00,59.9078772719,0.0
 03/16  18:00:00,47.1786742659,0.0
 03/16  19:00:00,49.9340075992,0.0
 03/16  20:00:00,50.427652815100004,0.0
 03/16  21:00:00,20.693606815,0.0
 03/16  22:00:00,12.569683660399999,0.0
 03/16  23:00:00,12.569683660399999,0.0
 03/16  24:00:00,12.569683660399999,0.0
 03/17  01:00:00,12.569683660399999,0.0
 03/17  02:00:00,12.569683660399999,0.0
 03/17  03:00:00,12.569683660399999,0.0
 03/17  04:00:00,12.569683660399999,0.0
 03/17  05:00:00,12.569683660399999,0.0
 03/17  06:00:00,28.070176463499998,63.8593466811
 03/17  07:00:00,33.3032936508,47.5663027324
 03/17  08:00:00,42.780688132899996,36.1524274764
 03/17  09:00:00,60.3573373176,18.994744243099998
 03/17  10:00:00,60.3082429139,14.0875197926
 03/17  11:00:00,60.2467679244,7.04609009577
 03/17  12:00:00,60.1825099287,5.404167568589999
 03/17  13:00:00,60.030604498500004,3.42057293738
 03/17  14:00:00,59.962990851099995,2.38777667918
 03/17  15:00:00,59.9220604609,1.6893508778200002
 03/17  16:00:00,59.9132293497,1.202249541
 03/17  17:00:00,60.0059553601,1.30141150405
 03/17  18:00:00,47.3901471854,1.9193799070099997
 03/17  19:00:00,50.1981716008,2.8857641636799998
 03/17  20:00:00,50.6973904145,3.5768917928400006
 03/17  21:00:00,20.693606815,0.0
 03/17  22:00:00,12.569683660399999,0.0
 03/17  23:00:00,12.569683660399999,0.0
 03/17  24:00:00,12.569683660399999,0.0
 03/18  01:00:00,11.9712926821,0.0
 03/18  02:00:00,11.9712926821,0.0
 03/18  03:00:00,11.9712926821,0.0
 03/18  04:00:00,11.9712926821,0.0
 03/18  05:00:00,11.9712926821,0.0
 03/18  06:00:00,27.0982554458,22.1282967796
 03/18  07:00:00,27.938765172600004,9.28087975595
 03/18  08:00:00,32.3784546779,4.266093978
 03/18  09:00:00,47.308445806499996,0.956022984742
 03/18  10:00:00,59.8529517136,0.0
 03/18  11:00:00,59.836174704899996,0.0
 03/18  12:00:00,59.837546914700006,0.0
 03/18  13:00:00,60.569248573,0.0
 03/18  14:00:00,63.2930452434,0.0
 03/18  15:00:00,67.4801250733,0.0
 03/18  16:00:00,69.7319078016,0.0
 03/18  17:00:00,68.9794789981,0.0
 03/18  18:00:00,46.761300206,0.0
 03/18  19:00:00,35.966544318400004,0.0
 03/18  20:00:00,40.4359391142,0.0
 03/18  21:00:00,30.3595670119,0.0
 03/18  22:00:00,11.9712926821,0.0
 03/18  23:00:00,11.9712926821,0.0
 03/18  24:00:00,11.9712926821,0.0
 03/19  01:00:00,11.9712926821,0.0
 03/19  02:00:00,11.9712926821,0.0
 03/19  03:00:00,11.9712926821,0.0
 03/19  04:00:00,11.9712926821,0.0
 03/19  05:00:00,11.9712926821,0.0
 03/19  06:00:00,11.9712926821,0.0
 03/19  07:00:00,9.21595934877,0.0
 03/19  08:00:00,22.565702957800003,48.572172373
 03/19  09:00:00,22.3339765029,28.7100116204
 03/19  10:00:00,37.1787301296,7.58031382398
 03/19  11:00:00,37.1446313643,0.456815374885
 03/19  12:00:00,47.322935719700006,0.0
 03/19  13:00:00,47.9024480059,0.0
 03/19  14:00:00,48.6968355885,0.0
 03/19  15:00:00,50.686900701199995,0.0
 03/19  16:00:00,52.107048973000005,0.0
 03/19  17:00:00,40.8896612998,0.0
 03/19  18:00:00,28.977357708699998,0.0
 03/19  19:00:00,6.46062601543,0.0
 03/19  20:00:00,11.9712926821,0.0
 03/19  21:00:00,11.9712926821,0.0
 03/19  22:00:00,11.9712926821,0.0
 03/19  23:00:00,11.9712926821,0.0
 03/19  24:00:00,11.9712926821,0.0
 03/20  01:00:00,12.569683660399999,0.0
 03/20  02:00:00,12.569683660399999,0.0
 03/20  03:00:00,12.569683660399999,0.0
 03/20  04:00:00,12.569683660399999,0.0
 03/20  05:00:00,12.569683660399999,0.0
 03/20  06:00:00,28.0360255207,99.3252339405
 03/20  07:00:00,33.327883546100004,85.0072215566
 03/20  08:00:00,42.697169548000005,60.9129091204
 03/20  09:00:00,60.0260610762,16.111925914100002
 03/20  10:00:00,59.836174704899996,1.3171432246600001
 03/20  11:00:00,60.4023153268,0.0
 03/20  12:00:00,62.5476666304,0.0
 03/20  13:00:00,66.1163023289,0.0
 03/20  14:00:00,67.7284556981,0.0
 03/20  15:00:00,69.20016740850001,0.0
 03/20  16:00:00,69.5692049547,0.0
 03/20  17:00:00,68.6877530264,0.0
 03/20  18:00:00,54.2453627829,0.0
 03/20  19:00:00,52.962993042200004,0.0
 03/20  20:00:00,51.0168121833,0.0
 03/20  21:00:00,20.693606815,0.0
 03/20  22:00:00,12.569683660399999,0.0
 03/20  23:00:00,12.569683660399999,0.0
 03/20  24:00:00,12.569683660399999,0.0
 03/21  01:00:00,12.569683660399999,0.0
 03/21  02:00:00,12.569683660399999,0.0
 03/21  03:00:00,12.569683660399999,0.0
 03/21  04:00:00,12.569683660399999,0.0
 03/21  05:00:00,12.569683660399999,0.0
 03/21  06:00:00,27.7636707338,69.5074016749
 03/21  07:00:00,33.0557555958,52.2123283996
 03/21  08:00:00,42.4664784394,32.1547792551
 03/21  09:00:00,59.8909678587,3.8392817104300003
 03/21  10:00:00,59.995402993599996,0.0969061329006
 03/21  11:00:00,61.6567187221,0.0
 03/21  12:00:00,65.7809988929,0.0
 03/21  13:00:00,69.3737827423,0.0
 03/21  14:00:00,71.9358185748,0.0
 03/21  15:00:00,74.11599361729999,0.0
 03/21  16:00:00,74.4232376407,0.0
 03/21  17:00:00,72.8831731157,0.0
 03/21  18:00:00,57.639998857200005,0.0
 03/21  19:00:00,56.728889270299995,0.0
 03/21  20:00:00,54.006122525200006,0.0
 03/21  21:00:00,20.693606815,0.0
 03/21  22:00:00,12.569683660399999,0.0
 03/21  23:00:00,12.569683660399999,0.0
 03/21  24:00:00,12.569683660399999,0.0
 03/22  01:00:00,12.569683660399999,0.0
 03/22  02:00:00,12.569683660399999,0.0
 03/22  03:00:00,12.569683660399999,0.0
 03/22  04:00:00,12.569683660399999,0.0
 03/22  05:00:00,12.569683660399999,0.0
 03/22  06:00:00,27.2526653082,3.38319980636
 03/22  07:00:00,32.6212551294,0.0
 03/22  08:00:00,42.161652815100005,0.0
 03/22  09:00:00,60.1592300768,0.0
 03/22  10:00:00,62.724148901999996,0.0
 03/22  11:00:00,70.6193551317,0.0
 03/22  12:00:00,74.1804524729,0.0
 03/22  13:00:00,76.6258434621,0.0
 03/22  14:00:00,78.305688066,0.0
 03/22  15:00:00,80.5364944902,0.0
 03/22  16:00:00,79.3771434092,0.0
 03/22  17:00:00,76.54938030529999,0.0
 03/22  18:00:00,60.6590462732,0.0
 03/22  19:00:00,60.0716694676,0.0
 03/22  20:00:00,58.4674521931,0.0
 03/22  21:00:00,20.693606815,0.0
 03/22  22:00:00,12.569683660399999,0.0
 03/22  23:00:00,12.569683660399999,0.0
 03/22  24:00:00,12.569683660399999,0.0
 03/23  01:00:00,12.569683660399999,0.0
 03/23  02:00:00,12.569683660399999,0.0
 03/23  03:00:00,12.569683660399999,0.0
 03/23  04:00:00,12.569683660399999,0.0
 03/23  05:00:00,12.569683660399999,0.0
 03/23  06:00:00,27.2526653082,0.0
 03/23  07:00:00,32.6212551294,0.0
 03/23  08:00:00,42.263886610300005,0.0
 03/23  09:00:00,60.60238101310001,0.0
 03/23  10:00:00,64.368261476,0.0
 03/23  11:00:00,71.4301971769,0.0
 03/23  12:00:00,75.91523535729999,0.0
 03/23  13:00:00,80.21183141430001,0.0
 03/23  14:00:00,83.2640068851,0.0
 03/23  15:00:00,87.64806186850001,0.0
 03/23  16:00:00,88.3743508626,0.0
 03/23  17:00:00,86.03121579120001,0.0
 03/23  18:00:00,70.691243475,0.0
 03/23  19:00:00,69.3437890568,0.0
 03/23  20:00:00,66.50018167430001,0.0
 03/23  21:00:00,20.693606815,0.0
 03/23  22:00:00,12.569683660399999,0.0
 03/23  23:00:00,12.569683660399999,0.0
 03/23  24:00:00,12.569683660399999,0.0
 03/24  01:00:00,12.569683660399999,0.0
 03/24  02:00:00,12.569683660399999,0.0
 03/24  03:00:00,12.569683660399999,0.0
 03/24  04:00:00,12.569683660399999,0.0
 03/24  05:00:00,12.569683660399999,0.0
 03/24  06:00:00,27.2526653082,0.0
 03/24  07:00:00,32.6341173975,0.0
 03/24  08:00:00,42.618288609400004,0.0
 03/24  09:00:00,61.8662579994,0.0
 03/24  10:00:00,69.41533774130001,0.0
 03/24  11:00:00,75.92592760640001,0.0
 03/24  12:00:00,78.16355987189999,0.0
 03/24  13:00:00,80.759067973,0.0
 03/24  14:00:00,83.4647105207,0.0
 03/24  15:00:00,86.6433810576,0.0
 03/24  16:00:00,87.8295175817,0.0
 03/24  17:00:00,87.07261302120001,0.0
 03/24  18:00:00,71.3631384548,0.0
 03/24  19:00:00,66.4117849469,0.0
 03/24  20:00:00,59.0982610817,0.0
 03/24  21:00:00,20.693606815,0.0
 03/24  22:00:00,12.569683660399999,0.0
 03/24  23:00:00,12.569683660399999,0.0
 03/24  24:00:00,12.569683660399999,0.0
 03/25  01:00:00,11.9712926821,0.0
 03/25  02:00:00,11.9712926821,0.0
 03/25  03:00:00,11.9712926821,0.0
 03/25  04:00:00,11.9712926821,0.0
 03/25  05:00:00,11.9712926821,0.0
 03/25  06:00:00,26.668565657600002,18.5971432984
 03/25  07:00:00,27.7437196773,28.633729681
 03/25  08:00:00,32.1690826876,8.28310354553
 03/25  09:00:00,47.3725060416,0.0
 03/25  10:00:00,62.811741066,0.0
 03/25  11:00:00,68.2800029614,0.0
 03/25  12:00:00,72.17584561310001,0.0
 03/25  13:00:00,76.32141671699999,0.0
 03/25  14:00:00,79.7798843362,0.0
 03/25  15:00:00,82.5430476842,0.0
 03/25  16:00:00,85.73070634189999,0.0
 03/25  17:00:00,86.10907962579999,0.0
 03/25  18:00:00,64.4235059847,0.0
 03/25  19:00:00,49.02204039,0.0
 03/25  20:00:00,46.7601746987,0.0
 03/25  21:00:00,31.619271049499996,0.0
 03/25  22:00:00,11.9712926821,0.0
 03/25  23:00:00,11.9712926821,0.0
 03/25  24:00:00,11.9712926821,0.0
 03/26  01:00:00,11.9712926821,0.0
 03/26  02:00:00,11.9712926821,0.0
 03/26  03:00:00,11.9712926821,0.0
 03/26  04:00:00,11.9712926821,0.0
 03/26  05:00:00,11.9712926821,0.0
 03/26  06:00:00,11.9712926821,0.0
 03/26  07:00:00,7.8382926821000005,0.0
 03/26  08:00:00,22.363987237399996,44.352782362
 03/26  09:00:00,22.114621423200003,6.983422998039999
 03/26  10:00:00,37.3042848488,0.0
 03/26  11:00:00,39.0579210695,0.0
 03/26  12:00:00,55.6747040926,0.0
 03/26  13:00:00,59.7185131646,0.0
 03/26  14:00:00,62.6927853476,0.0
 03/26  15:00:00,63.5913085901,0.0
 03/26  16:00:00,64.0715954052,0.0
 03/26  17:00:00,53.1044873659,0.0
 03/26  18:00:00,40.4062123293,0.0
 03/26  19:00:00,6.46062601543,0.0
 03/26  20:00:00,11.9712926821,0.0
 03/26  21:00:00,11.9712926821,0.0
 03/26  22:00:00,11.9712926821,0.0
 03/26  23:00:00,11.9712926821,0.0
 03/26  24:00:00,11.9712926821,0.0
 03/27  01:00:00,12.569683660399999,0.0
 03/27  02:00:00,12.569683660399999,0.0
 03/27  03:00:00,12.569683660399999,0.0
 03/27  04:00:00,12.569683660399999,0.0
 03/27  05:00:00,12.569683660399999,0.0
 03/27  06:00:00,27.2526653082,0.0
 03/27  07:00:00,31.2435884627,0.0
 03/27  08:00:00,42.490640005,0.0
 03/27  09:00:00,62.672027450600005,0.0
 03/27  10:00:00,69.4251148717,0.0
 03/27  11:00:00,74.2423034344,0.0
 03/27  12:00:00,75.5932160499,0.0
 03/27  13:00:00,78.8317100135,0.0
 03/27  14:00:00,80.7976220626,0.0
 03/27  15:00:00,82.3539615721,0.0
 03/27  16:00:00,82.0111363821,0.0
 03/27  17:00:00,80.8901217107,0.0
 03/27  18:00:00,66.61045725550001,0.0
 03/27  19:00:00,65.34301060359999,0.0
 03/27  20:00:00,62.4512475405,0.0
 03/27  21:00:00,20.693606815,0.0
 03/27  22:00:00,12.569683660399999,0.0
 03/27  23:00:00,12.569683660399999,0.0
 03/27  24:00:00,12.569683660399999,0.0
 03/28  01:00:00,12.569683660399999,0.0
 03/28  02:00:00,12.569683660399999,0.0
 03/28  03:00:00,12.569683660399999,0.0
 03/28  04:00:00,12.569683660399999,0.0
 03/28  05:00:00,12.569683660399999,0.0
 03/28  06:00:00,27.713711177399997,0.0
 03/28  07:00:00,31.7620454148,0.0
 03/28  08:00:00,43.7098767738,0.0
 03/28  09:00:00,68.8568746355,0.0
 03/28  10:00:00,73.83280450720001,0.0
 03/28  11:00:00,78.2948888073,0.0
 03/28  12:00:00,80.5338551867,0.0
 03/28  13:00:00,83.2664137999,0.0
 03/28  14:00:00,85.8853265252,0.0
 03/28  15:00:00,87.7187842891,0.0
 03/28  16:00:00,86.9434199545,0.0
 03/28  17:00:00,83.9212706223,0.0
 03/28  18:00:00,67.1360280189,0.0
 03/28  19:00:00,66.7757211907,0.0
 03/28  20:00:00,65.9155376463,0.0
 03/28  21:00:00,20.693606815,0.0
 03/28  22:00:00,12.569683660399999,0.0
 03/28  23:00:00,12.569683660399999,0.0
 03/28  24:00:00,12.569683660399999,0.0
 03/29  01:00:00,12.569683660399999,0.0
 03/29  02:00:00,12.569683660399999,0.0
 03/29  03:00:00,12.569683660399999,0.0
 03/29  04:00:00,12.569683660399999,0.0
 03/29  05:00:00,12.569683660399999,0.0
 03/29  06:00:00,28.2771827448,0.0
 03/29  07:00:00,33.1476754838,0.0
 03/29  08:00:00,47.61745937,0.0
 03/29  09:00:00,71.2104937521,0.0
 03/29  10:00:00,72.72437530890001,0.0
 03/29  11:00:00,75.1865170358,0.0
 03/29  12:00:00,77.4763251046,0.0
 03/29  13:00:00,78.0413224215,0.0
 03/29  14:00:00,78.0366932584,0.0
 03/29  15:00:00,78.68645447680001,0.0
 03/29  16:00:00,76.8996440617,0.0
 03/29  17:00:00,75.1720147936,0.0
 03/29  18:00:00,61.3463304996,0.0
 03/29  19:00:00,62.057195203199996,0.0
 03/29  20:00:00,58.148390365699996,0.0
 03/29  21:00:00,20.693606815,0.0
 03/29  22:00:00,12.569683660399999,0.0
 03/29  23:00:00,12.569683660399999,0.0
 03/29  24:00:00,12.569683660399999,0.0
 03/30  01:00:00,12.569683660399999,0.0
 03/30  02:00:00,12.569683660399999,0.0
 03/30  03:00:00,12.569683660399999,0.0
 03/30  04:00:00,12.569683660399999,0.0
 03/30  05:00:00,12.569683660399999,0.0
 03/30  06:00:00,27.50478812,24.8432861365
 03/30  07:00:00,31.5568260119,29.536761546999998
 03/30  08:00:00,42.454665164,23.665529405
 03/30  09:00:00,59.9832754647,7.072506172710001
 03/30  10:00:00,59.8532258456,0.898193498487
 03/30  11:00:00,59.836174704899996,0.0
 03/30  12:00:00,59.9375241849,0.0
 03/30  13:00:00,60.3759328274,0.0
 03/30  14:00:00,61.1159383399,0.0
 03/30  15:00:00,63.5232816042,0.0
 03/30  16:00:00,64.3381143559,0.0
 03/30  17:00:00,63.8476056443,0.0
 03/30  18:00:00,50.4260795625,0.0
 03/30  19:00:00,49.3932485362,0.0
 03/30  20:00:00,50.599918268100005,0.0
 03/30  21:00:00,20.693606815,0.0
 03/30  22:00:00,12.569683660399999,0.0
 03/30  23:00:00,12.569683660399999,0.0
 03/30  24:00:00,12.569683660399999,0.0
 03/31  01:00:00,12.569683660399999,0.0
 03/31  02:00:00,12.569683660399999,0.0
 03/31  03:00:00,12.569683660399999,0.0
 03/31  04:00:00,12.569683660399999,0.0
 03/31  05:00:00,12.569683660399999,0.0
 03/31  06:00:00,27.7441908349,56.0049938465
 03/31  07:00:00,31.7166004332,50.511087463
 03/31  08:00:00,42.553323991999996,38.0563422949
 03/31  09:00:00,60.0608822623,14.789075735399999
 03/31  10:00:00,59.8715977146,3.2164516963200005
 03/31  11:00:00,59.8609533828,0.0293783877386
 03/31  12:00:00,60.2952818397,0.0
 03/31  13:00:00,61.1028010933,0.0
 03/31  14:00:00,62.9562910239,0.0
 03/31  15:00:00,65.361560998,0.0
 03/31  16:00:00,66.2755253038,0.0
 03/31  17:00:00,65.96271692100001,0.0
 03/31  18:00:00,51.7299036809,0.0
 03/31  19:00:00,49.931524407299996,0.0
 03/31  20:00:00,50.6068592931,0.0
 03/31  21:00:00,20.693606815,0.0
 03/31  22:00:00,12.569683660399999,0.0
 03/31  23:00:00,12.569683660399999,0.0
 03/31  24:00:00,12.569683660399999,0.0
 04/01  01:00:00,11.9712926821,0.0
 04/01  02:00:00,11.9712926821,0.0
 04/01  03:00:00,11.9712926821,0.0
 04/01  04:00:00,11.9712926821,0.0
 04/01  05:00:00,11.9712926821,0.0
 04/01  06:00:00,27.0786734647,46.1008563393
 04/01  07:00:00,26.716858095,54.148912616800004
 04/01  08:00:00,32.5380173021,41.6498796538
 04/01  09:00:00,47.3442435364,8.629660710860001
 04/01  10:00:00,59.8378128126,0.287018795541
 04/01  11:00:00,60.0844150294,0.0
 04/01  12:00:00,61.0385185655,0.0
 04/01  13:00:00,64.1124332359,0.0
 04/01  14:00:00,66.1756934384,0.0
 04/01  15:00:00,67.5383119895,0.0
 04/01  16:00:00,68.9176016297,0.0
 04/01  17:00:00,68.50672695189999,0.0
 04/01  18:00:00,47.2573632716,0.0
 04/01  19:00:00,36.6506449111,0.0
 04/01  20:00:00,41.4956188675,0.0
 04/01  21:00:00,30.4520914183,0.0
 04/01  22:00:00,11.9712926821,0.0
 04/01  23:00:00,11.9712926821,0.0
 04/01  24:00:00,11.9712926821,0.0
 04/02  01:00:00,11.9712926821,0.0
 04/02  02:00:00,11.9712926821,0.0
 04/02  03:00:00,11.9712926821,0.0
 04/02  04:00:00,11.9712926821,0.0
 04/02  05:00:00,11.9712926821,0.0
 04/02  06:00:00,11.9712926821,0.0
 04/02  07:00:00,7.8382926821000005,0.0
 04/02  08:00:00,22.6919703873,65.7935963085
 04/02  09:00:00,22.34236169,25.710510357399997
 04/02  10:00:00,37.1567585218,1.0421674918700001
 04/02  11:00:00,37.1904471382,0.0
 04/02  12:00:00,48.04730351640001,0.0
 04/02  13:00:00,50.8704036589,0.0
 04/02  14:00:00,53.449180831099994,0.0
 04/02  15:00:00,55.5351496295,0.0
 04/02  16:00:00,57.52398326,0.0
 04/02  17:00:00,45.8765844181,0.0
 04/02  18:00:00,32.6112883521,0.0
 04/02  19:00:00,5.082959348769999,0.0
 04/02  20:00:00,11.9712926821,0.0
 04/02  21:00:00,11.9712926821,0.0
 04/02  22:00:00,11.9712926821,0.0
 04/02  23:00:00,11.9712926821,0.0
 04/02  24:00:00,11.9712926821,0.0
 04/03  01:00:00,12.569683660399999,0.0
 04/03  02:00:00,12.569683660399999,0.0
 04/03  03:00:00,12.569683660399999,0.0
 04/03  04:00:00,12.569683660399999,0.0
 04/03  05:00:00,12.569683660399999,0.0
 04/03  06:00:00,27.898820632,78.41776214
 04/03  07:00:00,30.4864625811,72.4847115583
 04/03  08:00:00,42.6075365321,44.144875354499995
 04/03  09:00:00,59.9389428795,3.26071306199
 04/03  10:00:00,60.01716035,0.0
 04/03  11:00:00,63.550806742700004,0.0
 04/03  12:00:00,67.4583775637,0.0
 04/03  13:00:00,70.53551712779999,0.0
 04/03  14:00:00,72.9909195359,0.0
 04/03  15:00:00,76.2630011235,0.0
 04/03  16:00:00,78.5507739392,0.0
 04/03  17:00:00,77.3227008436,0.0
 04/03  18:00:00,61.4441110474,0.0
 04/03  19:00:00,59.3711860945,0.0
 04/03  20:00:00,57.0838518654,0.0
 04/03  21:00:00,20.693606815,0.0
 04/03  22:00:00,12.569683660399999,0.0
 04/03  23:00:00,12.569683660399999,0.0
 04/03  24:00:00,12.569683660399999,0.0
 04/04  01:00:00,12.569683660399999,0.0
 04/04  02:00:00,12.569683660399999,0.0
 04/04  03:00:00,12.569683660399999,0.0
 04/04  04:00:00,12.569683660399999,0.0
 04/04  05:00:00,12.569683660399999,0.0
 04/04  06:00:00,27.7434729816,56.6606470862
 04/04  07:00:00,30.346013504600002,52.391333484200004
 04/04  08:00:00,42.4972476182,28.3120412818
 04/04  09:00:00,59.888044004899996,0.373187799612
 04/04  10:00:00,60.0009464481,0.0
 04/04  11:00:00,63.0785484941,0.0
 04/04  12:00:00,67.66148958689999,0.0
 04/04  13:00:00,71.1646725602,0.0
 04/04  14:00:00,74.1123641892,0.0
 04/04  15:00:00,77.3417479056,0.0
 04/04  16:00:00,79.4630052097,0.0
 04/04  17:00:00,78.5580864441,0.0
 04/04  18:00:00,63.1653093687,0.0
 04/04  19:00:00,61.4130245455,0.0
 04/04  20:00:00,60.3254509159,0.0
 04/04  21:00:00,20.693606815,0.0
 04/04  22:00:00,12.569683660399999,0.0
 04/04  23:00:00,12.569683660399999,0.0
 04/04  24:00:00,12.569683660399999,0.0
 04/05  01:00:00,12.569683660399999,0.0
 04/05  02:00:00,12.569683660399999,0.0
 04/05  03:00:00,12.569683660399999,0.0
 04/05  04:00:00,12.569683660399999,0.0
 04/05  05:00:00,12.569683660399999,0.0
 04/05  06:00:00,27.434349222199998,21.3202284969
 04/05  07:00:00,30.0844646756,21.7954957012
 04/05  08:00:00,42.2696214664,4.8735553850599995
 04/05  09:00:00,59.836174704899996,0.0
 04/05  10:00:00,60.318889131899994,0.0
 04/05  11:00:00,65.2460641122,0.0
 04/05  12:00:00,69.0923266477,0.0
 04/05  13:00:00,73.157361862,0.0
 04/05  14:00:00,76.6297801072,0.0
 04/05  15:00:00,79.5473413874,0.0
 04/05  16:00:00,81.0313948736,0.0
 04/05  17:00:00,79.732144832,0.0
 04/05  18:00:00,64.0806192562,0.0
 04/05  19:00:00,62.1564646521,0.0
 04/05  20:00:00,60.613919136499995,0.0
 04/05  21:00:00,20.693606815,0.0
 04/05  22:00:00,12.569683660399999,0.0
 04/05  23:00:00,12.569683660399999,0.0
 04/05  24:00:00,12.569683660399999,0.0
 04/06  01:00:00,12.569683660399999,0.0
 04/06  02:00:00,12.569683660399999,0.0
 04/06  03:00:00,12.569683660399999,0.0
 04/06  04:00:00,12.569683660399999,0.0
 04/06  05:00:00,12.569683660399999,0.0
 04/06  06:00:00,27.2526653082,0.0
 04/06  07:00:00,29.865921796,0.0
 04/06  08:00:00,42.3519557716,0.0
 04/06  09:00:00,60.423250370699996,0.0
 04/06  10:00:00,60.708127330399996,0.0
 04/06  11:00:00,62.6378505295,0.0
 04/06  12:00:00,63.1398578864,0.0
 04/06  13:00:00,63.6751753919,0.0
 04/06  14:00:00,65.014610244,0.0
 04/06  15:00:00,67.2688745504,0.0
 04/06  16:00:00,68.02206481569999,0.0
 04/06  17:00:00,67.237103071,0.0
 04/06  18:00:00,52.600169087299996,0.0
 04/06  19:00:00,51.5488780797,0.0
 04/06  20:00:00,51.9998249325,0.0
 04/06  21:00:00,20.693606815,0.0
 04/06  22:00:00,12.569683660399999,0.0
 04/06  23:00:00,12.569683660399999,0.0
 04/06  24:00:00,12.569683660399999,0.0
 04/07  01:00:00,12.569683660399999,0.0
 04/07  02:00:00,12.569683660399999,0.0
 04/07  03:00:00,12.569683660399999,0.0
 04/07  04:00:00,12.569683660399999,0.0
 04/07  05:00:00,12.569683660399999,0.0
 04/07  06:00:00,27.282651692199998,0.0
 04/07  07:00:00,29.9366227339,0.0
 04/07  08:00:00,42.174209052399995,0.0
 04/07  09:00:00,59.9451304208,0.0
 04/07  10:00:00,61.179749637,0.0
 04/07  11:00:00,65.7502015127,0.0
 04/07  12:00:00,68.7632357976,0.0
 04/07  13:00:00,72.0380548891,0.0
 04/07  14:00:00,74.690260116,0.0
 04/07  15:00:00,77.1234914402,0.0
 04/07  16:00:00,78.264848269,0.0
 04/07  17:00:00,77.2246138184,0.0
 04/07  18:00:00,62.2642521637,0.0
 04/07  19:00:00,61.046651714300005,0.0
 04/07  20:00:00,60.465602446300004,0.0
 04/07  21:00:00,20.693606815,0.0
 04/07  22:00:00,12.569683660399999,0.0
 04/07  23:00:00,12.569683660399999,0.0
 04/07  24:00:00,12.569683660399999,0.0
 04/08  01:00:00,11.9712926821,0.0
 04/08  02:00:00,11.9712926821,0.0
 04/08  03:00:00,11.9712926821,0.0
 04/08  04:00:00,11.9712926821,0.0
 04/08  05:00:00,11.9712926821,0.0
 04/08  06:00:00,26.6542743298,0.0
 04/08  07:00:00,24.8489003452,0.0
 04/08  08:00:00,32.1276099135,0.0
 04/08  09:00:00,47.4959977508,0.0
 04/08  10:00:00,61.2970091784,0.0
 04/08  11:00:00,65.7607980706,0.0
 04/08  12:00:00,70.1279625363,0.0
 04/08  13:00:00,74.2287108154,0.0
 04/08  14:00:00,75.3942440996,0.0
 04/08  15:00:00,74.97897745819999,0.0
 04/08  16:00:00,74.6949241053,0.0
 04/08  17:00:00,73.4071914375,0.0
 04/08  18:00:00,51.972466867799994,0.0
 04/08  19:00:00,41.4227108257,0.0
 04/08  20:00:00,45.119869649099996,0.0
 04/08  21:00:00,30.7515638175,0.0
 04/08  22:00:00,11.9712926821,0.0
 04/08  23:00:00,11.9712926821,0.0
 04/08  24:00:00,11.9712926821,0.0
 04/09  01:00:00,11.9712926821,0.0
 04/09  02:00:00,11.9712926821,0.0
 04/09  03:00:00,11.9712926821,0.0
 04/09  04:00:00,11.9712926821,0.0
 04/09  05:00:00,11.9712926821,0.0
 04/09  06:00:00,11.9712926821,0.0
 04/09  07:00:00,6.46062601543,0.0
 04/09  08:00:00,22.2679255085,7.322029881919999
 04/09  09:00:00,22.1234150432,0.0411290130312
 04/09  10:00:00,37.1446313643,0.0
 04/09  11:00:00,37.4062325766,0.0
 04/09  12:00:00,49.5220718906,0.0
 04/09  13:00:00,52.656551866499996,0.0
 04/09  14:00:00,55.210812563000005,0.0
 04/09  15:00:00,57.041928754,0.0
 04/09  16:00:00,58.668340754700004,0.0
 04/09  17:00:00,46.768718471899994,0.0
 04/09  18:00:00,33.7311737381,0.0
 04/09  19:00:00,5.082959348769999,0.0
 04/09  20:00:00,11.9712926821,0.0
 04/09  21:00:00,11.9712926821,0.0
 04/09  22:00:00,11.9712926821,0.0
 04/09  23:00:00,11.9712926821,0.0
 04/09  24:00:00,11.9712926821,0.0
 04/10  01:00:00,12.569683660399999,0.0
 04/10  02:00:00,12.569683660399999,0.0
 04/10  03:00:00,12.569683660399999,0.0
 04/10  04:00:00,12.569683660399999,0.0
 04/10  05:00:00,12.569683660399999,0.0
 04/10  06:00:00,27.6218418278,36.4328292025
 04/10  07:00:00,30.2446685543,35.424994462
 04/10  08:00:00,42.4248600919,15.836826918800002
 04/10  09:00:00,59.8715586273,0.0
 04/10  10:00:00,59.981302915,0.0
 04/10  11:00:00,62.0517643808,0.0
 04/10  12:00:00,65.2028839159,0.0
 04/10  13:00:00,67.6061886814,0.0
 04/10  14:00:00,69.8166981712,0.0
 04/10  15:00:00,72.36007459689999,0.0
 04/10  16:00:00,73.7238990875,0.0
 04/10  17:00:00,73.02764127180001,0.0
 04/10  18:00:00,58.3439809893,0.0
 04/10  19:00:00,57.269648439399994,0.0
 04/10  20:00:00,56.0338026487,0.0
 04/10  21:00:00,20.693606815,0.0
 04/10  22:00:00,12.569683660399999,0.0
 04/10  23:00:00,12.569683660399999,0.0
 04/10  24:00:00,12.569683660399999,0.0
 04/11  01:00:00,12.569683660399999,0.0
 04/11  02:00:00,12.569683660399999,0.0
 04/11  03:00:00,12.569683660399999,0.0
 04/11  04:00:00,12.569683660399999,0.0
 04/11  05:00:00,12.569683660399999,0.0
 04/11  06:00:00,27.6785129067,43.9168877653
 04/11  07:00:00,28.913208929,42.9722686539
 04/11  08:00:00,42.437189252399996,19.9699694046
 04/11  09:00:00,59.8626364204,0.0
 04/11  10:00:00,60.1531075424,0.0
 04/11  11:00:00,65.20446722279999,0.0
 04/11  12:00:00,68.65953372,0.0
 04/11  13:00:00,71.3571325802,0.0
 04/11  14:00:00,73.6027339962,0.0
 04/11  15:00:00,75.7375219829,0.0
 04/11  16:00:00,76.59481774,0.0
 04/11  17:00:00,75.7136131115,0.0
 04/11  18:00:00,61.017487385,0.0
 04/11  19:00:00,59.9466669755,0.0
 04/11  20:00:00,58.8421040155,0.0
 04/11  21:00:00,20.693606815,0.0
 04/11  22:00:00,12.569683660399999,0.0
 04/11  23:00:00,12.569683660399999,0.0
 04/11  24:00:00,12.569683660399999,0.0
 04/12  01:00:00,12.569683660399999,0.0
 04/12  02:00:00,12.569683660399999,0.0
 04/12  03:00:00,12.569683660399999,0.0
 04/12  04:00:00,12.569683660399999,0.0
 04/12  05:00:00,12.569683660399999,0.0
 04/12  06:00:00,27.2853003411,0.724536991593
 04/12  07:00:00,28.534294547600002,0.015416012006299998
 04/12  08:00:00,42.1623237882,0.0
 04/12  09:00:00,60.020201866899995,0.0
 04/12  10:00:00,61.656506638500005,0.0
 04/12  11:00:00,67.07646196270001,0.0
 04/12  12:00:00,70.7725503082,0.0
 04/12  13:00:00,75.011927414,0.0
 04/12  14:00:00,78.0729832388,0.0
 04/12  15:00:00,80.5619950573,0.0
 04/12  16:00:00,81.6904031732,0.0
 04/12  17:00:00,80.80887625220001,0.0
 04/12  18:00:00,66.1640397572,0.0
 04/12  19:00:00,65.1510816313,0.0
 04/12  20:00:00,63.8708666954,0.0
 04/12  21:00:00,20.693606815,0.0
 04/12  22:00:00,12.569683660399999,0.0
 04/12  23:00:00,12.569683660399999,0.0
 04/12  24:00:00,12.569683660399999,0.0
 04/13  01:00:00,12.569683660399999,0.0
 04/13  02:00:00,12.569683660399999,0.0
 04/13  03:00:00,12.569683660399999,0.0
 04/13  04:00:00,12.569683660399999,0.0
 04/13  05:00:00,12.569683660399999,0.0
 04/13  06:00:00,27.2526653082,0.0
 04/13  07:00:00,28.4882551294,0.0
 04/13  08:00:00,42.2720849879,0.0
 04/13  09:00:00,60.611716745699994,0.0
 04/13  10:00:00,62.662558868699996,0.0
 04/13  11:00:00,65.87658824649999,0.0
 04/13  12:00:00,68.1429923183,0.0
 04/13  13:00:00,70.4705295597,0.0
 04/13  14:00:00,73.4295518322,0.0
 04/13  15:00:00,77.3210409357,0.0
 04/13  16:00:00,79.9377827794,0.0
 04/13  17:00:00,78.8059687577,0.0
 04/13  18:00:00,62.906767371099996,0.0
 04/13  19:00:00,60.6872369012,0.0
 04/13  20:00:00,59.2782926883,0.0
 04/13  21:00:00,20.693606815,0.0
 04/13  22:00:00,12.569683660399999,0.0
 04/13  23:00:00,12.569683660399999,0.0
 04/13  24:00:00,12.569683660399999,0.0
 04/14  01:00:00,12.569683660399999,0.0
 04/14  02:00:00,12.569683660399999,0.0
 04/14  03:00:00,12.569683660399999,0.0
 04/14  04:00:00,12.569683660399999,0.0
 04/14  05:00:00,12.569683660399999,0.0
 04/14  06:00:00,27.2526653082,0.0
 04/14  07:00:00,28.4882551294,0.0
 04/14  08:00:00,42.3801436738,0.0
 04/14  09:00:00,62.2952324258,0.0
 04/14  10:00:00,65.4724940146,0.0
 04/14  11:00:00,69.2990439743,0.0
 04/14  12:00:00,71.88946929779999,0.0
 04/14  13:00:00,74.493309768,0.0
 04/14  14:00:00,76.4722856826,0.0
 04/14  15:00:00,78.7195282039,0.0
 04/14  16:00:00,79.8129981837,0.0
 04/14  17:00:00,78.3469214949,0.0
 04/14  18:00:00,62.713159736099996,0.0
 04/14  19:00:00,60.7188450781,0.0
 04/14  20:00:00,60.593145604700005,0.0
 04/14  21:00:00,20.693606815,0.0
 04/14  22:00:00,12.569683660399999,0.0
 04/14  23:00:00,12.569683660399999,0.0
 04/14  24:00:00,12.569683660399999,0.0
 04/15  01:00:00,11.9712926821,0.0
 04/15  02:00:00,11.9712926821,0.0
 04/15  03:00:00,11.9712926821,0.0
 04/15  04:00:00,11.9712926821,0.0
 04/15  05:00:00,11.9712926821,0.0
 04/15  06:00:00,26.6542743298,0.0
 04/15  07:00:00,23.4712336786,0.0
 04/15  08:00:00,32.1276099135,0.0
 04/15  09:00:00,47.61046567,0.0
 04/15  10:00:00,65.1854543563,0.0
 04/15  11:00:00,70.651885344,0.0
 04/15  12:00:00,73.8550967424,0.0
 04/15  13:00:00,77.1647268167,0.0
 04/15  14:00:00,79.60948195600001,0.0
 04/15  15:00:00,81.10899268850001,0.0
 04/15  16:00:00,82.3195308355,0.0
 04/15  17:00:00,81.32725226069999,0.0
 04/15  18:00:00,58.9093107154,0.0
 04/15  19:00:00,46.435680833599996,0.0
 04/15  20:00:00,50.689156091,0.0
 04/15  21:00:00,33.5956550974,0.0
 04/15  22:00:00,11.9712926821,0.0
 04/15  23:00:00,11.9712926821,0.0
 04/15  24:00:00,11.9712926821,0.0
 04/16  01:00:00,11.9712926821,0.0
 04/16  02:00:00,11.9712926821,0.0
 04/16  03:00:00,11.9712926821,0.0
 04/16  04:00:00,11.9712926821,0.0
 04/16  05:00:00,11.9712926821,0.0
 04/16  06:00:00,11.9712926821,0.0
 04/16  07:00:00,5.082959348769999,0.0
 04/16  08:00:00,22.0935670119,0.0
 04/16  09:00:00,22.0935670119,0.0
 04/16  10:00:00,37.8003394116,0.0
 04/16  11:00:00,41.268446536599996,0.0
 04/16  12:00:00,56.359838703,0.0
 04/16  13:00:00,59.359061612,0.0
 04/16  14:00:00,61.3680536226,0.0
 04/16  15:00:00,62.9714069304,0.0
 04/16  16:00:00,64.4474123738,0.0
 04/16  17:00:00,53.046326478199994,0.0
 04/16  18:00:00,40.2704539117,0.0
 04/16  19:00:00,3.7052926820999996,0.0
 04/16  20:00:00,11.9712926821,0.0
 04/16  21:00:00,11.9712926821,0.0
 04/16  22:00:00,11.9712926821,0.0
 04/16  23:00:00,11.9712926821,0.0
 04/16  24:00:00,11.9712926821,0.0
 04/17  01:00:00,12.569683660399999,0.0
 04/17  02:00:00,12.569683660399999,0.0
 04/17  03:00:00,12.569683660399999,0.0
 04/17  04:00:00,12.569683660399999,0.0
 04/17  05:00:00,12.569683660399999,0.0
 04/17  06:00:00,27.2584344561,0.768295646427
 04/17  07:00:00,28.5413048516,2.9118872161400002
 04/17  08:00:00,42.1664371791,0.0
 04/17  09:00:00,60.09205836180001,0.0
 04/17  10:00:00,64.47364123439999,0.0
 04/17  11:00:00,71.1605262536,0.0
 04/17  12:00:00,74.4194695266,0.0
 04/17  13:00:00,77.7152649395,0.0
 04/17  14:00:00,80.4114713969,0.0
 04/17  15:00:00,82.9230504829,0.0
 04/17  16:00:00,84.2634773962,0.0
 04/17  17:00:00,83.5805585886,0.0
 04/17  18:00:00,68.99796768899999,0.0
 04/17  19:00:00,66.6578187204,0.0
 04/17  20:00:00,65.78860201270001,0.0
 04/17  21:00:00,20.693606815,0.0
 04/17  22:00:00,12.569683660399999,0.0
 04/17  23:00:00,12.569683660399999,0.0
 04/17  24:00:00,12.569683660399999,0.0
 04/18  01:00:00,12.569683660399999,0.0
 04/18  02:00:00,12.569683660399999,0.0
 04/18  03:00:00,12.569683660399999,0.0
 04/18  04:00:00,12.569683660399999,0.0
 04/18  05:00:00,12.569683660399999,0.0
 04/18  06:00:00,27.2540072543,0.0
 04/18  07:00:00,28.509473688000003,0.0
 04/18  08:00:00,42.161652815100005,0.0
 04/18  09:00:00,60.1304982475,0.0
 04/18  10:00:00,64.5359973996,0.0
 04/18  11:00:00,71.0697068273,0.0
 04/18  12:00:00,75.1542170706,0.0
 04/18  13:00:00,79.4405096537,0.0
 04/18  14:00:00,83.0456255494,0.0
 04/18  15:00:00,86.7232442657,0.0
 04/18  16:00:00,88.97205483219999,0.0
 04/18  17:00:00,87.91683634600001,0.0
 04/18  18:00:00,72.3130778484,0.0
 04/18  19:00:00,69.0138402087,0.0
 04/18  20:00:00,67.6471753437,0.0
 04/18  21:00:00,20.693606815,0.0
 04/18  22:00:00,12.569683660399999,0.0
 04/18  23:00:00,12.569683660399999,0.0
 04/18  24:00:00,12.569683660399999,0.0
 04/19  01:00:00,12.569683660399999,0.0
 04/19  02:00:00,12.569683660399999,0.0
 04/19  03:00:00,12.569683660399999,0.0
 04/19  04:00:00,12.569683660399999,0.0
 04/19  05:00:00,12.569683660399999,0.0
 04/19  06:00:00,27.2526653082,0.0
 04/19  07:00:00,28.4882551294,0.0
 04/19  08:00:00,42.161652815100005,0.0
 04/19  09:00:00,61.8208361067,0.0
 04/19  10:00:00,71.002982633,0.0
 04/19  11:00:00,78.8930994605,0.0
 04/19  12:00:00,83.16524919449999,0.0
 04/19  13:00:00,87.52104840610001,0.0
 04/19  14:00:00,90.8017703293,0.0
 04/19  15:00:00,93.9087671232,0.0
 04/19  16:00:00,95.6431092175,0.0
 04/19  17:00:00,94.76953727840001,0.0
 04/19  18:00:00,79.5454388008,0.0
 04/19  19:00:00,76.4883596071,0.0
 04/19  20:00:00,74.73575273979999,0.0
 04/19  21:00:00,20.693606815,0.0
 04/19  22:00:00,12.569683660399999,0.0
 04/19  23:00:00,12.569683660399999,0.0
 04/19  24:00:00,12.569683660399999,0.0
 04/20  01:00:00,12.569683660399999,0.0
 04/20  02:00:00,12.569683660399999,0.0
 04/20  03:00:00,12.569683660399999,0.0
 04/20  04:00:00,12.569683660399999,0.0
 04/20  05:00:00,12.569683660399999,0.0
 04/20  06:00:00,27.3782627835,0.0
 04/20  07:00:00,27.2409684528,0.0
 04/20  08:00:00,42.9753312824,0.0
 04/20  09:00:00,68.4541870466,0.0
 04/20  10:00:00,74.2495568115,0.0
 04/20  11:00:00,79.5722564316,0.0
 04/20  12:00:00,82.7285496568,0.0
 04/20  13:00:00,85.9999606379,0.0
 04/20  14:00:00,88.2598780334,0.0
 04/20  15:00:00,89.9391320047,0.0
 04/20  16:00:00,90.158595495,0.0
 04/20  17:00:00,88.17726897680001,0.0
 04/20  18:00:00,72.38498516989999,0.0
 04/20  19:00:00,68.95369042680001,0.0
 04/20  20:00:00,67.4086752408,0.0
 04/20  21:00:00,20.693606815,0.0
 04/20  22:00:00,12.569683660399999,0.0
 04/20  23:00:00,12.569683660399999,0.0
 04/20  24:00:00,12.569683660399999,0.0
 04/21  01:00:00,12.569683660399999,0.0
 04/21  02:00:00,12.569683660399999,0.0
 04/21  03:00:00,12.569683660399999,0.0
 04/21  04:00:00,12.569683660399999,0.0
 04/21  05:00:00,12.569683660399999,0.0
 04/21  06:00:00,27.2526653082,0.0
 04/21  07:00:00,27.1105884627,0.0
 04/21  08:00:00,42.3485850191,0.0
 04/21  09:00:00,64.5722516882,0.0
 04/21  10:00:00,71.3462089338,0.0
 04/21  11:00:00,77.4233437653,0.0
 04/21  12:00:00,81.6535859122,0.0
 04/21  13:00:00,85.96545892350001,0.0
 04/21  14:00:00,88.9148697417,0.0
 04/21  15:00:00,91.3020047342,0.0
 04/21  16:00:00,92.35014984850001,0.0
 04/21  17:00:00,90.7758074163,0.0
 04/21  18:00:00,75.3165864827,0.0
 04/21  19:00:00,72.18102640149999,0.0
 04/21  20:00:00,71.90469656100001,0.0
 04/21  21:00:00,20.693606815,0.0
 04/21  22:00:00,12.569683660399999,0.0
 04/21  23:00:00,12.569683660399999,0.0
 04/21  24:00:00,12.569683660399999,0.0
 04/22  01:00:00,11.9712926821,0.0
 04/22  02:00:00,11.9712926821,0.0
 04/22  03:00:00,11.9712926821,0.0
 04/22  04:00:00,11.9712926821,0.0
 04/22  05:00:00,11.9712926821,0.0
 04/22  06:00:00,26.6542743298,0.0
 04/22  07:00:00,22.0935670119,0.0
 04/22  08:00:00,32.473279575999996,0.0
 04/22  09:00:00,52.1844248058,0.0
 04/22  10:00:00,71.4356165381,0.0
 04/22  11:00:00,77.385359265,0.0
 04/22  12:00:00,81.948240269,0.0
 04/22  13:00:00,86.309163039,0.0
 04/22  14:00:00,87.8506380834,0.0
 04/22  15:00:00,88.0850434199,0.0
 04/22  16:00:00,88.17005609739999,0.0
 04/22  17:00:00,86.9052199412,0.0
 04/22  18:00:00,64.2120943121,0.0
 04/22  19:00:00,51.491182326,0.0
 04/22  20:00:00,57.1492308558,0.0
 04/22  21:00:00,42.135954361799996,0.0
 04/22  22:00:00,11.9712926821,0.0
 04/22  23:00:00,11.9712926821,0.0
 04/22  24:00:00,11.9712926821,0.0
 04/23  01:00:00,11.9712926821,0.0
 04/23  02:00:00,11.9712926821,0.0
 04/23  03:00:00,11.9712926821,0.0
 04/23  04:00:00,11.9712926821,0.0
 04/23  05:00:00,11.9712926821,0.0
 04/23  06:00:00,11.9712926821,0.0
 04/23  07:00:00,3.7052926820999996,0.0
 04/23  08:00:00,22.1256190048,0.0
 04/23  09:00:00,22.7645752771,0.0
 04/23  10:00:00,44.6046174217,0.0
 04/23  11:00:00,48.962259553900005,0.0
 04/23  12:00:00,64.42978029689999,0.0
 04/23  13:00:00,68.4885990834,0.0
 04/23  14:00:00,71.3932597226,0.0
 04/23  15:00:00,73.3465726987,0.0
 04/23  16:00:00,75.0332114962,0.0
 04/23  17:00:00,64.5591679482,0.0
 04/23  18:00:00,52.0490709285,0.0
 04/23  19:00:00,3.7052926820999996,0.0
 04/23  20:00:00,11.9712926821,0.0
 04/23  21:00:00,11.9712926821,0.0
 04/23  22:00:00,11.9712926821,0.0
 04/23  23:00:00,11.9712926821,0.0
 04/23  24:00:00,11.9712926821,0.0
 04/24  01:00:00,12.569683660399999,0.0
 04/24  02:00:00,12.569683660399999,0.0
 04/24  03:00:00,12.569683660399999,0.0
 04/24  04:00:00,12.569683660399999,0.0
 04/24  05:00:00,12.569683660399999,0.0
 04/24  06:00:00,27.2526653082,0.0
 04/24  07:00:00,27.1105884627,0.0
 04/24  08:00:00,42.186931230999996,0.0
 04/24  09:00:00,62.363591488199994,0.0
 04/24  10:00:00,70.2347161375,0.0
 04/24  11:00:00,76.7602088916,0.0
 04/24  12:00:00,81.1707922856,0.0
 04/24  13:00:00,85.6952092227,0.0
 04/24  14:00:00,88.24260445530001,0.0
 04/24  15:00:00,89.99728667139999,0.0
 04/24  16:00:00,90.412273135,0.0
 04/24  17:00:00,88.66959909040001,0.0
 04/24  18:00:00,73.0487927139,0.0
 04/24  19:00:00,69.5595176522,0.0
 04/24  20:00:00,69.5670732823,0.0
 04/24  21:00:00,20.693606815,0.0
 04/24  22:00:00,12.569683660399999,0.0
 04/24  23:00:00,12.569683660399999,0.0
 04/24  24:00:00,12.569683660399999,0.0
 04/25  01:00:00,12.569683660399999,0.0
 04/25  02:00:00,12.569683660399999,0.0
 04/25  03:00:00,12.569683660399999,0.0
 04/25  04:00:00,12.569683660399999,0.0
 04/25  05:00:00,12.569683660399999,0.0
 04/25  06:00:00,27.2526653082,0.0
 04/25  07:00:00,27.1105884627,0.0
 04/25  08:00:00,42.6281076496,0.0
 04/25  09:00:00,66.4528831679,0.0
 04/25  10:00:00,71.8323628869,0.0
 04/25  11:00:00,74.9555797729,0.0
 04/25  12:00:00,74.0152696025,0.0
 04/25  13:00:00,73.23050331510001,0.0
 04/25  14:00:00,75.845016249,0.0
 04/25  15:00:00,81.1824349605,0.0
 04/25  16:00:00,85.1587142591,0.0
 04/25  17:00:00,85.44758738520001,0.0
 04/25  18:00:00,70.8807816603,0.0
 04/25  19:00:00,68.5856495188,0.0
 04/25  20:00:00,68.8717056091,0.0
 04/25  21:00:00,20.693606815,0.0
 04/25  22:00:00,12.569683660399999,0.0
 04/25  23:00:00,12.569683660399999,0.0
 04/25  24:00:00,12.569683660399999,0.0
 04/26  01:00:00,12.569683660399999,0.0
 04/26  02:00:00,12.569683660399999,0.0
 04/26  03:00:00,12.569683660399999,0.0
 04/26  04:00:00,12.569683660399999,0.0
 04/26  05:00:00,12.569683660399999,0.0
 04/26  06:00:00,27.2526653082,0.0
 04/26  07:00:00,27.1105884627,0.0
 04/26  08:00:00,42.2014944647,0.0
 04/26  09:00:00,61.2076593795,0.0
 04/26  10:00:00,65.17735071,0.0
 04/26  11:00:00,69.2149863035,0.0
 04/26  12:00:00,72.0969102396,0.0
 04/26  13:00:00,75.1064062738,0.0
 04/26  14:00:00,77.5202745598,0.0
 04/26  15:00:00,79.8578984992,0.0
 04/26  16:00:00,80.99158468430001,0.0
 04/26  17:00:00,79.8558852848,0.0
 04/26  18:00:00,64.719179143,0.0
 04/26  19:00:00,61.833851688,0.0
 04/26  20:00:00,61.6806780802,0.0
 04/26  21:00:00,20.693606815,0.0
 04/26  22:00:00,12.569683660399999,0.0
 04/26  23:00:00,12.569683660399999,0.0
 04/26  24:00:00,12.569683660399999,0.0
 04/27  01:00:00,12.569683660399999,0.0
 04/27  02:00:00,12.569683660399999,0.0
 04/27  03:00:00,12.569683660399999,0.0
 04/27  04:00:00,12.569683660399999,0.0
 04/27  05:00:00,12.569683660399999,0.0
 04/27  06:00:00,27.393237308699998,7.000648336639999
 04/27  07:00:00,27.3038356947,10.2812513059
 04/27  08:00:00,42.2744266488,1.2164749141700002
 04/27  09:00:00,59.836174704899996,0.0
 04/27  10:00:00,60.0778110024,0.0
 04/27  11:00:00,63.3010270191,0.0
 04/27  12:00:00,66.5749072143,0.0
 04/27  13:00:00,70.0597270711,0.0
 04/27  14:00:00,73.2471365894,0.0
 04/27  15:00:00,76.688545238,0.0
 04/27  16:00:00,79.1929126676,0.0
 04/27  17:00:00,78.753615983,0.0
 04/27  18:00:00,63.928868495100005,0.0
 04/27  19:00:00,61.428863856499994,0.0
 04/27  20:00:00,61.42370678819999,0.0
 04/27  21:00:00,20.693606815,0.0
 04/27  22:00:00,12.569683660399999,0.0
 04/27  23:00:00,12.569683660399999,0.0
 04/27  24:00:00,12.569683660399999,0.0
 04/28  01:00:00,12.569683660399999,0.0
 04/28  02:00:00,12.569683660399999,0.0
 04/28  03:00:00,12.569683660399999,0.0
 04/28  04:00:00,12.569683660399999,0.0
 04/28  05:00:00,12.569683660399999,0.0
 04/28  06:00:00,27.429936971100002,5.97356838484
 04/28  07:00:00,27.2692131736,2.4366891193
 04/28  08:00:00,42.199300002600005,0.0159326490184
 04/28  09:00:00,59.9821381089,0.0
 04/28  10:00:00,63.4191725086,0.0
 04/28  11:00:00,69.3507603674,0.0
 04/28  12:00:00,73.1574727055,0.0
 04/28  13:00:00,77.1190578773,0.0
 04/28  14:00:00,80.32154264350001,0.0
 04/28  15:00:00,83.3770830833,0.0
 04/28  16:00:00,85.0803689175,0.0
 04/28  17:00:00,83.73029786020001,0.0
 04/28  18:00:00,68.1516904998,0.0
 04/28  19:00:00,64.8296195049,0.0
 04/28  20:00:00,63.9540691595,0.0
 04/28  21:00:00,20.693606815,0.0
 04/28  22:00:00,12.569683660399999,0.0
 04/28  23:00:00,12.569683660399999,0.0
 04/28  24:00:00,12.569683660399999,0.0
 04/29  01:00:00,11.9712926821,0.0
 04/29  02:00:00,11.9712926821,0.0
 04/29  03:00:00,11.9712926821,0.0
 04/29  04:00:00,11.9712926821,0.0
 04/29  05:00:00,11.9712926821,0.0
 04/29  06:00:00,26.6542743298,0.0
 04/29  07:00:00,22.0935670119,0.0
 04/29  08:00:00,32.1276099135,0.0
 04/29  09:00:00,49.039871540600004,0.0
 04/29  10:00:00,69.03149575020001,0.0
 04/29  11:00:00,75.10630028109999,0.0
 04/29  12:00:00,78.9053192205,0.0
 04/29  13:00:00,82.7336424604,0.0
 04/29  14:00:00,85.7938197459,0.0
 04/29  15:00:00,87.87627213520001,0.0
 04/29  16:00:00,89.8093556498,0.0
 04/29  17:00:00,88.34004838370001,0.0
 04/29  18:00:00,64.73812204010001,0.0
 04/29  19:00:00,51.1701677699,0.0
 04/29  20:00:00,55.4380252275,0.0
 04/29  21:00:00,38.8783047501,0.0
 04/29  22:00:00,11.9712926821,0.0
 04/29  23:00:00,11.9712926821,0.0
 04/29  24:00:00,11.9712926821,0.0
 04/30  01:00:00,11.9712926821,0.0
 04/30  02:00:00,11.9712926821,0.0
 04/30  03:00:00,11.9712926821,0.0
 04/30  04:00:00,11.9712926821,0.0
 04/30  05:00:00,11.9712926821,0.0
 04/30  06:00:00,10.5936260154,0.0
 04/30  07:00:00,3.7052926820999996,0.0
 04/30  08:00:00,22.158121652600002,0.0
 04/30  09:00:00,22.697173299499998,0.0
 04/30  10:00:00,43.3577224737,0.0
 04/30  11:00:00,47.0165098075,0.0
 04/30  12:00:00,62.0336900826,0.0
 04/30  13:00:00,64.7354686775,0.0
 04/30  14:00:00,65.8493436424,0.0
 04/30  15:00:00,66.06644357020001,0.0
 04/30  16:00:00,66.35223453,0.0
 04/30  17:00:00,54.0063042951,0.0
 04/30  18:00:00,40.7951578315,0.0
 04/30  19:00:00,3.7052926820999996,0.0
 04/30  20:00:00,11.9712926821,0.0
 04/30  21:00:00,11.9712926821,0.0
 04/30  22:00:00,11.9712926821,0.0
 04/30  23:00:00,11.9712926821,0.0
 04/30  24:00:00,11.9712926821,0.0
 05/01  01:00:00,12.569683660399999,0.0
 05/01  02:00:00,12.569683660399999,0.0
 05/01  03:00:00,12.569683660399999,0.0
 05/01  04:00:00,12.569683660399999,0.0
 05/01  05:00:00,12.569683660399999,0.0
 05/01  06:00:00,25.8749986415,0.0
 05/01  07:00:00,27.1105884627,0.0
 05/01  08:00:00,42.3557364447,0.0
 05/01  09:00:00,65.484504621,0.0
 05/01  10:00:00,70.6463046874,0.0
 05/01  11:00:00,75.8425866781,0.0
 05/01  12:00:00,79.61777944,0.0
 05/01  13:00:00,84.07061577,0.0
 05/01  14:00:00,86.2641513753,0.0
 05/01  15:00:00,86.9997287234,0.0
 05/01  16:00:00,86.92329310059999,0.0
 05/01  17:00:00,86.59285804860001,0.0
 05/01  18:00:00,72.4683957317,0.0
 05/01  19:00:00,68.2156839557,0.0
 05/01  20:00:00,66.7829278511,0.0
 05/01  21:00:00,20.693606815,0.0
 05/01  22:00:00,12.569683660399999,0.0
 05/01  23:00:00,12.569683660399999,0.0
 05/01  24:00:00,12.569683660399999,0.0
 05/02  01:00:00,12.569683660399999,0.0
 05/02  02:00:00,12.569683660399999,0.0
 05/02  03:00:00,12.569683660399999,0.0
 05/02  04:00:00,12.569683660399999,0.0
 05/02  05:00:00,12.569683660399999,0.0
 05/02  06:00:00,25.8749986415,0.0
 05/02  07:00:00,27.1105884627,0.0
 05/02  08:00:00,42.5086556216,0.0
 05/02  09:00:00,65.7415701786,0.0
 05/02  10:00:00,71.1398465544,0.0
 05/02  11:00:00,77.4283855505,0.0
 05/02  12:00:00,81.9810355198,0.0
 05/02  13:00:00,84.673922682,0.0
 05/02  14:00:00,86.84332054020001,0.0
 05/02  15:00:00,89.8832751052,0.0
 05/02  16:00:00,90.5082780643,0.0
 05/02  17:00:00,90.31964118469999,0.0
 05/02  18:00:00,75.5626078307,0.0
 05/02  19:00:00,71.9693317223,0.0
 05/02  20:00:00,70.878272402,0.0
 05/02  21:00:00,20.693606815,0.0
 05/02  22:00:00,12.569683660399999,0.0
 05/02  23:00:00,12.569683660399999,0.0
 05/02  24:00:00,12.569683660399999,0.0
 05/03  01:00:00,12.569683660399999,0.0
 05/03  02:00:00,12.569683660399999,0.0
 05/03  03:00:00,12.569683660399999,0.0
 05/03  04:00:00,12.569683660399999,0.0
 05/03  05:00:00,12.569683660399999,0.0
 05/03  06:00:00,25.9435618089,0.0
 05/03  07:00:00,27.2943151111,0.0
 05/03  08:00:00,43.7630910475,0.0
 05/03  09:00:00,70.1009395942,0.0
 05/03  10:00:00,76.065572985,0.0
 05/03  11:00:00,80.9536809599,0.0
 05/03  12:00:00,84.2823359213,0.0
 05/03  13:00:00,88.29973238049999,0.0
 05/03  14:00:00,91.42827009860001,0.0
 05/03  15:00:00,93.99252871350001,0.0
 05/03  16:00:00,95.1271682772,0.0
 05/03  17:00:00,93.3915204425,0.0
 05/03  18:00:00,77.1203917611,0.0
 05/03  19:00:00,72.9077812238,0.0
 05/03  20:00:00,69.969864863,0.0
 05/03  21:00:00,20.693606815,0.0
 05/03  22:00:00,12.569683660399999,0.0
 05/03  23:00:00,12.569683660399999,0.0
 05/03  24:00:00,12.569683660399999,0.0
 05/04  01:00:00,12.569683660399999,0.0
 05/04  02:00:00,12.569683660399999,0.0
 05/04  03:00:00,12.569683660399999,0.0
 05/04  04:00:00,12.569683660399999,0.0
 05/04  05:00:00,12.569683660399999,0.0
 05/04  06:00:00,25.885348374,0.0
 05/04  07:00:00,27.369418356599997,0.0
 05/04  08:00:00,46.20277948729999,0.0
 05/04  09:00:00,74.3088196537,0.0
 05/04  10:00:00,81.27554075409999,0.0
 05/04  11:00:00,85.9528955529,0.0
 05/04  12:00:00,88.64117615309999,0.0
 05/04  13:00:00,92.1550817702,0.0
 05/04  14:00:00,94.550349036,0.0
 05/04  15:00:00,97.0260270181,0.0
 05/04  16:00:00,96.65196219719999,0.0
 05/04  17:00:00,94.13845182629998,0.0
 05/04  18:00:00,78.95520167810001,0.0
 05/04  19:00:00,74.9295875524,0.0
 05/04  20:00:00,72.9824770383,0.0
 05/04  21:00:00,20.693606815,0.0
 05/04  22:00:00,12.569683660399999,0.0
 05/04  23:00:00,12.569683660399999,0.0
 05/04  24:00:00,12.569683660399999,0.0
 05/05  01:00:00,12.569683660399999,0.0
 05/05  02:00:00,12.569683660399999,0.0
 05/05  03:00:00,12.569683660399999,0.0
 05/05  04:00:00,12.569683660399999,0.0
 05/05  05:00:00,12.569683660399999,0.0
 05/05  06:00:00,32.5742665612,0.0
 05/05  07:00:00,35.1097863949,0.0
 05/05  08:00:00,54.2231882208,0.0
 05/05  09:00:00,78.5242408144,0.0
 05/05  10:00:00,80.56386295189999,0.0
 05/05  11:00:00,81.5572896569,0.0
 05/05  12:00:00,82.1610502906,0.0
 05/05  13:00:00,81.85100026079999,0.0
 05/05  14:00:00,82.2662705225,0.0
 05/05  15:00:00,85.3141463733,0.0
 05/05  16:00:00,83.8659872985,0.0
 05/05  17:00:00,79.7916492443,0.0
 05/05  18:00:00,64.3692821396,0.0
 05/05  19:00:00,62.55989825899999,0.0
 05/05  20:00:00,63.432510002200004,0.0
 05/05  21:00:00,20.693606815,0.0
 05/05  22:00:00,12.569683660399999,0.0
 05/05  23:00:00,12.569683660399999,0.0
 05/05  24:00:00,12.569683660399999,0.0
 05/06  01:00:00,11.9712926821,0.0
 05/06  02:00:00,11.9712926821,0.0
 05/06  03:00:00,11.9712926821,0.0
 05/06  04:00:00,11.9712926821,0.0
 05/06  05:00:00,11.9712926821,0.0
 05/06  06:00:00,25.506974325799998,0.0
 05/06  07:00:00,22.6057143332,0.0
 05/06  08:00:00,35.1805172929,0.0
 05/06  09:00:00,56.3882364637,0.0
 05/06  10:00:00,74.7596372636,0.0
 05/06  11:00:00,81.1367897959,0.0
 05/06  12:00:00,86.97463813270001,0.0
 05/06  13:00:00,91.155486686,0.0
 05/06  14:00:00,94.2511405575,0.0
 05/06  15:00:00,96.6849385023,0.0
 05/06  16:00:00,96.0850647257,0.0
 05/06  17:00:00,93.33786238530001,0.0
 05/06  18:00:00,69.811458194,0.0
 05/06  19:00:00,55.8235127153,0.0
 05/06  20:00:00,59.859304154899995,0.0
 05/06  21:00:00,46.408760575,0.0
 05/06  22:00:00,11.9712926821,0.0
 05/06  23:00:00,11.9712926821,0.0
 05/06  24:00:00,11.9712926821,0.0
 05/07  01:00:00,11.9712926821,0.0
 05/07  02:00:00,11.9712926821,0.0
 05/07  03:00:00,11.9712926821,0.0
 05/07  04:00:00,11.9712926821,0.0
 05/07  05:00:00,11.9712926821,0.0
 05/07  06:00:00,10.5936260154,0.0
 05/07  07:00:00,3.7052926820999996,0.0
 05/07  08:00:00,24.280850413299998,0.0
 05/07  09:00:00,24.270156979899998,0.0
 05/07  10:00:00,42.3589040931,0.0
 05/07  11:00:00,43.0370183824,0.0
 05/07  12:00:00,55.3284622112,0.0
 05/07  13:00:00,54.3855984542,0.0
 05/07  14:00:00,54.6845046326,0.0
 05/07  15:00:00,55.25443527979999,0.0
 05/07  16:00:00,55.2151628396,0.0
 05/07  17:00:00,41.6067327935,0.0
 05/07  18:00:00,29.2293700098,0.0
 05/07  19:00:00,3.7052926820999996,0.0
 05/07  20:00:00,10.5936260154,0.0
 05/07  21:00:00,11.9712926821,0.0
 05/07  22:00:00,11.9712926821,0.0
 05/07  23:00:00,11.9712926821,0.0
 05/07  24:00:00,11.9712926821,0.0
 05/08  01:00:00,12.569683660399999,0.0
 05/08  02:00:00,12.569683660399999,0.0
 05/08  03:00:00,12.569683660399999,0.0
 05/08  04:00:00,12.569683660399999,0.0
 05/08  05:00:00,12.569683660399999,0.0
 05/08  06:00:00,25.8749986415,0.0
 05/08  07:00:00,27.183834143400002,0.0
 05/08  08:00:00,43.4273030709,0.0
 05/08  09:00:00,67.5812072361,0.0
 05/08  10:00:00,71.1416202291,0.0
 05/08  11:00:00,75.3848447113,0.0
 05/08  12:00:00,79.2661858404,0.0
 05/08  13:00:00,84.0897853054,0.0
 05/08  14:00:00,81.0971562642,0.0
 05/08  15:00:00,82.3103891943,0.0
 05/08  16:00:00,83.4627277568,0.0
 05/08  17:00:00,81.99498552850001,0.0
 05/08  18:00:00,67.54028946439999,0.0
 05/08  19:00:00,64.6742542084,0.0
 05/08  20:00:00,65.0854247562,0.0
 05/08  21:00:00,20.693606815,0.0
 05/08  22:00:00,12.569683660399999,0.0
 05/08  23:00:00,12.569683660399999,0.0
 05/08  24:00:00,12.569683660399999,0.0
 05/09  01:00:00,12.569683660399999,0.0
 05/09  02:00:00,12.569683660399999,0.0
 05/09  03:00:00,12.569683660399999,0.0
 05/09  04:00:00,12.569683660399999,0.0
 05/09  05:00:00,12.569683660399999,0.0
 05/09  06:00:00,27.2288215071,0.0
 05/09  07:00:00,30.723863926,0.0
 05/09  08:00:00,49.3304976059,0.0
 05/09  09:00:00,74.0885327071,0.0
 05/09  10:00:00,78.70896781409999,0.0
 05/09  11:00:00,85.4652482984,0.0
 05/09  12:00:00,90.7252239636,0.0
 05/09  13:00:00,94.2179825302,0.0
 05/09  14:00:00,97.6738211911,0.0
 05/09  15:00:00,97.97706893430001,0.0
 05/09  16:00:00,97.23541117010001,0.0
 05/09  17:00:00,94.33929491120001,0.0
 05/09  18:00:00,78.6332789108,0.0
 05/09  19:00:00,75.5006140732,0.0
 05/09  20:00:00,73.4154505502,0.0
 05/09  21:00:00,20.693606815,0.0
 05/09  22:00:00,12.569683660399999,0.0
 05/09  23:00:00,12.569683660399999,0.0
 05/09  24:00:00,12.569683660399999,0.0
 05/10  01:00:00,12.569683660399999,0.0
 05/10  02:00:00,12.569683660399999,0.0
 05/10  03:00:00,12.569683660399999,0.0
 05/10  04:00:00,12.569683660399999,0.0
 05/10  05:00:00,12.569683660399999,0.0
 05/10  06:00:00,38.1697968525,0.0
 05/10  07:00:00,39.108514863,0.0
 05/10  08:00:00,59.6978894056,0.0
 05/10  09:00:00,85.2538695761,0.0
 05/10  10:00:00,87.490835276,0.0
 05/10  11:00:00,89.928529629,0.0
 05/10  12:00:00,94.8239864726,0.0
 05/10  13:00:00,98.7525664988,0.0
 05/10  14:00:00,101.806320806,0.0
 05/10  15:00:00,104.12569213299999,0.0
 05/10  16:00:00,104.72295148299999,0.0
 05/10  17:00:00,101.563012299,0.0
 05/10  18:00:00,83.89658567880001,0.0
 05/10  19:00:00,80.3291084103,0.0
 05/10  20:00:00,76.0975705088,0.0
 05/10  21:00:00,20.693606815,0.0
 05/10  22:00:00,12.569683660399999,0.0
 05/10  23:00:00,12.569683660399999,0.0
 05/10  24:00:00,12.569683660399999,0.0
 05/11  01:00:00,12.569683660399999,0.0
 05/11  02:00:00,12.569683660399999,0.0
 05/11  03:00:00,12.569683660399999,0.0
 05/11  04:00:00,12.569683660399999,0.0
 05/11  05:00:00,12.569683660399999,0.0
 05/11  06:00:00,32.6478784052,0.0
 05/11  07:00:00,33.726734136,0.0
 05/11  08:00:00,52.9368222167,0.0
 05/11  09:00:00,78.805795519,0.0
 05/11  10:00:00,83.88985137510001,0.0
 05/11  11:00:00,90.2941630548,0.0
 05/11  12:00:00,93.66701713799999,0.0
 05/11  13:00:00,96.4122714741,0.0
 05/11  14:00:00,99.31067414889999,0.0
 05/11  15:00:00,101.82240751200001,0.0
 05/11  16:00:00,99.99360783280001,0.0
 05/11  17:00:00,93.8406433576,0.0
 05/11  18:00:00,74.7142219082,0.0
 05/11  19:00:00,70.4467466671,0.0
 05/11  20:00:00,70.5713689665,0.0
 05/11  21:00:00,20.693606815,0.0
 05/11  22:00:00,12.569683660399999,0.0
 05/11  23:00:00,12.569683660399999,0.0
 05/11  24:00:00,12.569683660399999,0.0
 05/12  01:00:00,12.569683660399999,0.0
 05/12  02:00:00,12.569683660399999,0.0
 05/12  03:00:00,12.569683660399999,0.0
 05/12  04:00:00,12.569683660399999,0.0
 05/12  05:00:00,12.569683660399999,0.0
 05/12  06:00:00,27.8821789869,0.0
 05/12  07:00:00,31.295244440100003,0.0
 05/12  08:00:00,51.858006081300005,0.0
 05/12  09:00:00,79.0524273404,0.0
 05/12  10:00:00,83.9580278461,0.0
 05/12  11:00:00,89.1005035161,0.0
 05/12  12:00:00,93.14577570719999,0.0
 05/12  13:00:00,97.41450262219999,0.0
 05/12  14:00:00,101.100640736,0.0
 05/12  15:00:00,103.975621821,0.0
 05/12  16:00:00,101.257586725,0.0
 05/12  17:00:00,92.4663522324,0.0
 05/12  18:00:00,76.528357767,0.0
 05/12  19:00:00,77.3859070015,0.0
 05/12  20:00:00,76.3989188994,0.0
 05/12  21:00:00,20.693606815,0.0
 05/12  22:00:00,12.569683660399999,0.0
 05/12  23:00:00,12.569683660399999,0.0
 05/12  24:00:00,12.569683660399999,0.0
 05/13  01:00:00,11.9712926821,0.0
 05/13  02:00:00,11.9712926821,0.0
 05/13  03:00:00,11.9712926821,0.0
 05/13  04:00:00,11.9712926821,0.0
 05/13  05:00:00,11.9712926821,0.0
 05/13  06:00:00,27.881923637899998,0.0
 05/13  07:00:00,26.212010589600002,0.0
 05/13  08:00:00,39.512934769699996,0.0
 05/13  09:00:00,61.9266737214,0.0
 05/13  10:00:00,83.3038045834,0.0
 05/13  11:00:00,91.34184476899999,0.0
 05/13  12:00:00,94.6517535691,0.0
 05/13  13:00:00,97.07124539889999,0.0
 05/13  14:00:00,99.7790940715,0.0
 05/13  15:00:00,101.37876296200001,0.0
 05/13  16:00:00,102.278729485,0.0
 05/13  17:00:00,100.02042324700001,0.0
 05/13  18:00:00,75.4039896238,0.0
 05/13  19:00:00,56.266833206499996,0.0
 05/13  20:00:00,55.855674191800006,0.0
 05/13  21:00:00,42.5914611797,0.0
 05/13  22:00:00,11.9712926821,0.0
 05/13  23:00:00,11.9712926821,0.0
 05/13  24:00:00,11.9712926821,0.0
 05/14  01:00:00,11.9712926821,0.0
 05/14  02:00:00,11.9712926821,0.0
 05/14  03:00:00,11.9712926821,0.0
 05/14  04:00:00,11.9712926821,0.0
 05/14  05:00:00,11.9712926821,0.0
 05/14  06:00:00,9.21595934877,0.0
 05/14  07:00:00,3.7052926820999996,0.0
 05/14  08:00:00,22.9948507751,0.0
 05/14  09:00:00,23.508272488200003,0.0
 05/14  10:00:00,42.8925980503,0.0
 05/14  11:00:00,45.678039033199994,0.0
 05/14  12:00:00,60.5035883563,0.0
 05/14  13:00:00,63.1548481271,0.0
 05/14  14:00:00,66.2597709501,0.0
 05/14  15:00:00,69.2529265692,0.0
 05/14  16:00:00,70.313269193,0.0
 05/14  17:00:00,57.9486804645,0.0
 05/14  18:00:00,44.774277894499996,0.0
 05/14  19:00:00,3.7052926820999996,0.0
 05/14  20:00:00,10.5936260154,0.0
 05/14  21:00:00,11.9712926821,0.0
 05/14  22:00:00,11.9712926821,0.0
 05/14  23:00:00,11.9712926821,0.0
 05/14  24:00:00,11.9712926821,0.0
 05/15  01:00:00,12.569683660399999,0.0
 05/15  02:00:00,12.569683660399999,0.0
 05/15  03:00:00,12.569683660399999,0.0
 05/15  04:00:00,12.569683660399999,0.0
 05/15  05:00:00,12.569683660399999,0.0
 05/15  06:00:00,24.4973319748,0.0
 05/15  07:00:00,27.1105884627,0.0
 05/15  08:00:00,42.2378606894,0.0
 05/15  09:00:00,64.788021142,0.0
 05/15  10:00:00,71.19738503319999,0.0
 05/15  11:00:00,76.70081217149999,0.0
 05/15  12:00:00,79.4110610624,0.0
 05/15  13:00:00,82.0678696534,0.0
 05/15  14:00:00,84.6387596891,0.0
 05/15  15:00:00,86.8909982876,0.0
 05/15  16:00:00,88.0882997692,0.0
 05/15  17:00:00,87.6522945966,0.0
 05/15  18:00:00,73.2745525548,0.0
 05/15  19:00:00,70.6024678318,0.0
 05/15  20:00:00,68.852643392,0.0
 05/15  21:00:00,20.693606815,0.0
 05/15  22:00:00,12.569683660399999,0.0
 05/15  23:00:00,12.569683660399999,0.0
 05/15  24:00:00,12.569683660399999,0.0
 05/16  01:00:00,12.569683660399999,0.0
 05/16  02:00:00,12.569683660399999,0.0
 05/16  03:00:00,12.569683660399999,0.0
 05/16  04:00:00,12.569683660399999,0.0
 05/16  05:00:00,12.569683660399999,0.0
 05/16  06:00:00,24.4973319748,0.0
 05/16  07:00:00,27.1105884627,0.0
 05/16  08:00:00,42.2480371062,0.0
 05/16  09:00:00,66.06343000609999,0.0
 05/16  10:00:00,72.323422483,0.0
 05/16  11:00:00,77.7975577777,0.0
 05/16  12:00:00,82.32990032,0.0
 05/16  13:00:00,86.1590457936,0.0
 05/16  14:00:00,89.6354440794,0.0
 05/16  15:00:00,92.3609764205,0.0
 05/16  16:00:00,92.5410036624,0.0
 05/16  17:00:00,91.871517201,0.0
 05/16  18:00:00,77.5757415492,0.0
 05/16  19:00:00,74.7627027417,0.0
 05/16  20:00:00,69.9554403784,0.0
 05/16  21:00:00,20.693606815,0.0
 05/16  22:00:00,12.569683660399999,0.0
 05/16  23:00:00,12.569683660399999,0.0
 05/16  24:00:00,12.569683660399999,0.0
 05/17  01:00:00,12.569683660399999,0.0
 05/17  02:00:00,12.569683660399999,0.0
 05/17  03:00:00,12.569683660399999,0.0
 05/17  04:00:00,12.569683660399999,0.0
 05/17  05:00:00,12.569683660399999,0.0
 05/17  06:00:00,24.4973319748,0.0
 05/17  07:00:00,27.1105884627,0.0
 05/17  08:00:00,42.9869723538,0.0
 05/17  09:00:00,69.2016253441,0.0
 05/17  10:00:00,73.2032317882,0.0
 05/17  11:00:00,77.6616057271,0.0
 05/17  12:00:00,81.1175900821,0.0
 05/17  13:00:00,84.67583885020001,0.0
 05/17  14:00:00,86.9131398417,0.0
 05/17  15:00:00,88.4502096323,0.0
 05/17  16:00:00,89.0016049311,0.0
 05/17  17:00:00,87.19414693620001,0.0
 05/17  18:00:00,72.0283439023,0.0
 05/17  19:00:00,69.5100768643,0.0
 05/17  20:00:00,66.8470476616,0.0
 05/17  21:00:00,20.693606815,0.0
 05/17  22:00:00,12.569683660399999,0.0
 05/17  23:00:00,12.569683660399999,0.0
 05/17  24:00:00,12.569683660399999,0.0
 05/18  01:00:00,12.569683660399999,0.0
 05/18  02:00:00,12.569683660399999,0.0
 05/18  03:00:00,12.569683660399999,0.0
 05/18  04:00:00,12.569683660399999,0.0
 05/18  05:00:00,12.569683660399999,0.0
 05/18  06:00:00,24.6030006506,5.377265147259999
 05/18  07:00:00,27.1722550071,0.728511132079
 05/18  08:00:00,42.161652815100005,0.0
 05/18  09:00:00,62.4233718727,0.0
 05/18  10:00:00,67.23370208029999,0.0
 05/18  11:00:00,70.6231316624,0.0
 05/18  12:00:00,73.412693279,0.0
 05/18  13:00:00,76.6464655594,0.0
 05/18  14:00:00,79.3887177278,0.0
 05/18  15:00:00,81.6385942616,0.0
 05/18  16:00:00,82.7548053943,0.0
 05/18  17:00:00,82.9338794208,0.0
 05/18  18:00:00,69.24088871720001,0.0
 05/18  19:00:00,66.416556713,0.0
 05/18  20:00:00,61.6288252484,0.0
 05/18  21:00:00,20.693606815,0.0
 05/18  22:00:00,12.569683660399999,0.0
 05/18  23:00:00,12.569683660399999,0.0
 05/18  24:00:00,12.569683660399999,0.0
 05/19  01:00:00,12.569683660399999,0.0
 05/19  02:00:00,12.569683660399999,0.0
 05/19  03:00:00,12.569683660399999,0.0
 05/19  04:00:00,12.569683660399999,0.0
 05/19  05:00:00,12.569683660399999,0.0
 05/19  06:00:00,24.601083167600002,1.0920341137799998
 05/19  07:00:00,27.178660159,0.19932165963
 05/19  08:00:00,42.161652815100005,0.0
 05/19  09:00:00,63.5416684366,0.0
 05/19  10:00:00,70.0656348606,0.0
 05/19  11:00:00,75.4528144943,0.0
 05/19  12:00:00,78.9413518525,0.0
 05/19  13:00:00,81.8676937179,0.0
 05/19  14:00:00,84.3305727941,0.0
 05/19  15:00:00,86.5729222121,0.0
 05/19  16:00:00,87.8452059272,0.0
 05/19  17:00:00,87.9944078585,0.0
 05/19  18:00:00,73.7752124808,0.0
 05/19  19:00:00,70.85003340189999,0.0
 05/19  20:00:00,68.1982088095,0.0
 05/19  21:00:00,20.693606815,0.0
 05/19  22:00:00,12.569683660399999,0.0
 05/19  23:00:00,12.569683660399999,0.0
 05/19  24:00:00,12.569683660399999,0.0
 05/20  01:00:00,11.9712926821,0.0
 05/20  02:00:00,11.9712926821,0.0
 05/20  03:00:00,11.9712926821,0.0
 05/20  04:00:00,11.9712926821,0.0
 05/20  05:00:00,11.9712926821,0.0
 05/20  06:00:00,23.898940996500002,0.0
 05/20  07:00:00,22.0935670119,0.0
 05/20  08:00:00,32.3352932696,0.0
 05/20  09:00:00,56.1354471746,0.0
 05/20  10:00:00,75.710154891,0.0
 05/20  11:00:00,80.7583426635,0.0
 05/20  12:00:00,85.3309393723,0.0
 05/20  13:00:00,89.105766366,0.0
 05/20  14:00:00,92.5002621156,0.0
 05/20  15:00:00,95.6381223286,0.0
 05/20  16:00:00,97.36474079540001,0.0
 05/20  17:00:00,97.00715893809999,0.0
 05/20  18:00:00,74.9038364796,0.0
 05/20  19:00:00,62.200486592,0.0
 05/20  20:00:00,64.62929852100001,0.0
 05/20  21:00:00,52.3876724812,0.0
 05/20  22:00:00,11.9712926821,0.0
 05/20  23:00:00,11.9712926821,0.0
 05/20  24:00:00,11.9712926821,0.0
 05/21  01:00:00,11.9712926821,0.0
 05/21  02:00:00,11.9712926821,0.0
 05/21  03:00:00,11.9712926821,0.0
 05/21  04:00:00,11.9712926821,0.0
 05/21  05:00:00,11.9712926821,0.0
 05/21  06:00:00,9.21595934877,0.0
 05/21  07:00:00,3.7052926820999996,0.0
 05/21  08:00:00,25.3242031507,0.0
 05/21  09:00:00,30.9087937833,0.0
 05/21  10:00:00,51.8832359838,0.0
 05/21  11:00:00,56.123245071199996,0.0
 05/21  12:00:00,73.0458660474,0.0
 05/21  13:00:00,78.0508761531,0.0
 05/21  14:00:00,81.04490061930001,0.0
 05/21  15:00:00,81.7422662491,0.0
 05/21  16:00:00,83.100286179,0.0
 05/21  17:00:00,73.3063791306,0.0
 05/21  18:00:00,60.9746237874,0.0
 05/21  19:00:00,3.7052926820999996,0.0
 05/21  20:00:00,9.21595934877,0.0
 05/21  21:00:00,11.9712926821,0.0
 05/21  22:00:00,11.9712926821,0.0
 05/21  23:00:00,11.9712926821,0.0
 05/21  24:00:00,11.9712926821,0.0
 05/22  01:00:00,12.569683660399999,0.0
 05/22  02:00:00,12.569683660399999,0.0
 05/22  03:00:00,12.569683660399999,0.0
 05/22  04:00:00,12.569683660399999,0.0
 05/22  05:00:00,12.569683660399999,0.0
 05/22  06:00:00,26.069393963699998,0.0
 05/22  07:00:00,28.1182967241,0.0
 05/22  08:00:00,48.5655814888,0.0
 05/22  09:00:00,76.377579266,0.0
 05/22  10:00:00,80.8431375173,0.0
 05/22  11:00:00,85.8917488849,0.0
 05/22  12:00:00,89.04810868969999,0.0
 05/22  13:00:00,91.7991834273,0.0
 05/22  14:00:00,94.1669410033,0.0
 05/22  15:00:00,96.370045124,0.0
 05/22  16:00:00,96.1986822424,0.0
 05/22  17:00:00,95.9071924032,0.0
 05/22  18:00:00,81.7580136175,0.0
 05/22  19:00:00,78.3967095136,0.0
 05/22  20:00:00,74.9328252826,0.0
 05/22  21:00:00,20.693606815,0.0
 05/22  22:00:00,12.569683660399999,0.0
 05/22  23:00:00,12.569683660399999,0.0
 05/22  24:00:00,12.569683660399999,0.0
 05/23  01:00:00,12.569683660399999,0.0
 05/23  02:00:00,12.569683660399999,0.0
 05/23  03:00:00,12.569683660399999,0.0
 05/23  04:00:00,12.569683660399999,0.0
 05/23  05:00:00,12.569683660399999,0.0
 05/23  06:00:00,32.356327026500004,0.0
 05/23  07:00:00,33.6709681707,0.0
 05/23  08:00:00,50.7104846166,0.0
 05/23  09:00:00,72.3973304893,0.0
 05/23  10:00:00,72.9983513854,0.0
 05/23  11:00:00,77.0096283958,0.0
 05/23  12:00:00,82.4014442,0.0
 05/23  13:00:00,86.15796414649999,0.0
 05/23  14:00:00,87.8859686917,0.0
 05/23  15:00:00,89.7031636292,0.0
 05/23  16:00:00,83.7464610464,0.0
 05/23  17:00:00,78.5767901441,0.0
 05/23  18:00:00,63.4298721751,0.0
 05/23  19:00:00,60.6149752684,0.0
 05/23  20:00:00,59.0010605775,0.0
 05/23  21:00:00,20.693606815,0.0
 05/23  22:00:00,12.569683660399999,0.0
 05/23  23:00:00,12.569683660399999,0.0
 05/23  24:00:00,12.569683660399999,0.0
 05/24  01:00:00,12.569683660399999,0.0
 05/24  02:00:00,12.569683660399999,0.0
 05/24  03:00:00,12.569683660399999,0.0
 05/24  04:00:00,12.569683660399999,0.0
 05/24  05:00:00,12.569683660399999,0.0
 05/24  06:00:00,24.4973319748,0.0
 05/24  07:00:00,27.256215912,0.0
 05/24  08:00:00,44.9389244454,0.0
 05/24  09:00:00,70.4125755126,0.0
 05/24  10:00:00,74.4496051607,0.0
 05/24  11:00:00,79.6086544226,0.0
 05/24  12:00:00,82.7988750574,0.0
 05/24  13:00:00,84.8680885166,0.0
 05/24  14:00:00,87.8845260586,0.0
 05/24  15:00:00,90.56548538879998,0.0
 05/24  16:00:00,90.94459333420001,0.0
 05/24  17:00:00,88.08101389309999,0.0
 05/24  18:00:00,74.2835265442,0.0
 05/24  19:00:00,72.2534423649,0.0
 05/24  20:00:00,68.4994741095,0.0
 05/24  21:00:00,20.693606815,0.0
 05/24  22:00:00,12.569683660399999,0.0
 05/24  23:00:00,12.569683660399999,0.0
 05/24  24:00:00,12.569683660399999,0.0
 05/25  01:00:00,12.569683660399999,0.0
 05/25  02:00:00,12.569683660399999,0.0
 05/25  03:00:00,12.569683660399999,0.0
 05/25  04:00:00,12.569683660399999,0.0
 05/25  05:00:00,12.569683660399999,0.0
 05/25  06:00:00,24.4973319748,0.0
 05/25  07:00:00,27.1105884627,0.0
 05/25  08:00:00,42.1871960306,0.0
 05/25  09:00:00,61.6054584521,0.0
 05/25  10:00:00,64.6139906389,0.0
 05/25  11:00:00,68.01439401,0.0
 05/25  12:00:00,70.26474243850001,0.0
 05/25  13:00:00,72.2026288422,0.0
 05/25  14:00:00,74.0493430468,0.0
 05/25  15:00:00,76.1544449751,0.0
 05/25  16:00:00,76.7198946944,0.0
 05/25  17:00:00,76.18860898,0.0
 05/25  18:00:00,62.5558749995,0.0
 05/25  19:00:00,60.3847836924,0.0
 05/25  20:00:00,58.6564925671,0.0
 05/25  21:00:00,20.693606815,0.0
 05/25  22:00:00,12.569683660399999,0.0
 05/25  23:00:00,12.569683660399999,0.0
 05/25  24:00:00,12.569683660399999,0.0
 05/26  01:00:00,12.569683660399999,0.0
 05/26  02:00:00,12.569683660399999,0.0
 05/26  03:00:00,12.569683660399999,0.0
 05/26  04:00:00,12.569683660399999,0.0
 05/26  05:00:00,12.569683660399999,0.0
 05/26  06:00:00,24.971925325,31.3171050104
 05/26  07:00:00,27.4899631412,23.080383799299998
 05/26  08:00:00,42.316697518000005,1.30215467532
 05/26  09:00:00,59.8600523885,0.0
 05/26  10:00:00,61.186665619399996,0.0
 05/26  11:00:00,64.20753539569999,0.0
 05/26  12:00:00,66.5482601645,0.0
 05/26  13:00:00,69.0375493675,0.0
 05/26  14:00:00,71.1574008071,0.0
 05/26  15:00:00,74.0447564832,0.0
 05/26  16:00:00,75.3670843385,0.0
 05/26  17:00:00,75.2828725081,0.0
 05/26  18:00:00,62.275335212899996,0.0
 05/26  19:00:00,60.6063912841,0.0
 05/26  20:00:00,59.3840645766,0.0
 05/26  21:00:00,20.693606815,0.0
 05/26  22:00:00,12.569683660399999,0.0
 05/26  23:00:00,12.569683660399999,0.0
 05/26  24:00:00,12.569683660399999,0.0
 05/27  01:00:00,11.9712926821,0.0
 05/27  02:00:00,11.9712926821,0.0
 05/27  03:00:00,11.9712926821,0.0
 05/27  04:00:00,11.9712926821,0.0
 05/27  05:00:00,11.9712926821,0.0
 05/27  06:00:00,24.332725095300002,25.1967120164
 05/27  07:00:00,22.4226047713,16.170885017699998
 05/27  08:00:00,32.2193747486,0.294304341058
 05/27  09:00:00,47.2683659659,0.0
 05/27  10:00:00,64.58337565229999,0.0
 05/27  11:00:00,69.3742601929,0.0
 05/27  12:00:00,72.6814070451,0.0
 05/27  13:00:00,75.8800688649,0.0
 05/27  14:00:00,78.8728470224,0.0
 05/27  15:00:00,80.7924534293,0.0
 05/27  16:00:00,82.14317474479999,0.0
 05/27  17:00:00,82.25272321189999,0.0
 05/27  18:00:00,60.7496589972,0.0
 05/27  19:00:00,48.289173336800005,0.0
 05/27  20:00:00,52.4958832305,0.0
 05/27  21:00:00,41.3591820415,0.0
 05/27  22:00:00,11.9712926821,0.0
 05/27  23:00:00,11.9712926821,0.0
 05/27  24:00:00,11.9712926821,0.0
 05/28  01:00:00,11.9712926821,0.0
 05/28  02:00:00,11.9712926821,0.0
 05/28  03:00:00,11.9712926821,0.0
 05/28  04:00:00,11.9712926821,0.0
 05/28  05:00:00,11.9712926821,0.0
 05/28  06:00:00,9.21595934877,0.0
 05/28  07:00:00,3.7052926820999996,0.0
 05/28  08:00:00,22.0935670119,0.0
 05/28  09:00:00,22.0935670119,0.0
 05/28  10:00:00,40.1410556771,0.0
 05/28  11:00:00,44.5922830895,0.0
 05/28  12:00:00,59.8685965892,0.0
 05/28  13:00:00,63.544598554,0.0
 05/28  14:00:00,67.6308672768,0.0
 05/28  15:00:00,70.64464915,0.0
 05/28  16:00:00,72.5083774403,0.0
 05/28  17:00:00,61.454186267,0.0
 05/28  18:00:00,49.7394052545,0.0
 05/28  19:00:00,3.7052926820999996,0.0
 05/28  20:00:00,9.21595934877,0.0
 05/28  21:00:00,11.9712926821,0.0
 05/28  22:00:00,11.9712926821,0.0
 05/28  23:00:00,11.9712926821,0.0
 05/28  24:00:00,11.9712926821,0.0
 05/29  01:00:00,11.9712926821,0.0
 05/29  02:00:00,11.9712926821,0.0
 05/29  03:00:00,11.9712926821,0.0
 05/29  04:00:00,11.9712926821,0.0
 05/29  05:00:00,11.9712926821,0.0
 05/29  06:00:00,9.21595934877,0.0
 05/29  07:00:00,3.7052926820999996,0.0
 05/29  08:00:00,22.2214415084,0.0
 05/29  09:00:00,26.1254059748,0.0
 05/29  10:00:00,49.1103466288,0.0
 05/29  11:00:00,52.951262471899994,0.0
 05/29  12:00:00,68.4951820302,0.0
 05/29  13:00:00,72.5816742922,0.0
 05/29  14:00:00,76.8312739501,0.0
 05/29  15:00:00,79.1044299867,0.0
 05/29  16:00:00,79.9952030854,0.0
 05/29  17:00:00,69.8875251817,0.0
 05/29  18:00:00,57.56983264,0.0
 05/29  19:00:00,3.7052926820999996,0.0
 05/29  20:00:00,9.21595934877,0.0
 05/29  21:00:00,11.9712926821,0.0
 05/29  22:00:00,11.9712926821,0.0
 05/29  23:00:00,11.9712926821,0.0
 05/29  24:00:00,11.9712926821,0.0
 05/30  01:00:00,12.569683660399999,0.0
 05/30  02:00:00,12.569683660399999,0.0
 05/30  03:00:00,12.569683660399999,0.0
 05/30  04:00:00,12.569683660399999,0.0
 05/30  05:00:00,12.569683660399999,0.0
 05/30  06:00:00,24.9922556177,0.0
 05/30  07:00:00,28.0785508193,0.0
 05/30  08:00:00,47.708219890500004,0.0
 05/30  09:00:00,76.2402489199,0.0
 05/30  10:00:00,82.207393792,0.0
 05/30  11:00:00,86.9084081985,0.0
 05/30  12:00:00,90.14955070389999,0.0
 05/30  13:00:00,93.351279353,0.0
 05/30  14:00:00,88.54606250309999,0.0
 05/30  15:00:00,89.0743571739,0.0
 05/30  16:00:00,94.13696564770001,0.0
 05/30  17:00:00,95.8535730053,0.0
 05/30  18:00:00,82.7439834903,0.0
 05/30  19:00:00,78.54043566680001,0.0
 05/30  20:00:00,74.1823524965,0.0
 05/30  21:00:00,20.693606815,0.0
 05/30  22:00:00,12.569683660399999,0.0
 05/30  23:00:00,12.569683660399999,0.0
 05/30  24:00:00,12.569683660399999,0.0
 05/31  01:00:00,12.569683660399999,0.0
 05/31  02:00:00,12.569683660399999,0.0
 05/31  03:00:00,12.569683660399999,0.0
 05/31  04:00:00,12.569683660399999,0.0
 05/31  05:00:00,12.569683660399999,0.0
 05/31  06:00:00,31.200556246399998,0.0
 05/31  07:00:00,35.0450940419,0.0
 05/31  08:00:00,56.887521971000005,0.0
 05/31  09:00:00,84.3205456845,0.0
 05/31  10:00:00,88.8665640762,0.0
 05/31  11:00:00,93.5713967601,0.0
 05/31  12:00:00,96.3856399918,0.0
 05/31  13:00:00,98.9006469126,0.0
 05/31  14:00:00,100.972946814,0.0
 05/31  15:00:00,103.90582562200001,0.0
 05/31  16:00:00,104.248944103,0.0
 05/31  17:00:00,102.609757448,0.0
 05/31  18:00:00,86.22000971930001,0.0
 05/31  19:00:00,81.6835137006,0.0
 05/31  20:00:00,79.3537186759,0.0
 05/31  21:00:00,20.693606815,0.0
 05/31  22:00:00,12.569683660399999,0.0
 05/31  23:00:00,12.569683660399999,0.0
 05/31  24:00:00,12.569683660399999,0.0
 06/01  01:00:00,12.569683660399999,0.0
 06/01  02:00:00,12.569683660399999,0.0
 06/01  03:00:00,12.569683660399999,0.0
 06/01  04:00:00,12.569683660399999,0.0
 06/01  05:00:00,12.569683660399999,0.0
 06/01  06:00:00,25.815792067399997,0.0
 06/01  07:00:00,29.036794588299998,0.0
 06/01  08:00:00,53.5961846998,0.0
 06/01  09:00:00,83.67066874689999,0.0
 06/01  10:00:00,89.4724083907,0.0
 06/01  11:00:00,96.033582131,0.0
 06/01  12:00:00,98.0660935432,0.0
 06/01  13:00:00,100.67386700200001,0.0
 06/01  14:00:00,102.097812815,0.0
 06/01  15:00:00,104.04730145,0.0
 06/01  16:00:00,98.5503876407,0.0
 06/01  17:00:00,90.22975975799999,0.0
 06/01  18:00:00,73.7444334364,0.0
 06/01  19:00:00,70.5460642526,0.0
 06/01  20:00:00,66.8594546433,0.0
 06/01  21:00:00,20.693606815,0.0
 06/01  22:00:00,12.569683660399999,0.0
 06/01  23:00:00,12.569683660399999,0.0
 06/01  24:00:00,12.569683660399999,0.0
 06/02  01:00:00,12.569683660399999,0.0
 06/02  02:00:00,12.569683660399999,0.0
 06/02  03:00:00,12.569683660399999,0.0
 06/02  04:00:00,12.569683660399999,0.0
 06/02  05:00:00,12.569683660399999,0.0
 06/02  06:00:00,24.4973319748,0.0
 06/02  07:00:00,27.619410045100004,0.0
 06/02  08:00:00,51.5981346392,0.0
 06/02  09:00:00,81.0107993545,0.0
 06/02  10:00:00,86.5814459697,0.0
 06/02  11:00:00,92.8566691733,0.0
 06/02  12:00:00,97.09115909639999,0.0
 06/02  13:00:00,96.8099073593,0.0
 06/02  14:00:00,86.4776712273,0.0
 06/02  15:00:00,81.0348215289,0.0
 06/02  16:00:00,83.4952434306,0.0
 06/02  17:00:00,84.2617110071,0.0
 06/02  18:00:00,70.1840193474,0.0
 06/02  19:00:00,67.2881870753,0.0
 06/02  20:00:00,64.4815679152,0.0
 06/02  21:00:00,20.693606815,0.0
 06/02  22:00:00,12.569683660399999,0.0
 06/02  23:00:00,12.569683660399999,0.0
 06/02  24:00:00,12.569683660399999,0.0
 06/03  01:00:00,11.9712926821,0.0
 06/03  02:00:00,11.9712926821,0.0
 06/03  03:00:00,11.9712926821,0.0
 06/03  04:00:00,11.9712926821,0.0
 06/03  05:00:00,11.9712926821,0.0
 06/03  06:00:00,25.6884542685,0.0
 06/03  07:00:00,27.780056402600003,0.0
 06/03  08:00:00,41.5889351601,0.0
 06/03  09:00:00,62.800839898999996,0.0
 06/03  10:00:00,79.9767472428,0.0
 06/03  11:00:00,80.2327126563,0.0
 06/03  12:00:00,80.4367766191,0.0
 06/03  13:00:00,85.2306575993,0.0
 06/03  14:00:00,86.15424151280001,0.0
 06/03  15:00:00,84.0965511237,0.0
 06/03  16:00:00,83.555757939,0.0
 06/03  17:00:00,84.0061801952,0.0
 06/03  18:00:00,60.4747416682,0.0
 06/03  19:00:00,46.6125785125,0.0
 06/03  20:00:00,49.6600109396,0.0
 06/03  21:00:00,41.0333432685,0.0
 06/03  22:00:00,11.9712926821,0.0
 06/03  23:00:00,11.9712926821,0.0
 06/03  24:00:00,11.9712926821,0.0
 06/04  01:00:00,11.9712926821,0.0
 06/04  02:00:00,11.9712926821,0.0
 06/04  03:00:00,11.9712926821,0.0
 06/04  04:00:00,11.9712926821,0.0
 06/04  05:00:00,11.9712926821,0.0
 06/04  06:00:00,7.8382926821000005,0.0
 06/04  07:00:00,3.7052926820999996,0.0
 06/04  08:00:00,27.0271028677,0.0
 06/04  09:00:00,30.606042776,0.0
 06/04  10:00:00,51.7893679,0.0
 06/04  11:00:00,56.2775357916,0.0
 06/04  12:00:00,76.2148550718,0.0
 06/04  13:00:00,80.0865292966,0.0
 06/04  14:00:00,81.8065948375,0.0
 06/04  15:00:00,82.86016864930001,0.0
 06/04  16:00:00,82.08056510770001,0.0
 06/04  17:00:00,63.958772294,0.0
 06/04  18:00:00,48.957662491499995,0.0
 06/04  19:00:00,3.7052926820999996,0.0
 06/04  20:00:00,7.8382926821000005,0.0
 06/04  21:00:00,11.9712926821,0.0
 06/04  22:00:00,11.9712926821,0.0
 06/04  23:00:00,11.9712926821,0.0
 06/04  24:00:00,11.9712926821,0.0
 06/05  01:00:00,12.569683660399999,0.0
 06/05  02:00:00,12.569683660399999,0.0
 06/05  03:00:00,12.569683660399999,0.0
 06/05  04:00:00,12.569683660399999,0.0
 06/05  05:00:00,12.569683660399999,0.0
 06/05  06:00:00,24.8794573196,0.0
 06/05  07:00:00,32.0565662233,0.0
 06/05  08:00:00,54.273907226700004,0.0
 06/05  09:00:00,80.85832911050001,0.0
 06/05  10:00:00,83.9782446766,0.0
 06/05  11:00:00,88.0093995148,0.0
 06/05  12:00:00,86.41120664719999,0.0
 06/05  13:00:00,87.7611187744,0.0
 06/05  14:00:00,92.6658339627,0.0
 06/05  15:00:00,96.18240841389999,0.0
 06/05  16:00:00,96.8013027792,0.0
 06/05  17:00:00,94.3160002874,0.0
 06/05  18:00:00,79.5006545174,0.0
 06/05  19:00:00,78.5200364598,0.0
 06/05  20:00:00,75.5740662386,0.0
 06/05  21:00:00,20.693606815,0.0
 06/05  22:00:00,12.569683660399999,0.0
 06/05  23:00:00,12.569683660399999,0.0
 06/05  24:00:00,12.569683660399999,0.0
 06/06  01:00:00,12.569683660399999,0.0
 06/06  02:00:00,12.569683660399999,0.0
 06/06  03:00:00,12.569683660399999,0.0
 06/06  04:00:00,12.569683660399999,0.0
 06/06  05:00:00,12.569683660399999,0.0
 06/06  06:00:00,29.662846944899997,0.0
 06/06  07:00:00,36.0767035027,0.0
 06/06  08:00:00,56.9717834781,0.0
 06/06  09:00:00,83.8820683882,0.0
 06/06  10:00:00,89.8628098367,0.0
 06/06  11:00:00,95.10770071549999,0.0
 06/06  12:00:00,98.9217963542,0.0
 06/06  13:00:00,102.249234337,0.0
 06/06  14:00:00,98.9648380712,0.0
 06/06  15:00:00,96.1478015884,0.0
 06/06  16:00:00,94.763963386,0.0
 06/06  17:00:00,92.94902618319999,0.0
 06/06  18:00:00,78.8326879734,0.0
 06/06  19:00:00,74.91318914840001,0.0
 06/06  20:00:00,70.26139158810001,0.0
 06/06  21:00:00,20.693606815,0.0
 06/06  22:00:00,12.569683660399999,0.0
 06/06  23:00:00,12.569683660399999,0.0
 06/06  24:00:00,12.569683660399999,0.0
 06/07  01:00:00,12.569683660399999,0.0
 06/07  02:00:00,12.569683660399999,0.0
 06/07  03:00:00,12.569683660399999,0.0
 06/07  04:00:00,12.569683660399999,0.0
 06/07  05:00:00,12.569683660399999,0.0
 06/07  06:00:00,23.9025179325,0.0
 06/07  07:00:00,30.3548691817,0.0
 06/07  08:00:00,52.2499575469,0.0
 06/07  09:00:00,79.1009885526,0.0
 06/07  10:00:00,86.8095611073,0.0
 06/07  11:00:00,94.77489559930001,0.0
 06/07  12:00:00,96.0250795899,0.0
 06/07  13:00:00,99.2731734135,0.0
 06/07  14:00:00,104.114852899,0.0
 06/07  15:00:00,106.36576583700001,0.0
 06/07  16:00:00,105.64445224,0.0
 06/07  17:00:00,104.881464251,0.0
 06/07  18:00:00,90.8541662923,0.0
 06/07  19:00:00,86.93060079600001,0.0
 06/07  20:00:00,82.1314812744,0.0
 06/07  21:00:00,20.693606815,0.0
 06/07  22:00:00,12.569683660399999,0.0
 06/07  23:00:00,12.569683660399999,0.0
 06/07  24:00:00,12.569683660399999,0.0
 06/08  01:00:00,12.569683660399999,0.0
 06/08  02:00:00,12.569683660399999,0.0
 06/08  03:00:00,12.569683660399999,0.0
 06/08  04:00:00,12.569683660399999,0.0
 06/08  05:00:00,12.569683660399999,0.0
 06/08  06:00:00,42.0614987136,0.0
 06/08  07:00:00,44.451028912,0.0
 06/08  08:00:00,65.716010329,0.0
 06/08  09:00:00,93.44328370049999,0.0
 06/08  10:00:00,96.6423191011,0.0
 06/08  11:00:00,99.2923428284,0.0
 06/08  12:00:00,101.30887117399999,0.0
 06/08  13:00:00,102.917338251,0.0
 06/08  14:00:00,103.98761207,0.0
 06/08  15:00:00,104.054847076,0.0
 06/08  16:00:00,97.362067439,0.0
 06/08  17:00:00,95.3711377305,0.0
 06/08  18:00:00,79.4889686924,0.0
 06/08  19:00:00,72.7382909171,0.0
 06/08  20:00:00,69.98921910520001,0.0
 06/08  21:00:00,20.693606815,0.0
 06/08  22:00:00,12.569683660399999,0.0
 06/08  23:00:00,12.569683660399999,0.0
 06/08  24:00:00,12.569683660399999,0.0
 06/09  01:00:00,12.569683660399999,0.0
 06/09  02:00:00,12.569683660399999,0.0
 06/09  03:00:00,12.569683660399999,0.0
 06/09  04:00:00,12.569683660399999,0.0
 06/09  05:00:00,12.569683660399999,0.0
 06/09  06:00:00,41.0561298761,0.0
 06/09  07:00:00,42.5826709747,0.0
 06/09  08:00:00,61.0872128924,0.0
 06/09  09:00:00,86.74031918370001,0.0
 06/09  10:00:00,90.4446021576,0.0
 06/09  11:00:00,94.60681019,0.0
 06/09  12:00:00,95.4295863592,0.0
 06/09  13:00:00,97.7236175974,0.0
 06/09  14:00:00,96.8071982337,0.0
 06/09  15:00:00,99.9928987904,0.0
 06/09  16:00:00,104.13255304100001,0.0
 06/09  17:00:00,100.629780115,0.0
 06/09  18:00:00,83.4931023769,0.0
 06/09  19:00:00,81.3343314785,0.0
 06/09  20:00:00,75.89570800199999,0.0
 06/09  21:00:00,20.693606815,0.0
 06/09  22:00:00,12.569683660399999,0.0
 06/09  23:00:00,12.569683660399999,0.0
 06/09  24:00:00,12.569683660399999,0.0
 06/10  01:00:00,11.9712926821,0.0
 06/10  02:00:00,11.9712926821,0.0
 06/10  03:00:00,11.9712926821,0.0
 06/10  04:00:00,11.9712926821,0.0
 06/10  05:00:00,11.9712926821,0.0
 06/10  06:00:00,30.2555452412,0.0
 06/10  07:00:00,29.3146569196,0.0
 06/10  08:00:00,43.52745105979999,0.0
 06/10  09:00:00,69.6268221431,0.0
 06/10  10:00:00,90.90828389290002,0.0
 06/10  11:00:00,96.327794459,0.0
 06/10  12:00:00,100.62079559,0.0
 06/10  13:00:00,103.910023083,0.0
 06/10  14:00:00,106.289297661,0.0
 06/10  15:00:00,103.923808284,0.0
 06/10  16:00:00,97.0720518614,0.0
 06/10  17:00:00,93.3051416258,0.0
 06/10  18:00:00,71.9796594196,0.0
 06/10  19:00:00,60.4379618687,0.0
 06/10  20:00:00,62.7392410544,0.0
 06/10  21:00:00,51.9283719786,0.0
 06/10  22:00:00,11.9712926821,0.0
 06/10  23:00:00,11.9712926821,0.0
 06/10  24:00:00,11.9712926821,0.0
 06/11  01:00:00,11.9712926821,0.0
 06/11  02:00:00,11.9712926821,0.0
 06/11  03:00:00,11.9712926821,0.0
 06/11  04:00:00,11.9712926821,0.0
 06/11  05:00:00,11.9712926821,0.0
 06/11  06:00:00,7.8382926821000005,0.0
 06/11  07:00:00,3.7052926820999996,0.0
 06/11  08:00:00,38.5294284892,0.0
 06/11  09:00:00,38.559620892199995,0.0
 06/11  10:00:00,59.470492651899995,0.0
 06/11  11:00:00,61.7421975239,0.0
 06/11  12:00:00,78.4924462094,0.0
 06/11  13:00:00,84.9665259669,0.0
 06/11  14:00:00,86.87812859469999,0.0
 06/11  15:00:00,87.1533304287,0.0
 06/11  16:00:00,87.3009011485,0.0
 06/11  17:00:00,75.9922309689,0.0
 06/11  18:00:00,59.8394544442,0.0
 06/11  19:00:00,3.7052926820999996,0.0
 06/11  20:00:00,7.8382926821000005,0.0
 06/11  21:00:00,11.9712926821,0.0
 06/11  22:00:00,11.9712926821,0.0
 06/11  23:00:00,11.9712926821,0.0
 06/11  24:00:00,11.9712926821,0.0
 06/12  01:00:00,12.569683660399999,0.0
 06/12  02:00:00,12.569683660399999,0.0
 06/12  03:00:00,12.569683660399999,0.0
 06/12  04:00:00,12.569683660399999,0.0
 06/12  05:00:00,12.569683660399999,0.0
 06/12  06:00:00,32.209319106500004,0.0
 06/12  07:00:00,37.2172851567,0.0
 06/12  08:00:00,56.451095027,0.0
 06/12  09:00:00,80.6119914464,0.0
 06/12  10:00:00,83.8883664976,0.0
 06/12  11:00:00,89.45300820530001,0.0
 06/12  12:00:00,94.0664831939,0.0
 06/12  13:00:00,97.61207310540001,0.0
 06/12  14:00:00,100.065251069,0.0
 06/12  15:00:00,103.776212727,0.0
 06/12  16:00:00,105.288238766,0.0
 06/12  17:00:00,104.117010833,0.0
 06/12  18:00:00,88.93668596010001,0.0
 06/12  19:00:00,85.8008788975,0.0
 06/12  20:00:00,80.732591429,0.0
 06/12  21:00:00,20.693606815,0.0
 06/12  22:00:00,12.569683660399999,0.0
 06/12  23:00:00,12.569683660399999,0.0
 06/12  24:00:00,12.569683660399999,0.0
 06/13  01:00:00,12.569683660399999,0.0
 06/13  02:00:00,12.569683660399999,0.0
 06/13  03:00:00,12.569683660399999,0.0
 06/13  04:00:00,12.569683660399999,0.0
 06/13  05:00:00,12.569683660399999,0.0
 06/13  06:00:00,28.8060875443,0.0
 06/13  07:00:00,34.3278029373,0.0
 06/13  08:00:00,56.8133679887,0.0
 06/13  09:00:00,85.7508478121,0.0
 06/13  10:00:00,91.71473436790001,0.0
 06/13  11:00:00,96.1737606395,0.0
 06/13  12:00:00,100.80244375,0.0
 06/13  13:00:00,105.438834765,0.0
 06/13  14:00:00,106.770882863,0.0
 06/13  15:00:00,109.284888084,0.0
 06/13  16:00:00,112.133042949,0.0
 06/13  17:00:00,112.904086265,0.0
 06/13  18:00:00,96.6736754774,0.0
 06/13  19:00:00,91.0057413019,0.0
 06/13  20:00:00,83.2153938263,0.0
 06/13  21:00:00,20.693606815,0.0
 06/13  22:00:00,12.569683660399999,0.0
 06/13  23:00:00,12.569683660399999,0.0
 06/13  24:00:00,12.569683660399999,0.0
 06/14  01:00:00,12.569683660399999,0.0
 06/14  02:00:00,12.569683660399999,0.0
 06/14  03:00:00,12.569683660399999,0.0
 06/14  04:00:00,12.569683660399999,0.0
 06/14  05:00:00,12.569683660399999,0.0
 06/14  06:00:00,27.321592357600004,0.0
 06/14  07:00:00,31.778843004299997,0.0
 06/14  08:00:00,52.05772833,0.0
 06/14  09:00:00,77.6819621127,0.0
 06/14  10:00:00,83.3656178336,0.0
 06/14  11:00:00,91.6166889817,0.0
 06/14  12:00:00,98.0308648277,0.0
 06/14  13:00:00,100.263495371,0.0
 06/14  14:00:00,102.846548609,0.0
 06/14  15:00:00,105.91984030299999,0.0
 06/14  16:00:00,106.938091163,0.0
 06/14  17:00:00,107.504742975,0.0
 06/14  18:00:00,94.9592001601,0.0
 06/14  19:00:00,87.6722775268,0.0
 06/14  20:00:00,83.03091622550001,0.0
 06/14  21:00:00,20.693606815,0.0
 06/14  22:00:00,12.569683660399999,0.0
 06/14  23:00:00,12.569683660399999,0.0
 06/14  24:00:00,12.569683660399999,0.0
 06/15  01:00:00,12.569683660399999,0.0
 06/15  02:00:00,12.569683660399999,0.0
 06/15  03:00:00,12.569683660399999,0.0
 06/15  04:00:00,12.569683660399999,0.0
 06/15  05:00:00,12.569683660399999,0.0
 06/15  06:00:00,40.5921709037,0.0
 06/15  07:00:00,41.9622486959,0.0
 06/15  08:00:00,60.272757212200005,0.0
 06/15  09:00:00,84.7579210826,0.0
 06/15  10:00:00,87.2556941517,0.0
 06/15  11:00:00,89.53794071280001,0.0
 06/15  12:00:00,90.90421924120001,0.0
 06/15  13:00:00,92.08731105540001,0.0
 06/15  14:00:00,91.9523573706,0.0
 06/15  15:00:00,92.65018000049999,0.0
 06/15  16:00:00,92.8214599496,0.0
 06/15  17:00:00,92.76302576280001,0.0
 06/15  18:00:00,77.997660921,0.0
 06/15  19:00:00,75.9490678186,0.0
 06/15  20:00:00,74.6144795909,0.0
 06/15  21:00:00,20.693606815,0.0
 06/15  22:00:00,12.569683660399999,0.0
 06/15  23:00:00,12.569683660399999,0.0
 06/15  24:00:00,12.569683660399999,0.0
 06/16  01:00:00,12.569683660399999,0.0
 06/16  02:00:00,12.569683660399999,0.0
 06/16  03:00:00,12.569683660399999,0.0
 06/16  04:00:00,12.569683660399999,0.0
 06/16  05:00:00,12.569683660399999,0.0
 06/16  06:00:00,29.948870441599997,0.0
 06/16  07:00:00,34.1897609478,0.0
 06/16  08:00:00,53.7006185996,0.0
 06/16  09:00:00,79.53568338859999,0.0
 06/16  10:00:00,83.00411478470001,0.0
 06/16  11:00:00,88.882648982,0.0
 06/16  12:00:00,91.9663021998,0.0
 06/16  13:00:00,92.89124742610001,0.0
 06/16  14:00:00,95.3127188073,0.0
 06/16  15:00:00,99.2933659712,0.0
 06/16  16:00:00,100.93525639100001,0.0
 06/16  17:00:00,101.12320112200001,0.0
 06/16  18:00:00,87.19303308639999,0.0
 06/16  19:00:00,83.9107356273,0.0
 06/16  20:00:00,80.1195212896,0.0
 06/16  21:00:00,20.693606815,0.0
 06/16  22:00:00,12.569683660399999,0.0
 06/16  23:00:00,12.569683660399999,0.0
 06/16  24:00:00,12.569683660399999,0.0
 06/17  01:00:00,11.9712926821,0.0
 06/17  02:00:00,11.9712926821,0.0
 06/17  03:00:00,11.9712926821,0.0
 06/17  04:00:00,11.9712926821,0.0
 06/17  05:00:00,11.9712926821,0.0
 06/17  06:00:00,32.09590453,0.0
 06/17  07:00:00,30.2839652406,0.0
 06/17  08:00:00,43.5737192495,0.0
 06/17  09:00:00,65.9457729276,0.0
 06/17  10:00:00,83.25272293569999,0.0
 06/17  11:00:00,87.0967334853,0.0
 06/17  12:00:00,89.97071360940001,0.0
 06/17  13:00:00,93.0858100601,0.0
 06/17  14:00:00,96.05640215209999,0.0
 06/17  15:00:00,98.6755614496,0.0
 06/17  16:00:00,100.153354765,0.0
 06/17  17:00:00,99.77043064629999,0.0
 06/17  18:00:00,77.6753448155,0.0
 06/17  19:00:00,64.91836544819999,0.0
 06/17  20:00:00,66.2398929376,0.0
 06/17  21:00:00,55.1541668488,0.0
 06/17  22:00:00,11.9712926821,0.0
 06/17  23:00:00,11.9712926821,0.0
 06/17  24:00:00,11.9712926821,0.0
 06/18  01:00:00,11.9712926821,0.0
 06/18  02:00:00,11.9712926821,0.0
 06/18  03:00:00,11.9712926821,0.0
 06/18  04:00:00,11.9712926821,0.0
 06/18  05:00:00,11.9712926821,0.0
 06/18  06:00:00,7.8382926821000005,0.0
 06/18  07:00:00,3.7052926820999996,0.0
 06/18  08:00:00,30.054309220700002,0.0
 06/18  09:00:00,33.1881434191,0.0
 06/18  10:00:00,54.2683406038,0.0
 06/18  11:00:00,57.4084192828,0.0
 06/18  12:00:00,71.5394682626,0.0
 06/18  13:00:00,73.6463024837,0.0
 06/18  14:00:00,76.8724365407,0.0
 06/18  15:00:00,79.073969462,0.0
 06/18  16:00:00,80.4624757021,0.0
 06/18  17:00:00,70.0970724908,0.0
 06/18  18:00:00,58.291564339,0.0
 06/18  19:00:00,3.7052926820999996,0.0
 06/18  20:00:00,7.8382926821000005,0.0
 06/18  21:00:00,11.9712926821,0.0
 06/18  22:00:00,11.9712926821,0.0
 06/18  23:00:00,11.9712926821,0.0
 06/18  24:00:00,11.9712926821,0.0
 06/19  01:00:00,12.569683660399999,0.0
 06/19  02:00:00,12.569683660399999,0.0
 06/19  03:00:00,12.569683660399999,0.0
 06/19  04:00:00,12.569683660399999,0.0
 06/19  05:00:00,12.569683660399999,0.0
 06/19  06:00:00,25.591146796599997,0.0
 06/19  07:00:00,31.2713302347,0.0
 06/19  08:00:00,51.4345406054,0.0
 06/19  09:00:00,76.09480664659999,0.0
 06/19  10:00:00,80.4404213329,0.0
 06/19  11:00:00,85.8535943252,0.0
 06/19  12:00:00,88.95125093440001,0.0
 06/19  13:00:00,91.3293899246,0.0
 06/19  14:00:00,94.5191149857,0.0
 06/19  15:00:00,96.1329493804,0.0
 06/19  16:00:00,95.9956145031,0.0
 06/19  17:00:00,95.6199266213,0.0
 06/19  18:00:00,82.0942169757,0.0
 06/19  19:00:00,78.9884533349,0.0
 06/19  20:00:00,73.226233727,0.0
 06/19  21:00:00,20.693606815,0.0
 06/19  22:00:00,12.569683660399999,0.0
 06/19  23:00:00,12.569683660399999,0.0
 06/19  24:00:00,12.569683660399999,0.0
 06/20  01:00:00,12.569683660399999,0.0
 06/20  02:00:00,12.569683660399999,0.0
 06/20  03:00:00,12.569683660399999,0.0
 06/20  04:00:00,12.569683660399999,0.0
 06/20  05:00:00,12.569683660399999,0.0
 06/20  06:00:00,28.909411105700002,0.0
 06/20  07:00:00,33.8644966709,0.0
 06/20  08:00:00,56.415033728500006,0.0
 06/20  09:00:00,83.69599089020001,0.0
 06/20  10:00:00,85.6504752054,0.0
 06/20  11:00:00,86.8907466247,0.0
 06/20  12:00:00,86.17085922209999,0.0
 06/20  13:00:00,85.7470563034,0.0
 06/20  14:00:00,85.7501549678,0.0
 06/20  15:00:00,87.4315752861,0.0
 06/20  16:00:00,88.71618170309999,0.0
 06/20  17:00:00,89.4428420882,0.0
 06/20  18:00:00,75.4178664814,0.0
 06/20  19:00:00,72.8427676118,0.0
 06/20  20:00:00,69.3667603993,0.0
 06/20  21:00:00,20.693606815,0.0
 06/20  22:00:00,12.569683660399999,0.0
 06/20  23:00:00,12.569683660399999,0.0
 06/20  24:00:00,12.569683660399999,0.0
 06/21  01:00:00,12.569683660399999,0.0
 06/21  02:00:00,12.569683660399999,0.0
 06/21  03:00:00,12.569683660399999,0.0
 06/21  04:00:00,12.569683660399999,0.0
 06/21  05:00:00,12.569683660399999,0.0
 06/21  06:00:00,24.540682305,0.0
 06/21  07:00:00,30.4170323734,0.0
 06/21  08:00:00,51.145845549700006,0.0
 06/21  09:00:00,77.2082512706,0.0
 06/21  10:00:00,82.3643235272,0.0
 06/21  11:00:00,86.9962864735,0.0
 06/21  12:00:00,89.303362728,0.0
 06/21  13:00:00,92.9937544142,0.0
 06/21  14:00:00,96.6335853083,0.0
 06/21  15:00:00,101.06397819700001,0.0
 06/21  16:00:00,102.021869592,0.0
 06/21  17:00:00,102.29115511299999,0.0
 06/21  18:00:00,87.5144247688,0.0
 06/21  19:00:00,84.1407100805,0.0
 06/21  20:00:00,78.9448561785,0.0
 06/21  21:00:00,20.693606815,0.0
 06/21  22:00:00,12.569683660399999,0.0
 06/21  23:00:00,12.569683660399999,0.0
 06/21  24:00:00,12.569683660399999,0.0
 06/22  01:00:00,12.569683660399999,0.0
 06/22  02:00:00,12.569683660399999,0.0
 06/22  03:00:00,12.569683660399999,0.0
 06/22  04:00:00,12.569683660399999,0.0
 06/22  05:00:00,12.569683660399999,0.0
 06/22  06:00:00,26.570706747,0.0
 06/22  07:00:00,30.0102202051,0.0
 06/22  08:00:00,52.736161860200006,0.0
 06/22  09:00:00,80.6198376815,0.0
 06/22  10:00:00,85.8163694327,0.0
 06/22  11:00:00,90.8468929828,0.0
 06/22  12:00:00,94.68370165559999,0.0
 06/22  13:00:00,99.04825031280001,0.0
 06/22  14:00:00,102.75936930600001,0.0
 06/22  15:00:00,106.30981597899999,0.0
 06/22  16:00:00,107.23783222600001,0.0
 06/22  17:00:00,106.771541903,0.0
 06/22  18:00:00,93.4175517348,0.0
 06/22  19:00:00,91.001004285,0.0
 06/22  20:00:00,85.78371173949999,0.0
 06/22  21:00:00,20.693606815,0.0
 06/22  22:00:00,12.569683660399999,0.0
 06/22  23:00:00,12.569683660399999,0.0
 06/22  24:00:00,12.569683660399999,0.0
 06/23  01:00:00,12.569683660399999,0.0
 06/23  02:00:00,12.569683660399999,0.0
 06/23  03:00:00,12.569683660399999,0.0
 06/23  04:00:00,12.569683660399999,0.0
 06/23  05:00:00,12.569683660399999,0.0
 06/23  06:00:00,30.9399267989,0.0
 06/23  07:00:00,35.0303796769,0.0
 06/23  08:00:00,57.8310959645,0.0
 06/23  09:00:00,86.27857625959999,0.0
 06/23  10:00:00,92.4578221738,0.0
 06/23  11:00:00,100.00452189200001,0.0
 06/23  12:00:00,104.317874801,0.0
 06/23  13:00:00,108.17679128399999,0.0
 06/23  14:00:00,111.140822011,0.0
 06/23  15:00:00,113.299485635,0.0
 06/23  16:00:00,114.014512208,0.0
 06/23  17:00:00,112.13643231399999,0.0
 06/23  18:00:00,94.4050627516,0.0
 06/23  19:00:00,89.64451757459999,0.0
 06/23  20:00:00,85.967435805,0.0
 06/23  21:00:00,20.693606815,0.0
 06/23  22:00:00,12.569683660399999,0.0
 06/23  23:00:00,12.569683660399999,0.0
 06/23  24:00:00,12.569683660399999,0.0
 06/24  01:00:00,11.9712926821,0.0
 06/24  02:00:00,11.9712926821,0.0
 06/24  03:00:00,11.9712926821,0.0
 06/24  04:00:00,11.9712926821,0.0
 06/24  05:00:00,11.9712926821,0.0
 06/24  06:00:00,36.3356978773,0.0
 06/24  07:00:00,33.4332691751,0.0
 06/24  08:00:00,50.998170811899996,0.0
 06/24  09:00:00,77.9258199311,0.0
 06/24  10:00:00,99.58520520350001,0.0
 06/24  11:00:00,106.129372921,0.0
 06/24  12:00:00,108.867413599,0.0
 06/24  13:00:00,111.630489036,0.0
 06/24  14:00:00,113.543997744,0.0
 06/24  15:00:00,115.698374159,0.0
 06/24  16:00:00,114.38695605,0.0
 06/24  17:00:00,113.43150315,0.0
 06/24  18:00:00,91.66345418719999,0.0
 06/24  19:00:00,75.2901923087,0.0
 06/24  20:00:00,74.3733838149,0.0
 06/24  21:00:00,63.215746105,0.0
 06/24  22:00:00,11.9712926821,0.0
 06/24  23:00:00,11.9712926821,0.0
 06/24  24:00:00,11.9712926821,0.0
 06/25  01:00:00,11.9712926821,0.0
 06/25  02:00:00,11.9712926821,0.0
 06/25  03:00:00,11.9712926821,0.0
 06/25  04:00:00,11.9712926821,0.0
 06/25  05:00:00,11.9712926821,0.0
 06/25  06:00:00,9.21595934877,0.0
 06/25  07:00:00,3.7052926820999996,0.0
 06/25  08:00:00,42.2091948517,0.0
 06/25  09:00:00,47.571999143999996,0.0
 06/25  10:00:00,71.0336932678,0.0
 06/25  11:00:00,74.8907854883,0.0
 06/25  12:00:00,90.1893013185,0.0
 06/25  13:00:00,92.46114572799999,0.0
 06/25  14:00:00,97.53329052870001,0.0
 06/25  15:00:00,98.5327566266,0.0
 06/25  16:00:00,98.22053481340001,0.0
 06/25  17:00:00,90.8113157793,0.0
 06/25  18:00:00,75.4659663717,0.0
 06/25  19:00:00,3.7052926820999996,0.0
 06/25  20:00:00,7.8382926821000005,0.0
 06/25  21:00:00,11.9712926821,0.0
 06/25  22:00:00,11.9712926821,0.0
 06/25  23:00:00,11.9712926821,0.0
 06/25  24:00:00,11.9712926821,0.0
 06/26  01:00:00,12.569683660399999,0.0
 06/26  02:00:00,12.569683660399999,0.0
 06/26  03:00:00,12.569683660399999,0.0
 06/26  04:00:00,12.569683660399999,0.0
 06/26  05:00:00,12.569683660399999,0.0
 06/26  06:00:00,43.510891299799994,0.0
 06/26  07:00:00,43.562461777799996,0.0
 06/26  08:00:00,62.8191578172,0.0
 06/26  09:00:00,89.3797193841,0.0
 06/26  10:00:00,96.22280471040001,0.0
 06/26  11:00:00,102.50328745,0.0
 06/26  12:00:00,105.382708772,0.0
 06/26  13:00:00,108.059054661,0.0
 06/26  14:00:00,110.23235391,0.0
 06/26  15:00:00,111.924802544,0.0
 06/26  16:00:00,114.224085555,0.0
 06/26  17:00:00,115.77822471299999,0.0
 06/26  18:00:00,102.74783643200001,0.0
 06/26  19:00:00,97.96677515389999,0.0
 06/26  20:00:00,91.492720515,0.0
 06/26  21:00:00,20.693606815,0.0
 06/26  22:00:00,12.569683660399999,0.0
 06/26  23:00:00,12.569683660399999,0.0
 06/26  24:00:00,12.569683660399999,0.0
 06/27  01:00:00,12.569683660399999,0.0
 06/27  02:00:00,12.569683660399999,0.0
 06/27  03:00:00,12.569683660399999,0.0
 06/27  04:00:00,12.569683660399999,0.0
 06/27  05:00:00,12.569683660399999,0.0
 06/27  06:00:00,43.014760396999996,0.0
 06/27  07:00:00,44.6171596447,0.0
 06/27  08:00:00,64.8429288216,0.0
 06/27  09:00:00,93.1792986063,0.0
 06/27  10:00:00,98.69802076719999,0.0
 06/27  11:00:00,104.72293670799999,0.0
 06/27  12:00:00,109.17491055200001,0.0
 06/27  13:00:00,113.74357260299999,0.0
 06/27  14:00:00,116.841543477,0.0
 06/27  15:00:00,119.924124804,0.0
 06/27  16:00:00,120.603123045,0.0
 06/27  17:00:00,120.030441675,0.0
 06/27  18:00:00,104.70317621299999,0.0
 06/27  19:00:00,97.24454780459999,0.0
 06/27  20:00:00,91.2260065964,0.0
 06/27  21:00:00,20.693606815,0.0
 06/27  22:00:00,12.569683660399999,0.0
 06/27  23:00:00,12.569683660399999,0.0
 06/27  24:00:00,12.569683660399999,0.0
 06/28  01:00:00,12.569683660399999,0.0
 06/28  02:00:00,12.569683660399999,0.0
 06/28  03:00:00,12.569683660399999,0.0
 06/28  04:00:00,12.569683660399999,0.0
 06/28  05:00:00,12.569683660399999,0.0
 06/28  06:00:00,44.450165328699995,0.0
 06/28  07:00:00,43.9946676255,0.0
 06/28  08:00:00,65.0326155364,0.0
 06/28  09:00:00,95.91682579479999,0.0
 06/28  10:00:00,101.449061664,0.0
 06/28  11:00:00,105.87677273,0.0
 06/28  12:00:00,111.189606041,0.0
 06/28  13:00:00,118.288080816,0.0
 06/28  14:00:00,122.88914665,0.0
 06/28  15:00:00,125.657422465,0.0
 06/28  16:00:00,124.782001985,0.0
 06/28  17:00:00,121.52602391100001,0.0
 06/28  18:00:00,100.98290235,0.0
 06/28  19:00:00,92.9632419724,0.0
 06/28  20:00:00,87.1456055209,0.0
 06/28  21:00:00,20.693606815,0.0
 06/28  22:00:00,12.569683660399999,0.0
 06/28  23:00:00,12.569683660399999,0.0
 06/28  24:00:00,12.569683660399999,0.0
 06/29  01:00:00,12.569683660399999,0.0
 06/29  02:00:00,12.569683660399999,0.0
 06/29  03:00:00,12.569683660399999,0.0
 06/29  04:00:00,12.569683660399999,0.0
 06/29  05:00:00,12.569683660399999,0.0
 06/29  06:00:00,36.4543435898,0.0
 06/29  07:00:00,37.9707526134,0.0
 06/29  08:00:00,59.9404818087,0.0
 06/29  09:00:00,88.4271444916,0.0
 06/29  10:00:00,94.78752453959999,0.0
 06/29  11:00:00,102.32413581600001,0.0
 06/29  12:00:00,108.401285801,0.0
 06/29  13:00:00,112.221172487,0.0
 06/29  14:00:00,116.36173675799999,0.0
 06/29  15:00:00,121.139840515,0.0
 06/29  16:00:00,124.511772687,0.0
 06/29  17:00:00,123.502190915,0.0
 06/29  18:00:00,90.07440014149999,0.0
 06/29  19:00:00,73.375259725,0.0
 06/29  20:00:00,70.1700056982,0.0
 06/29  21:00:00,20.693606815,0.0
 06/29  22:00:00,12.569683660399999,0.0
 06/29  23:00:00,12.569683660399999,0.0
 06/29  24:00:00,12.569683660399999,0.0
 06/30  01:00:00,12.569683660399999,0.0
 06/30  02:00:00,12.569683660399999,0.0
 06/30  03:00:00,12.569683660399999,0.0
 06/30  04:00:00,12.569683660399999,0.0
 06/30  05:00:00,12.569683660399999,0.0
 06/30  06:00:00,33.8675933713,0.0
 06/30  07:00:00,35.8232809186,0.0
 06/30  08:00:00,56.5285162387,0.0
 06/30  09:00:00,82.8579112622,0.0
 06/30  10:00:00,88.2621107096,0.0
 06/30  11:00:00,93.65278580360001,0.0
 06/30  12:00:00,97.60893056200001,0.0
 06/30  13:00:00,102.68517405600001,0.0
 06/30  14:00:00,107.55611471299999,0.0
 06/30  15:00:00,112.620355211,0.0
 06/30  16:00:00,113.904258613,0.0
 06/30  17:00:00,114.197550138,0.0
 06/30  18:00:00,101.572550437,0.0
 06/30  19:00:00,98.7431738453,0.0
 06/30  20:00:00,93.7613436366,0.0
 06/30  21:00:00,20.693606815,0.0
 06/30  22:00:00,12.569683660399999,0.0
 06/30  23:00:00,12.569683660399999,0.0
 06/30  24:00:00,12.569683660399999,0.0
 07/01  01:00:00,11.9712926821,0.0
 07/01  02:00:00,11.9712926821,0.0
 07/01  03:00:00,11.9712926821,0.0
 07/01  04:00:00,11.9712926821,0.0
 07/01  05:00:00,11.9712926821,0.0
 07/01  06:00:00,38.945175544099996,0.0
 07/01  07:00:00,35.029017695,0.0
 07/01  08:00:00,49.8236321733,0.0
 07/01  09:00:00,72.1316843829,0.0
 07/01  10:00:00,91.9350245176,0.0
 07/01  11:00:00,98.7868806289,0.0
 07/01  12:00:00,101.952948709,0.0
 07/01  13:00:00,103.032194036,0.0
 07/01  14:00:00,102.242908981,0.0
 07/01  15:00:00,100.76372893,0.0
 07/01  16:00:00,102.520725648,0.0
 07/01  17:00:00,105.568269047,0.0
 07/01  18:00:00,80.6293736206,0.0
 07/01  19:00:00,65.07220791430001,0.0
 07/01  20:00:00,65.44234530189999,0.0
 07/01  21:00:00,54.633513776099996,0.0
 07/01  22:00:00,11.9712926821,0.0
 07/01  23:00:00,11.9712926821,0.0
 07/01  24:00:00,11.9712926821,0.0
 07/02  01:00:00,11.9712926821,0.0
 07/02  02:00:00,11.9712926821,0.0
 07/02  03:00:00,11.9712926821,0.0
 07/02  04:00:00,11.9712926821,0.0
 07/02  05:00:00,11.9712926821,0.0
 07/02  06:00:00,9.21595934877,0.0
 07/02  07:00:00,3.7052926820999996,0.0
 07/02  08:00:00,32.5410847831,0.0
 07/02  09:00:00,36.7263893146,0.0
 07/02  10:00:00,58.4674370739,0.0
 07/02  11:00:00,61.6347004716,0.0
 07/02  12:00:00,78.0866458583,0.0
 07/02  13:00:00,81.7467848287,0.0
 07/02  14:00:00,83.870341393,0.0
 07/02  15:00:00,87.5818903352,0.0
 07/02  16:00:00,89.5844154784,0.0
 07/02  17:00:00,79.9039897357,0.0
 07/02  18:00:00,62.4939112863,0.0
 07/02  19:00:00,3.7052926820999996,0.0
 07/02  20:00:00,7.8382926821000005,0.0
 07/02  21:00:00,11.9712926821,0.0
 07/02  22:00:00,11.9712926821,0.0
 07/02  23:00:00,11.9712926821,0.0
 07/02  24:00:00,11.9712926821,0.0
 07/03  01:00:00,12.569683660399999,0.0
 07/03  02:00:00,12.569683660399999,0.0
 07/03  03:00:00,12.569683660399999,0.0
 07/03  04:00:00,12.569683660399999,0.0
 07/03  05:00:00,12.569683660399999,0.0
 07/03  06:00:00,36.9055973571,0.0
 07/03  07:00:00,38.8048126546,0.0
 07/03  08:00:00,58.8736466517,0.0
 07/03  09:00:00,85.091923435,0.0
 07/03  10:00:00,89.14271325950001,0.0
 07/03  11:00:00,93.6044662776,0.0
 07/03  12:00:00,97.39866386620001,0.0
 07/03  13:00:00,101.89854844899999,0.0
 07/03  14:00:00,104.341625612,0.0
 07/03  15:00:00,107.30305128200001,0.0
 07/03  16:00:00,108.238705967,0.0
 07/03  17:00:00,103.99696882,0.0
 07/03  18:00:00,90.3914512384,0.0
 07/03  19:00:00,88.15115992540001,0.0
 07/03  20:00:00,80.9462476424,0.0
 07/03  21:00:00,20.693606815,0.0
 07/03  22:00:00,12.569683660399999,0.0
 07/03  23:00:00,12.569683660399999,0.0
 07/03  24:00:00,12.569683660399999,0.0
 07/04  01:00:00,11.9712926821,0.0
 07/04  02:00:00,11.9712926821,0.0
 07/04  03:00:00,11.9712926821,0.0
 07/04  04:00:00,11.9712926821,0.0
 07/04  05:00:00,11.9712926821,0.0
 07/04  06:00:00,9.21595934877,0.0
 07/04  07:00:00,3.7052926820999996,0.0
 07/04  08:00:00,39.4860657926,0.0
 07/04  09:00:00,40.528095568400005,0.0
 07/04  10:00:00,60.750268886099995,0.0
 07/04  11:00:00,63.878202485699994,0.0
 07/04  12:00:00,79.9499346667,0.0
 07/04  13:00:00,84.0197620481,0.0
 07/04  14:00:00,87.7001346091,0.0
 07/04  15:00:00,89.28022011729999,0.0
 07/04  16:00:00,91.53658272610001,0.0
 07/04  17:00:00,71.6122471359,0.0
 07/04  18:00:00,53.6548109442,0.0
 07/04  19:00:00,3.7052926820999996,0.0
 07/04  20:00:00,7.8382926821000005,0.0
 07/04  21:00:00,11.9712926821,0.0
 07/04  22:00:00,11.9712926821,0.0
 07/04  23:00:00,11.9712926821,0.0
 07/04  24:00:00,11.9712926821,0.0
 07/05  01:00:00,12.569683660399999,0.0
 07/05  02:00:00,12.569683660399999,0.0
 07/05  03:00:00,12.569683660399999,0.0
 07/05  04:00:00,12.569683660399999,0.0
 07/05  05:00:00,12.569683660399999,0.0
 07/05  06:00:00,35.8963479647,0.0
 07/05  07:00:00,39.1342277518,0.0
 07/05  08:00:00,60.3869663088,0.0
 07/05  09:00:00,87.1959859699,0.0
 07/05  10:00:00,91.30387267120001,0.0
 07/05  11:00:00,95.02877112899999,0.0
 07/05  12:00:00,98.90583730440001,0.0
 07/05  13:00:00,103.550957041,0.0
 07/05  14:00:00,105.79274613700001,0.0
 07/05  15:00:00,107.46135949299999,0.0
 07/05  16:00:00,108.661500443,0.0
 07/05  17:00:00,109.64402733200001,0.0
 07/05  18:00:00,95.4142385755,0.0
 07/05  19:00:00,90.2437546129,0.0
 07/05  20:00:00,84.7563800421,0.0
 07/05  21:00:00,20.693606815,0.0
 07/05  22:00:00,12.569683660399999,0.0
 07/05  23:00:00,12.569683660399999,0.0
 07/05  24:00:00,12.569683660399999,0.0
 07/06  01:00:00,12.569683660399999,0.0
 07/06  02:00:00,12.569683660399999,0.0
 07/06  03:00:00,12.569683660399999,0.0
 07/06  04:00:00,12.569683660399999,0.0
 07/06  05:00:00,12.569683660399999,0.0
 07/06  06:00:00,40.7636492264,0.0
 07/06  07:00:00,42.7006403212,0.0
 07/06  08:00:00,63.8934362767,0.0
 07/06  09:00:00,90.17568693930001,0.0
 07/06  10:00:00,96.6639840494,0.0
 07/06  11:00:00,103.13802098299999,0.0
 07/06  12:00:00,106.938906439,0.0
 07/06  13:00:00,109.48879929700001,0.0
 07/06  14:00:00,112.09998362700001,0.0
 07/06  15:00:00,115.08710471799999,0.0
 07/06  16:00:00,116.60351191,0.0
 07/06  17:00:00,116.627250425,0.0
 07/06  18:00:00,98.7912517891,0.0
 07/06  19:00:00,90.29110491450001,0.0
 07/06  20:00:00,83.1931546945,0.0
 07/06  21:00:00,20.693606815,0.0
 07/06  22:00:00,12.569683660399999,0.0
 07/06  23:00:00,12.569683660399999,0.0
 07/06  24:00:00,12.569683660399999,0.0
 07/07  01:00:00,12.569683660399999,0.0
 07/07  02:00:00,12.569683660399999,0.0
 07/07  03:00:00,12.569683660399999,0.0
 07/07  04:00:00,12.569683660399999,0.0
 07/07  05:00:00,12.569683660399999,0.0
 07/07  06:00:00,35.6810813654,0.0
 07/07  07:00:00,37.2624589602,0.0
 07/07  08:00:00,55.1357923381,0.0
 07/07  09:00:00,78.3218119141,0.0
 07/07  10:00:00,81.4131076054,0.0
 07/07  11:00:00,85.1544530997,0.0
 07/07  12:00:00,87.47236807469999,0.0
 07/07  13:00:00,90.4115387773,0.0
 07/07  14:00:00,91.7169668094,0.0
 07/07  15:00:00,94.6635499457,0.0
 07/07  16:00:00,95.403672413,0.0
 07/07  17:00:00,95.99462081940001,0.0
 07/07  18:00:00,83.45848361899999,0.0
 07/07  19:00:00,80.6324414082,0.0
 07/07  20:00:00,75.9483283492,0.0
 07/07  21:00:00,20.693606815,0.0
 07/07  22:00:00,12.569683660399999,0.0
 07/07  23:00:00,12.569683660399999,0.0
 07/07  24:00:00,12.569683660399999,0.0
 07/08  01:00:00,11.9712926821,0.0
 07/08  02:00:00,11.9712926821,0.0
 07/08  03:00:00,11.9712926821,0.0
 07/08  04:00:00,11.9712926821,0.0
 07/08  05:00:00,11.9712926821,0.0
 07/08  06:00:00,30.4272289129,0.0
 07/08  07:00:00,29.7758541754,0.0
 07/08  08:00:00,45.9194987746,0.0
 07/08  09:00:00,71.8432296127,0.0
 07/08  10:00:00,91.83400792450001,0.0
 07/08  11:00:00,95.2800560269,0.0
 07/08  12:00:00,98.58300337950001,0.0
 07/08  13:00:00,101.464140668,0.0
 07/08  14:00:00,104.94180389,0.0
 07/08  15:00:00,109.839565265,0.0
 07/08  16:00:00,111.95228892799999,0.0
 07/08  17:00:00,109.24759342,0.0
 07/08  18:00:00,85.3782008042,0.0
 07/08  19:00:00,70.7206015859,0.0
 07/08  20:00:00,70.00185166840001,0.0
 07/08  21:00:00,58.8203533449,0.0
 07/08  22:00:00,11.9712926821,0.0
 07/08  23:00:00,11.9712926821,0.0
 07/08  24:00:00,11.9712926821,0.0
 07/09  01:00:00,11.9712926821,0.0
 07/09  02:00:00,11.9712926821,0.0
 07/09  03:00:00,11.9712926821,0.0
 07/09  04:00:00,11.9712926821,0.0
 07/09  05:00:00,11.9712926821,0.0
 07/09  06:00:00,9.21595934877,0.0
 07/09  07:00:00,3.7052926820999996,0.0
 07/09  08:00:00,40.448694472199996,0.0
 07/09  09:00:00,43.9261196826,0.0
 07/09  10:00:00,64.8025604593,0.0
 07/09  11:00:00,68.5422267549,0.0
 07/09  12:00:00,83.73958279840001,0.0
 07/09  13:00:00,86.7107432057,0.0
 07/09  14:00:00,78.39385680310001,0.0
 07/09  15:00:00,74.48086677180001,0.0
 07/09  16:00:00,79.0879961176,0.0
 07/09  17:00:00,69.5123887838,0.0
 07/09  18:00:00,57.251347022,0.0
 07/09  19:00:00,3.7052926820999996,0.0
 07/09  20:00:00,7.8382926821000005,0.0
 07/09  21:00:00,11.9712926821,0.0
 07/09  22:00:00,11.9712926821,0.0
 07/09  23:00:00,11.9712926821,0.0
 07/09  24:00:00,11.9712926821,0.0
 07/10  01:00:00,12.569683660399999,0.0
 07/10  02:00:00,12.569683660399999,0.0
 07/10  03:00:00,12.569683660399999,0.0
 07/10  04:00:00,12.569683660399999,0.0
 07/10  05:00:00,12.569683660399999,0.0
 07/10  06:00:00,34.3078896061,0.0
 07/10  07:00:00,37.1482731695,0.0
 07/10  08:00:00,59.177801816000006,0.0
 07/10  09:00:00,85.76042459920001,0.0
 07/10  10:00:00,83.35970896319999,0.0
 07/10  11:00:00,82.1472372341,0.0
 07/10  12:00:00,83.028368282,0.0
 07/10  13:00:00,85.2927380578,0.0
 07/10  14:00:00,90.2968559317,0.0
 07/10  15:00:00,95.7129420431,0.0
 07/10  16:00:00,94.83393132559999,0.0
 07/10  17:00:00,92.4692302243,0.0
 07/10  18:00:00,79.64298901640001,0.0
 07/10  19:00:00,77.9955062284,0.0
 07/10  20:00:00,74.6736693571,0.0
 07/10  21:00:00,20.693606815,0.0
 07/10  22:00:00,12.569683660399999,0.0
 07/10  23:00:00,12.569683660399999,0.0
 07/10  24:00:00,12.569683660399999,0.0
 07/11  01:00:00,12.569683660399999,0.0
 07/11  02:00:00,12.569683660399999,0.0
 07/11  03:00:00,12.569683660399999,0.0
 07/11  04:00:00,12.569683660399999,0.0
 07/11  05:00:00,12.569683660399999,0.0
 07/11  06:00:00,34.1161242142,0.0
 07/11  07:00:00,36.8069881129,0.0
 07/11  08:00:00,57.4503002884,0.0
 07/11  09:00:00,84.5305378476,0.0
 07/11  10:00:00,91.17864844280001,0.0
 07/11  11:00:00,97.2806721083,0.0
 07/11  12:00:00,100.000798375,0.0
 07/11  13:00:00,101.747663657,0.0
 07/11  14:00:00,100.136161569,0.0
 07/11  15:00:00,105.46098922600001,0.0
 07/11  16:00:00,105.800445467,0.0
 07/11  17:00:00,103.844850318,0.0
 07/11  18:00:00,90.9809624357,0.0
 07/11  19:00:00,88.2324457356,0.0
 07/11  20:00:00,84.5585472465,0.0
 07/11  21:00:00,20.693606815,0.0
 07/11  22:00:00,12.569683660399999,0.0
 07/11  23:00:00,12.569683660399999,0.0
 07/11  24:00:00,12.569683660399999,0.0
 07/12  01:00:00,12.569683660399999,0.0
 07/12  02:00:00,12.569683660399999,0.0
 07/12  03:00:00,12.569683660399999,0.0
 07/12  04:00:00,12.569683660399999,0.0
 07/12  05:00:00,12.569683660399999,0.0
 07/12  06:00:00,43.178320058400004,0.0
 07/12  07:00:00,44.1012818888,0.0
 07/12  08:00:00,62.9804804058,0.0
 07/12  09:00:00,86.1454687735,0.0
 07/12  10:00:00,89.4683475026,0.0
 07/12  11:00:00,91.77719890879999,0.0
 07/12  12:00:00,93.62776527620001,0.0
 07/12  13:00:00,98.0865704416,0.0
 07/12  14:00:00,102.964169526,0.0
 07/12  15:00:00,102.132391556,0.0
 07/12  16:00:00,100.11711372799999,0.0
 07/12  17:00:00,100.896518219,0.0
 07/12  18:00:00,82.4447115098,0.0
 07/12  19:00:00,73.95916180270001,0.0
 07/12  20:00:00,69.8893888157,0.0
 07/12  21:00:00,20.693606815,0.0
 07/12  22:00:00,12.569683660399999,0.0
 07/12  23:00:00,12.569683660399999,0.0
 07/12  24:00:00,12.569683660399999,0.0
 07/13  01:00:00,12.569683660399999,0.0
 07/13  02:00:00,12.569683660399999,0.0
 07/13  03:00:00,12.569683660399999,0.0
 07/13  04:00:00,12.569683660399999,0.0
 07/13  05:00:00,12.569683660399999,0.0
 07/13  06:00:00,32.7497392152,0.0
 07/13  07:00:00,34.932340803,0.0
 07/13  08:00:00,52.975484938,0.0
 07/13  09:00:00,76.3867017999,0.0
 07/13  10:00:00,77.35721190619999,0.0
 07/13  11:00:00,77.6453054158,0.0
 07/13  12:00:00,77.3910611735,0.0
 07/13  13:00:00,77.9605210668,0.0
 07/13  14:00:00,77.9965386641,0.0
 07/13  15:00:00,80.5868947014,0.0
 07/13  16:00:00,81.6401472371,0.0
 07/13  17:00:00,82.9025412303,0.0
 07/13  18:00:00,71.7651347271,0.0
 07/13  19:00:00,70.889106194,0.0
 07/13  20:00:00,68.2313419905,0.0
 07/13  21:00:00,20.693606815,0.0
 07/13  22:00:00,12.569683660399999,0.0
 07/13  23:00:00,12.569683660399999,0.0
 07/13  24:00:00,12.569683660399999,0.0
 07/14  01:00:00,12.569683660399999,0.0
 07/14  02:00:00,12.569683660399999,0.0
 07/14  03:00:00,12.569683660399999,0.0
 07/14  04:00:00,12.569683660399999,0.0
 07/14  05:00:00,12.569683660399999,0.0
 07/14  06:00:00,30.9387678319,0.0
 07/14  07:00:00,35.1688165613,0.0
 07/14  08:00:00,54.7303064703,0.0
 07/14  09:00:00,78.5364073465,0.0
 07/14  10:00:00,79.25343394890001,0.0
 07/14  11:00:00,83.98484378260001,0.0
 07/14  12:00:00,90.3995789582,0.0
 07/14  13:00:00,94.71494661450001,0.0
 07/14  14:00:00,97.4611426568,0.0
 07/14  15:00:00,101.512931079,0.0
 07/14  16:00:00,103.319262556,0.0
 07/14  17:00:00,100.48921847,0.0
 07/14  18:00:00,84.158924786,0.0
 07/14  19:00:00,77.1240309417,0.0
 07/14  20:00:00,71.89243886140001,0.0
 07/14  21:00:00,20.693606815,0.0
 07/14  22:00:00,12.569683660399999,0.0
 07/14  23:00:00,12.569683660399999,0.0
 07/14  24:00:00,12.569683660399999,0.0
 07/15  01:00:00,11.9712926821,0.0
 07/15  02:00:00,11.9712926821,0.0
 07/15  03:00:00,11.9712926821,0.0
 07/15  04:00:00,11.9712926821,0.0
 07/15  05:00:00,11.9712926821,0.0
 07/15  06:00:00,31.657051327399998,0.0
 07/15  07:00:00,29.6274970857,0.0
 07/15  08:00:00,43.5547170916,0.0
 07/15  09:00:00,66.5330637876,0.0
 07/15  10:00:00,87.133371537,0.0
 07/15  11:00:00,94.0991344933,0.0
 07/15  12:00:00,98.2867509713,0.0
 07/15  13:00:00,101.53561645399999,0.0
 07/15  14:00:00,103.495250146,0.0
 07/15  15:00:00,106.06513384,0.0
 07/15  16:00:00,108.902342319,0.0
 07/15  17:00:00,107.042077762,0.0
 07/15  18:00:00,82.9196686449,0.0
 07/15  19:00:00,68.65832608859999,0.0
 07/15  20:00:00,69.5693171582,0.0
 07/15  21:00:00,55.5070551221,0.0
 07/15  22:00:00,11.9712926821,0.0
 07/15  23:00:00,11.9712926821,0.0
 07/15  24:00:00,11.9712926821,0.0
 07/16  01:00:00,11.9712926821,0.0
 07/16  02:00:00,11.9712926821,0.0
 07/16  03:00:00,11.9712926821,0.0
 07/16  04:00:00,11.9712926821,0.0
 07/16  05:00:00,11.9712926821,0.0
 07/16  06:00:00,9.21595934877,0.0
 07/16  07:00:00,3.7052926820999996,0.0
 07/16  08:00:00,35.703466387,0.0
 07/16  09:00:00,39.1990267879,0.0
 07/16  10:00:00,62.194100051899994,0.0
 07/16  11:00:00,65.8178701672,0.0
 07/16  12:00:00,82.661197865,0.0
 07/16  13:00:00,86.4594112347,0.0
 07/16  14:00:00,87.49514602459999,0.0
 07/16  15:00:00,87.49627221370001,0.0
 07/16  16:00:00,82.161316629,0.0
 07/16  17:00:00,64.9921381681,0.0
 07/16  18:00:00,53.262752285299996,0.0
 07/16  19:00:00,3.7052926820999996,0.0
 07/16  20:00:00,7.8382926821000005,0.0
 07/16  21:00:00,11.9712926821,0.0
 07/16  22:00:00,11.9712926821,0.0
 07/16  23:00:00,11.9712926821,0.0
 07/16  24:00:00,11.9712926821,0.0
 07/17  01:00:00,12.569683660399999,0.0
 07/17  02:00:00,12.569683660399999,0.0
 07/17  03:00:00,12.569683660399999,0.0
 07/17  04:00:00,12.569683660399999,0.0
 07/17  05:00:00,12.569683660399999,0.0
 07/17  06:00:00,37.2419226897,0.0
 07/17  07:00:00,38.6848303739,0.0
 07/17  08:00:00,59.0238219184,0.0
 07/17  09:00:00,85.1522560692,0.0
 07/17  10:00:00,90.7471584969,0.0
 07/17  11:00:00,98.0945539982,0.0
 07/17  12:00:00,100.91460535700001,0.0
 07/17  13:00:00,96.3190781667,0.0
 07/17  14:00:00,90.90598841030001,0.0
 07/17  15:00:00,91.4105674226,0.0
 07/17  16:00:00,92.12957099389999,0.0
 07/17  17:00:00,90.93215077079999,0.0
 07/17  18:00:00,76.1783899438,0.0
 07/17  19:00:00,74.0772414797,0.0
 07/17  20:00:00,71.6051195225,0.0
 07/17  21:00:00,20.693606815,0.0
 07/17  22:00:00,12.569683660399999,0.0
 07/17  23:00:00,12.569683660399999,0.0
 07/17  24:00:00,12.569683660399999,0.0
 07/18  01:00:00,12.569683660399999,0.0
 07/18  02:00:00,12.569683660399999,0.0
 07/18  03:00:00,12.569683660399999,0.0
 07/18  04:00:00,12.569683660399999,0.0
 07/18  05:00:00,12.569683660399999,0.0
 07/18  06:00:00,34.2355962465,0.0
 07/18  07:00:00,35.929146049699995,0.0
 07/18  08:00:00,57.25449522939999,0.0
 07/18  09:00:00,84.898041022,0.0
 07/18  10:00:00,90.12017760270001,0.0
 07/18  11:00:00,94.2172224552,0.0
 07/18  12:00:00,91.97735543,0.0
 07/18  13:00:00,94.1013529833,0.0
 07/18  14:00:00,92.4424133491,0.0
 07/18  15:00:00,92.449282772,0.0
 07/18  16:00:00,96.9704535266,0.0
 07/18  17:00:00,98.2006633095,0.0
 07/18  18:00:00,80.8811342283,0.0
 07/18  19:00:00,74.085480385,0.0
 07/18  20:00:00,68.61724417079999,0.0
 07/18  21:00:00,20.693606815,0.0
 07/18  22:00:00,12.569683660399999,0.0
 07/18  23:00:00,12.569683660399999,0.0
 07/18  24:00:00,12.569683660399999,0.0
 07/19  01:00:00,12.569683660399999,0.0
 07/19  02:00:00,12.569683660399999,0.0
 07/19  03:00:00,12.569683660399999,0.0
 07/19  04:00:00,12.569683660399999,0.0
 07/19  05:00:00,12.569683660399999,0.0
 07/19  06:00:00,31.1180989888,0.0
 07/19  07:00:00,33.9413066369,0.0
 07/19  08:00:00,53.6987667993,0.0
 07/19  09:00:00,81.21928549399999,0.0
 07/19  10:00:00,87.38563602020001,0.0
 07/19  11:00:00,93.0260752456,0.0
 07/19  12:00:00,97.01928748969999,0.0
 07/19  13:00:00,101.128155845,0.0
 07/19  14:00:00,104.158767541,0.0
 07/19  15:00:00,104.876691454,0.0
 07/19  16:00:00,98.4429746293,0.0
 07/19  17:00:00,93.8069914686,0.0
 07/19  18:00:00,80.7436819103,0.0
 07/19  19:00:00,78.5848401499,0.0
 07/19  20:00:00,74.5842598454,0.0
 07/19  21:00:00,20.693606815,0.0
 07/19  22:00:00,12.569683660399999,0.0
 07/19  23:00:00,12.569683660399999,0.0
 07/19  24:00:00,12.569683660399999,0.0
 07/20  01:00:00,12.569683660399999,0.0
 07/20  02:00:00,12.569683660399999,0.0
 07/20  03:00:00,12.569683660399999,0.0
 07/20  04:00:00,12.569683660399999,0.0
 07/20  05:00:00,12.569683660399999,0.0
 07/20  06:00:00,29.5933300356,0.0
 07/20  07:00:00,34.0985109482,0.0
 07/20  08:00:00,56.8354579571,0.0
 07/20  09:00:00,84.894435101,0.0
 07/20  10:00:00,89.48721283200001,0.0
 07/20  11:00:00,94.6718213365,0.0
 07/20  12:00:00,98.4425637912,0.0
 07/20  13:00:00,102.75922346600001,0.0
 07/20  14:00:00,105.429839555,0.0
 07/20  15:00:00,108.780444301,0.0
 07/20  16:00:00,110.929778034,0.0
 07/20  17:00:00,110.91162623299999,0.0
 07/20  18:00:00,96.42574930120001,0.0
 07/20  19:00:00,93.7252168243,0.0
 07/20  20:00:00,88.86019095440001,0.0
 07/20  21:00:00,20.693606815,0.0
 07/20  22:00:00,12.569683660399999,0.0
 07/20  23:00:00,12.569683660399999,0.0
 07/20  24:00:00,12.569683660399999,0.0
 07/21  01:00:00,12.569683660399999,0.0
 07/21  02:00:00,12.569683660399999,0.0
 07/21  03:00:00,12.569683660399999,0.0
 07/21  04:00:00,12.569683660399999,0.0
 07/21  05:00:00,12.569683660399999,0.0
 07/21  06:00:00,43.1221468259,0.0
 07/21  07:00:00,42.2120515297,0.0
 07/21  08:00:00,64.0956275482,0.0
 07/21  09:00:00,91.29315207549999,0.0
 07/21  10:00:00,95.5969462822,0.0
 07/21  11:00:00,100.49821846399999,0.0
 07/21  12:00:00,103.703472799,0.0
 07/21  13:00:00,106.099056893,0.0
 07/21  14:00:00,108.80129053799999,0.0
 07/21  15:00:00,113.163035862,0.0
 07/21  16:00:00,114.69289175700001,0.0
 07/21  17:00:00,114.565621309,0.0
 07/21  18:00:00,99.9576245499,0.0
 07/21  19:00:00,96.3755118752,0.0
 07/21  20:00:00,92.3212953441,0.0
 07/21  21:00:00,20.693606815,0.0
 07/21  22:00:00,12.569683660399999,0.0
 07/21  23:00:00,12.569683660399999,0.0
 07/21  24:00:00,12.569683660399999,0.0
 07/22  01:00:00,11.9712926821,0.0
 07/22  02:00:00,11.9712926821,0.0
 07/22  03:00:00,11.9712926821,0.0
 07/22  04:00:00,11.9712926821,0.0
 07/22  05:00:00,11.9712926821,0.0
 07/22  06:00:00,50.6062351981,0.0
 07/22  07:00:00,42.486989468000004,0.0
 07/22  08:00:00,57.5945893137,0.0
 07/22  09:00:00,82.7770340007,0.0
 07/22  10:00:00,101.72188017399999,0.0
 07/22  11:00:00,107.765740083,0.0
 07/22  12:00:00,112.68884538399999,0.0
 07/22  13:00:00,114.929259657,0.0
 07/22  14:00:00,116.25899491700001,0.0
 07/22  15:00:00,120.10248966700001,0.0
 07/22  16:00:00,122.82615882700001,0.0
 07/22  17:00:00,121.63701199799999,0.0
 07/22  18:00:00,97.76603294889999,0.0
 07/22  19:00:00,84.2100106321,0.0
 07/22  20:00:00,85.3187035974,0.0
 07/22  21:00:00,72.76321695819999,0.0
 07/22  22:00:00,11.9712926821,0.0
 07/22  23:00:00,11.9712926821,0.0
 07/22  24:00:00,11.9712926821,0.0
 07/23  01:00:00,11.9712926821,0.0
 07/23  02:00:00,11.9712926821,0.0
 07/23  03:00:00,11.9712926821,0.0
 07/23  04:00:00,11.9712926821,0.0
 07/23  05:00:00,11.9712926821,0.0
 07/23  06:00:00,10.5936260154,0.0
 07/23  07:00:00,3.7052926820999996,0.0
 07/23  08:00:00,51.1693680001,0.0
 07/23  09:00:00,50.0037508095,0.0
 07/23  10:00:00,73.8650253758,0.0
 07/23  11:00:00,79.2932988143,0.0
 07/23  12:00:00,97.62141140989999,0.0
 07/23  13:00:00,102.608228561,0.0
 07/23  14:00:00,101.504984656,0.0
 07/23  15:00:00,93.0537148591,0.0
 07/23  16:00:00,89.37423146639999,0.0
 07/23  17:00:00,78.8934278034,0.0
 07/23  18:00:00,66.2153854054,0.0
 07/23  19:00:00,3.7052926820999996,0.0
 07/23  20:00:00,7.8382926821000005,0.0
 07/23  21:00:00,11.9712926821,0.0
 07/23  22:00:00,11.9712926821,0.0
 07/23  23:00:00,11.9712926821,0.0
 07/23  24:00:00,11.9712926821,0.0
 07/24  01:00:00,12.569683660399999,0.0
 07/24  02:00:00,12.569683660399999,0.0
 07/24  03:00:00,12.569683660399999,0.0
 07/24  04:00:00,12.569683660399999,0.0
 07/24  05:00:00,12.569683660399999,0.0
 07/24  06:00:00,46.1081326709,0.0
 07/24  07:00:00,44.3262137383,0.0
 07/24  08:00:00,65.5470632489,0.0
 07/24  09:00:00,96.34232835270001,0.0
 07/24  10:00:00,102.92831252399999,0.0
 07/24  11:00:00,107.562002991,0.0
 07/24  12:00:00,108.11783836299999,0.0
 07/24  13:00:00,110.20401001799999,0.0
 07/24  14:00:00,111.893033027,0.0
 07/24  15:00:00,111.533904485,0.0
 07/24  16:00:00,111.68405378700001,0.0
 07/24  17:00:00,113.16086834,0.0
 07/24  18:00:00,99.70587964290002,0.0
 07/24  19:00:00,95.33792852709999,0.0
 07/24  20:00:00,91.0770762018,0.0
 07/24  21:00:00,20.693606815,0.0
 07/24  22:00:00,12.569683660399999,0.0
 07/24  23:00:00,12.569683660399999,0.0
 07/24  24:00:00,12.569683660399999,0.0
 07/25  01:00:00,12.569683660399999,0.0
 07/25  02:00:00,12.569683660399999,0.0
 07/25  03:00:00,12.569683660399999,0.0
 07/25  04:00:00,12.569683660399999,0.0
 07/25  05:00:00,12.569683660399999,0.0
 07/25  06:00:00,49.909401788800004,0.0
 07/25  07:00:00,47.3900659423,0.0
 07/25  08:00:00,68.3143461761,0.0
 07/25  09:00:00,96.0605015591,0.0
 07/25  10:00:00,100.422858311,0.0
 07/25  11:00:00,105.78310648600001,0.0
 07/25  12:00:00,101.950545029,0.0
 07/25  13:00:00,104.510827213,0.0
 07/25  14:00:00,99.43291501569999,0.0
 07/25  15:00:00,93.3839283796,0.0
 07/25  16:00:00,92.2845569984,0.0
 07/25  17:00:00,90.5826443197,0.0
 07/25  18:00:00,76.643447576,0.0
 07/25  19:00:00,74.0883247584,0.0
 07/25  20:00:00,71.5036997587,0.0
 07/25  21:00:00,20.693606815,0.0
 07/25  22:00:00,12.569683660399999,0.0
 07/25  23:00:00,12.569683660399999,0.0
 07/25  24:00:00,12.569683660399999,0.0
 07/26  01:00:00,12.569683660399999,0.0
 07/26  02:00:00,12.569683660399999,0.0
 07/26  03:00:00,12.569683660399999,0.0
 07/26  04:00:00,12.569683660399999,0.0
 07/26  05:00:00,12.569683660399999,0.0
 07/26  06:00:00,33.773551047,0.0
 07/26  07:00:00,35.5887845561,0.0
 07/26  08:00:00,56.8838839286,0.0
 07/26  09:00:00,83.6888675062,0.0
 07/26  10:00:00,88.77558532209999,0.0
 07/26  11:00:00,95.16011773049999,0.0
 07/26  12:00:00,98.8456086692,0.0
 07/26  13:00:00,103.49000962299999,0.0
 07/26  14:00:00,107.975027465,0.0
 07/26  15:00:00,112.562897345,0.0
 07/26  16:00:00,114.70637034299999,0.0
 07/26  17:00:00,114.503935289,0.0
 07/26  18:00:00,101.088981831,0.0
 07/26  19:00:00,98.24144267930001,0.0
 07/26  20:00:00,93.1997675591,0.0
 07/26  21:00:00,20.693606815,0.0
 07/26  22:00:00,12.569683660399999,0.0
 07/26  23:00:00,12.569683660399999,0.0
 07/26  24:00:00,12.569683660399999,0.0
 07/27  01:00:00,12.569683660399999,0.0
 07/27  02:00:00,12.569683660399999,0.0
 07/27  03:00:00,12.569683660399999,0.0
 07/27  04:00:00,12.569683660399999,0.0
 07/27  05:00:00,12.569683660399999,0.0
 07/27  06:00:00,49.87001530770001,0.0
 07/27  07:00:00,47.2809664959,0.0
 07/27  08:00:00,67.5865357256,0.0
 07/27  09:00:00,97.8655870916,0.0
 07/27  10:00:00,103.994925555,0.0
 07/27  11:00:00,107.919869595,0.0
 07/27  12:00:00,111.15257241299999,0.0
 07/27  13:00:00,114.638210339,0.0
 07/27  14:00:00,117.06641561299999,0.0
 07/27  15:00:00,119.894802539,0.0
 07/27  16:00:00,108.588472305,0.0
 07/27  17:00:00,97.92830937139999,0.0
 07/27  18:00:00,80.88200458520001,0.0
 07/27  19:00:00,78.1378369078,0.0
 07/27  20:00:00,76.9243279673,0.0
 07/27  21:00:00,20.693606815,0.0
 07/27  22:00:00,12.569683660399999,0.0
 07/27  23:00:00,12.569683660399999,0.0
 07/27  24:00:00,12.569683660399999,0.0
 07/28  01:00:00,12.569683660399999,0.0
 07/28  02:00:00,12.569683660399999,0.0
 07/28  03:00:00,12.569683660399999,0.0
 07/28  04:00:00,12.569683660399999,0.0
 07/28  05:00:00,12.569683660399999,0.0
 07/28  06:00:00,36.1356025544,0.0
 07/28  07:00:00,37.279492832399995,0.0
 07/28  08:00:00,59.5414296112,0.0
 07/28  09:00:00,89.4710478929,0.0
 07/28  10:00:00,96.09498447760001,0.0
 07/28  11:00:00,102.892573149,0.0
 07/28  12:00:00,107.64171009399999,0.0
 07/28  13:00:00,110.15333581700001,0.0
 07/28  14:00:00,113.21671625200001,0.0
 07/28  15:00:00,117.189114443,0.0
 07/28  16:00:00,118.003876259,0.0
 07/28  17:00:00,114.895901035,0.0
 07/28  18:00:00,99.8985737195,0.0
 07/28  19:00:00,97.5524949144,0.0
 07/28  20:00:00,91.42821089739999,0.0
 07/28  21:00:00,20.693606815,0.0
 07/28  22:00:00,12.569683660399999,0.0
 07/28  23:00:00,12.569683660399999,0.0
 07/28  24:00:00,12.569683660399999,0.0
 07/29  01:00:00,11.9712926821,0.0
 07/29  02:00:00,11.9712926821,0.0
 07/29  03:00:00,11.9712926821,0.0
 07/29  04:00:00,11.9712926821,0.0
 07/29  05:00:00,11.9712926821,0.0
 07/29  06:00:00,43.002200351499994,0.0
 07/29  07:00:00,36.902824851700004,0.0
 07/29  08:00:00,52.2633979958,0.0
 07/29  09:00:00,78.9679764164,0.0
 07/29  10:00:00,100.28463811700001,0.0
 07/29  11:00:00,104.70284934200001,0.0
 07/29  12:00:00,109.969854539,0.0
 07/29  13:00:00,113.97704885899999,0.0
 07/29  14:00:00,115.48446577,0.0
 07/29  15:00:00,118.97257507100001,0.0
 07/29  16:00:00,121.392270221,0.0
 07/29  17:00:00,121.54566344700001,0.0
 07/29  18:00:00,99.1191793193,0.0
 07/29  19:00:00,84.237353867,0.0
 07/29  20:00:00,84.32826047340001,0.0
 07/29  21:00:00,72.3840728179,0.0
 07/29  22:00:00,11.9712926821,0.0
 07/29  23:00:00,11.9712926821,0.0
 07/29  24:00:00,11.9712926821,0.0
 07/30  01:00:00,11.9712926821,0.0
 07/30  02:00:00,11.9712926821,0.0
 07/30  03:00:00,11.9712926821,0.0
 07/30  04:00:00,11.9712926821,0.0
 07/30  05:00:00,11.9712926821,0.0
 07/30  06:00:00,10.5936260154,0.0
 07/30  07:00:00,3.7052926820999996,0.0
 07/30  08:00:00,57.51465726,0.0
 07/30  09:00:00,54.835419005,0.0
 07/30  10:00:00,76.8700251311,0.0
 07/30  11:00:00,82.3739847476,0.0
 07/30  12:00:00,99.97894118290002,0.0
 07/30  13:00:00,102.771179213,0.0
 07/30  14:00:00,105.951213083,0.0
 07/30  15:00:00,108.066795395,0.0
 07/30  16:00:00,110.175063204,0.0
 07/30  17:00:00,100.869035615,0.0
 07/30  18:00:00,83.9786453613,0.0
 07/30  19:00:00,3.7052926820999996,0.0
 07/30  20:00:00,9.21595934877,0.0
 07/30  21:00:00,11.9712926821,0.0
 07/30  22:00:00,11.9712926821,0.0
 07/30  23:00:00,11.9712926821,0.0
 07/30  24:00:00,11.9712926821,0.0
 07/31  01:00:00,12.569683660399999,0.0
 07/31  02:00:00,12.569683660399999,0.0
 07/31  03:00:00,12.569683660399999,0.0
 07/31  04:00:00,12.569683660399999,0.0
 07/31  05:00:00,12.569683660399999,0.0
 07/31  06:00:00,54.568305120699996,0.0
 07/31  07:00:00,49.9042728524,0.0
 07/31  08:00:00,70.0082103079,0.0
 07/31  09:00:00,100.02394301700001,0.0
 07/31  10:00:00,108.369012057,0.0
 07/31  11:00:00,115.090669119,0.0
 07/31  12:00:00,118.775856867,0.0
 07/31  13:00:00,122.88369537700001,0.0
 07/31  14:00:00,124.683104451,0.0
 07/31  15:00:00,128.098436342,0.0
 07/31  16:00:00,127.736587532,0.0
 07/31  17:00:00,127.034478425,0.0
 07/31  18:00:00,113.421007606,0.0
 07/31  19:00:00,103.468185532,0.0
 07/31  20:00:00,95.6016689849,0.0
 07/31  21:00:00,20.693606815,0.0
 07/31  22:00:00,12.569683660399999,0.0
 07/31  23:00:00,12.569683660399999,0.0
 07/31  24:00:00,12.569683660399999,0.0
 08/01  01:00:00,12.569683660399999,0.0
 08/01  02:00:00,12.569683660399999,0.0
 08/01  03:00:00,12.569683660399999,0.0
 08/01  04:00:00,12.569683660399999,0.0
 08/01  05:00:00,12.569683660399999,0.0
 08/01  06:00:00,51.348180640200006,0.0
 08/01  07:00:00,47.6100744339,0.0
 08/01  08:00:00,65.6992343771,0.0
 08/01  09:00:00,88.8920957946,0.0
 08/01  10:00:00,91.77301794790002,0.0
 08/01  11:00:00,98.68770929819999,0.0
 08/01  12:00:00,102.884297569,0.0
 08/01  13:00:00,105.67827585200001,0.0
 08/01  14:00:00,107.133770594,0.0
 08/01  15:00:00,102.10908479700001,0.0
 08/01  16:00:00,95.3748744818,0.0
 08/01  17:00:00,91.288584949,0.0
 08/01  18:00:00,75.0573617905,0.0
 08/01  19:00:00,70.8011384501,0.0
 08/01  20:00:00,68.1540805827,0.0
 08/01  21:00:00,20.693606815,0.0
 08/01  22:00:00,12.569683660399999,0.0
 08/01  23:00:00,12.569683660399999,0.0
 08/01  24:00:00,12.569683660399999,0.0
 08/02  01:00:00,12.569683660399999,0.0
 08/02  02:00:00,12.569683660399999,0.0
 08/02  03:00:00,12.569683660399999,0.0
 08/02  04:00:00,12.569683660399999,0.0
 08/02  05:00:00,12.569683660399999,0.0
 08/02  06:00:00,27.241095039,0.0
 08/02  07:00:00,30.4614427848,0.0
 08/02  08:00:00,51.165669711899994,0.0
 08/02  09:00:00,78.4201226772,0.0
 08/02  10:00:00,84.6534496553,0.0
 08/02  11:00:00,91.473327056,0.0
 08/02  12:00:00,96.6646080306,0.0
 08/02  13:00:00,102.361626074,0.0
 08/02  14:00:00,106.27138420200001,0.0
 08/02  15:00:00,109.809350597,0.0
 08/02  16:00:00,110.013321527,0.0
 08/02  17:00:00,108.758202848,0.0
 08/02  18:00:00,92.9155416817,0.0
 08/02  19:00:00,85.1802927283,0.0
 08/02  20:00:00,80.5066206043,0.0
 08/02  21:00:00,20.693606815,0.0
 08/02  22:00:00,12.569683660399999,0.0
 08/02  23:00:00,12.569683660399999,0.0
 08/02  24:00:00,12.569683660399999,0.0
 08/03  01:00:00,12.569683660399999,0.0
 08/03  02:00:00,12.569683660399999,0.0
 08/03  03:00:00,12.569683660399999,0.0
 08/03  04:00:00,12.569683660399999,0.0
 08/03  05:00:00,12.569683660399999,0.0
 08/03  06:00:00,44.714144230900004,0.0
 08/03  07:00:00,42.5383574542,0.0
 08/03  08:00:00,63.203240209200004,0.0
 08/03  09:00:00,88.2829744398,0.0
 08/03  10:00:00,91.02296970309999,0.0
 08/03  11:00:00,94.63862030899999,0.0
 08/03  12:00:00,97.08857127819999,0.0
 08/03  13:00:00,101.03127685700001,0.0
 08/03  14:00:00,103.063059625,0.0
 08/03  15:00:00,107.33353873,0.0
 08/03  16:00:00,109.26392574200001,0.0
 08/03  17:00:00,101.281691604,0.0
 08/03  18:00:00,81.1212659226,0.0
 08/03  19:00:00,78.4283654169,0.0
 08/03  20:00:00,77.60015284,0.0
 08/03  21:00:00,20.693606815,0.0
 08/03  22:00:00,12.569683660399999,0.0
 08/03  23:00:00,12.569683660399999,0.0
 08/03  24:00:00,12.569683660399999,0.0
 08/04  01:00:00,12.569683660399999,0.0
 08/04  02:00:00,12.569683660399999,0.0
 08/04  03:00:00,12.569683660399999,0.0
 08/04  04:00:00,12.569683660399999,0.0
 08/04  05:00:00,12.569683660399999,0.0
 08/04  06:00:00,40.780140332399995,0.0
 08/04  07:00:00,39.6666376192,0.0
 08/04  08:00:00,58.7779743249,0.0
 08/04  09:00:00,83.9919613499,0.0
 08/04  10:00:00,85.5798386037,0.0
 08/04  11:00:00,88.0573420549,0.0
 08/04  12:00:00,91.33347163559999,0.0
 08/04  13:00:00,95.1154735431,0.0
 08/04  14:00:00,97.020412584,0.0
 08/04  15:00:00,99.33819902379999,0.0
 08/04  16:00:00,92.8578805491,0.0
 08/04  17:00:00,87.40832971270001,0.0
 08/04  18:00:00,74.3226542435,0.0
 08/04  19:00:00,73.2394912991,0.0
 08/04  20:00:00,72.22364268220001,0.0
 08/04  21:00:00,20.693606815,0.0
 08/04  22:00:00,12.569683660399999,0.0
 08/04  23:00:00,12.569683660399999,0.0
 08/04  24:00:00,12.569683660399999,0.0
 08/05  01:00:00,11.9712926821,0.0
 08/05  02:00:00,11.9712926821,0.0
 08/05  03:00:00,11.9712926821,0.0
 08/05  04:00:00,11.9712926821,0.0
 08/05  05:00:00,11.9712926821,0.0
 08/05  06:00:00,31.592548453200003,0.0
 08/05  07:00:00,27.3324579845,0.0
 08/05  08:00:00,43.3883348842,0.0
 08/05  09:00:00,69.8789835421,0.0
 08/05  10:00:00,90.81798992959999,0.0
 08/05  11:00:00,97.7709331417,0.0
 08/05  12:00:00,101.47909102700001,0.0
 08/05  13:00:00,104.709982595,0.0
 08/05  14:00:00,104.352739539,0.0
 08/05  15:00:00,99.2106044901,0.0
 08/05  16:00:00,93.1358608837,0.0
 08/05  17:00:00,90.00399812049999,0.0
 08/05  18:00:00,68.33569723560001,0.0
 08/05  19:00:00,56.543671528100006,0.0
 08/05  20:00:00,60.2619189271,0.0
 08/05  21:00:00,48.9804311408,0.0
 08/05  22:00:00,11.9712926821,0.0
 08/05  23:00:00,11.9712926821,0.0
 08/05  24:00:00,11.9712926821,0.0
 08/06  01:00:00,11.9712926821,0.0
 08/06  02:00:00,11.9712926821,0.0
 08/06  03:00:00,11.9712926821,0.0
 08/06  04:00:00,11.9712926821,0.0
 08/06  05:00:00,11.9712926821,0.0
 08/06  06:00:00,11.9712926821,0.0
 08/06  07:00:00,3.7052926820999996,0.0
 08/06  08:00:00,32.5187280385,0.0
 08/06  09:00:00,38.0031836391,0.0
 08/06  10:00:00,59.7526348108,0.0
 08/06  11:00:00,64.2737069411,0.0
 08/06  12:00:00,81.2935903511,0.0
 08/06  13:00:00,86.1609463689,0.0
 08/06  14:00:00,91.02902645809999,0.0
 08/06  15:00:00,92.7666327651,0.0
 08/06  16:00:00,94.20348721799999,0.0
 08/06  17:00:00,85.70462023340001,0.0
 08/06  18:00:00,74.384571869,0.0
 08/06  19:00:00,3.7052926820999996,0.0
 08/06  20:00:00,9.21595934877,0.0
 08/06  21:00:00,11.9712926821,0.0
 08/06  22:00:00,11.9712926821,0.0
 08/06  23:00:00,11.9712926821,0.0
 08/06  24:00:00,11.9712926821,0.0
 08/07  01:00:00,12.569683660399999,0.0
 08/07  02:00:00,12.569683660399999,0.0
 08/07  03:00:00,12.569683660399999,0.0
 08/07  04:00:00,12.569683660399999,0.0
 08/07  05:00:00,12.569683660399999,0.0
 08/07  06:00:00,53.0282112966,0.0
 08/07  07:00:00,47.625713124799994,0.0
 08/07  08:00:00,66.8186695679,0.0
 08/07  09:00:00,92.4664591028,0.0
 08/07  10:00:00,97.6913754189,0.0
 08/07  11:00:00,103.362411945,0.0
 08/07  12:00:00,105.95678281,0.0
 08/07  13:00:00,108.45092857200001,0.0
 08/07  14:00:00,111.83433461700001,0.0
 08/07  15:00:00,113.319568581,0.0
 08/07  16:00:00,111.75052117,0.0
 08/07  17:00:00,108.653389082,0.0
 08/07  18:00:00,93.3637199587,0.0
 08/07  19:00:00,89.6545657833,0.0
 08/07  20:00:00,85.9739747074,0.0
 08/07  21:00:00,20.693606815,0.0
 08/07  22:00:00,12.569683660399999,0.0
 08/07  23:00:00,12.569683660399999,0.0
 08/07  24:00:00,12.569683660399999,0.0
 08/08  01:00:00,12.569683660399999,0.0
 08/08  02:00:00,12.569683660399999,0.0
 08/08  03:00:00,12.569683660399999,0.0
 08/08  04:00:00,12.569683660399999,0.0
 08/08  05:00:00,12.569683660399999,0.0
 08/08  06:00:00,35.7560222898,0.0
 08/08  07:00:00,35.0589139534,0.0
 08/08  08:00:00,54.8703136434,0.0
 08/08  09:00:00,80.3697850763,0.0
 08/08  10:00:00,83.6675965308,0.0
 08/08  11:00:00,87.0185511256,0.0
 08/08  12:00:00,90.2026685151,0.0
 08/08  13:00:00,93.3055945773,0.0
 08/08  14:00:00,96.3308583461,0.0
 08/08  15:00:00,98.6896743634,0.0
 08/08  16:00:00,99.0112221559,0.0
 08/08  17:00:00,98.69480543430001,0.0
 08/08  18:00:00,83.9971719961,0.0
 08/08  19:00:00,80.60312283270001,0.0
 08/08  20:00:00,76.6093879389,0.0
 08/08  21:00:00,20.693606815,0.0
 08/08  22:00:00,12.569683660399999,0.0
 08/08  23:00:00,12.569683660399999,0.0
 08/08  24:00:00,12.569683660399999,0.0
 08/09  01:00:00,12.569683660399999,0.0
 08/09  02:00:00,12.569683660399999,0.0
 08/09  03:00:00,12.569683660399999,0.0
 08/09  04:00:00,12.569683660399999,0.0
 08/09  05:00:00,12.569683660399999,0.0
 08/09  06:00:00,27.988084775300003,0.0
 08/09  07:00:00,28.0417516779,0.0
 08/09  08:00:00,48.5520261289,0.0
 08/09  09:00:00,75.3262050287,0.0
 08/09  10:00:00,79.4297915265,0.0
 08/09  11:00:00,84.4085412554,0.0
 08/09  12:00:00,88.21783682200001,0.0
 08/09  13:00:00,91.2030686081,0.0
 08/09  14:00:00,95.01048504479999,0.0
 08/09  15:00:00,97.95851267319999,0.0
 08/09  16:00:00,99.57730537270001,0.0
 08/09  17:00:00,99.1061026199,0.0
 08/09  18:00:00,84.4363741104,0.0
 08/09  19:00:00,82.0263840288,0.0
 08/09  20:00:00,79.5583769535,0.0
 08/09  21:00:00,20.693606815,0.0
 08/09  22:00:00,12.569683660399999,0.0
 08/09  23:00:00,12.569683660399999,0.0
 08/09  24:00:00,12.569683660399999,0.0
 08/10  01:00:00,12.569683660399999,0.0
 08/10  02:00:00,12.569683660399999,0.0
 08/10  03:00:00,12.569683660399999,0.0
 08/10  04:00:00,12.569683660399999,0.0
 08/10  05:00:00,12.569683660399999,0.0
 08/10  06:00:00,29.6127138283,0.0
 08/10  07:00:00,32.6327948427,0.0
 08/10  08:00:00,54.93034283,0.0
 08/10  09:00:00,81.04097864229999,0.0
 08/10  10:00:00,85.3834844678,0.0
 08/10  11:00:00,91.5316308127,0.0
 08/10  12:00:00,95.20467752889999,0.0
 08/10  13:00:00,97.6437900937,0.0
 08/10  14:00:00,99.8993256381,0.0
 08/10  15:00:00,102.960762212,0.0
 08/10  16:00:00,103.558610426,0.0
 08/10  17:00:00,104.16486509100001,0.0
 08/10  18:00:00,88.1706055848,0.0
 08/10  19:00:00,83.5564711551,0.0
 08/10  20:00:00,80.9187264607,0.0
 08/10  21:00:00,20.693606815,0.0
 08/10  22:00:00,12.569683660399999,0.0
 08/10  23:00:00,12.569683660399999,0.0
 08/10  24:00:00,12.569683660399999,0.0
 08/11  01:00:00,12.569683660399999,0.0
 08/11  02:00:00,12.569683660399999,0.0
 08/11  03:00:00,12.569683660399999,0.0
 08/11  04:00:00,12.569683660399999,0.0
 08/11  05:00:00,12.569683660399999,0.0
 08/11  06:00:00,36.535423871300004,0.0
 08/11  07:00:00,36.2174980756,0.0
 08/11  08:00:00,55.8310176341,0.0
 08/11  09:00:00,81.7982666799,0.0
 08/11  10:00:00,86.1879978267,0.0
 08/11  11:00:00,90.7958565894,0.0
 08/11  12:00:00,94.27550664190001,0.0
 08/11  13:00:00,97.6507833226,0.0
 08/11  14:00:00,99.0985438535,0.0
 08/11  15:00:00,101.51337708700001,0.0
 08/11  16:00:00,103.118170045,0.0
 08/11  17:00:00,103.495172899,0.0
 08/11  18:00:00,89.8935607133,0.0
 08/11  19:00:00,87.5171334291,0.0
 08/11  20:00:00,84.800051588,0.0
 08/11  21:00:00,20.693606815,0.0
 08/11  22:00:00,12.569683660399999,0.0
 08/11  23:00:00,12.569683660399999,0.0
 08/11  24:00:00,12.569683660399999,0.0
 08/12  01:00:00,11.9712926821,0.0
 08/12  02:00:00,11.9712926821,0.0
 08/12  03:00:00,11.9712926821,0.0
 08/12  04:00:00,11.9712926821,0.0
 08/12  05:00:00,11.9712926821,0.0
 08/12  06:00:00,37.9200763081,0.0
 08/12  07:00:00,32.0840445732,0.0
 08/12  08:00:00,46.5628177959,0.0
 08/12  09:00:00,70.7535768983,0.0
 08/12  10:00:00,90.24619029690001,0.0
 08/12  11:00:00,95.029689121,0.0
 08/12  12:00:00,98.2821012065,0.0
 08/12  13:00:00,97.2962482936,0.0
 08/12  14:00:00,99.4350890314,0.0
 08/12  15:00:00,102.57724503700001,0.0
 08/12  16:00:00,103.398000669,0.0
 08/12  17:00:00,99.12874769959998,0.0
 08/12  18:00:00,73.16143348760001,0.0
 08/12  19:00:00,60.7507636303,0.0
 08/12  20:00:00,66.8358242005,0.0
 08/12  21:00:00,53.5541300995,0.0
 08/12  22:00:00,11.9712926821,0.0
 08/12  23:00:00,11.9712926821,0.0
 08/12  24:00:00,11.9712926821,0.0
 08/13  01:00:00,11.9712926821,0.0
 08/13  02:00:00,11.9712926821,0.0
 08/13  03:00:00,11.9712926821,0.0
 08/13  04:00:00,11.9712926821,0.0
 08/13  05:00:00,11.9712926821,0.0
 08/13  06:00:00,11.9712926821,0.0
 08/13  07:00:00,3.7052926820999996,0.0
 08/13  08:00:00,34.5238339151,0.0
 08/13  09:00:00,36.652511728600004,0.0
 08/13  10:00:00,57.4799244245,0.0
 08/13  11:00:00,60.3676518325,0.0
 08/13  12:00:00,75.0332512773,0.0
 08/13  13:00:00,77.0630867279,0.0
 08/13  14:00:00,81.8350603881,0.0
 08/13  15:00:00,83.255269679,0.0
 08/13  16:00:00,84.0262210116,0.0
 08/13  17:00:00,74.4332223243,0.0
 08/13  18:00:00,60.997203204899996,0.0
 08/13  19:00:00,3.7052926820999996,0.0
 08/13  20:00:00,10.5936260154,0.0
 08/13  21:00:00,11.9712926821,0.0
 08/13  22:00:00,11.9712926821,0.0
 08/13  23:00:00,11.9712926821,0.0
 08/13  24:00:00,11.9712926821,0.0
 08/14  01:00:00,12.569683660399999,0.0
 08/14  02:00:00,12.569683660399999,0.0
 08/14  03:00:00,12.569683660399999,0.0
 08/14  04:00:00,12.569683660399999,0.0
 08/14  05:00:00,12.569683660399999,0.0
 08/14  06:00:00,41.3693071761,0.0
 08/14  07:00:00,39.7951081872,0.0
 08/14  08:00:00,59.992089331,0.0
 08/14  09:00:00,87.36798722809999,0.0
 08/14  10:00:00,93.14361218120001,0.0
 08/14  11:00:00,97.1487759166,0.0
 08/14  12:00:00,100.64743405700001,0.0
 08/14  13:00:00,105.481494447,0.0
 08/14  14:00:00,106.97971856,0.0
 08/14  15:00:00,107.86904706899999,0.0
 08/14  16:00:00,104.445167735,0.0
 08/14  17:00:00,102.53956202200001,0.0
 08/14  18:00:00,90.21470495610001,0.0
 08/14  19:00:00,87.22933727690001,0.0
 08/14  20:00:00,85.8575401624,0.0
 08/14  21:00:00,20.693606815,0.0
 08/14  22:00:00,12.569683660399999,0.0
 08/14  23:00:00,12.569683660399999,0.0
 08/14  24:00:00,12.569683660399999,0.0
 08/15  01:00:00,12.569683660399999,0.0
 08/15  02:00:00,12.569683660399999,0.0
 08/15  03:00:00,12.569683660399999,0.0
 08/15  04:00:00,12.569683660399999,0.0
 08/15  05:00:00,12.569683660399999,0.0
 08/15  06:00:00,47.2376665863,0.0
 08/15  07:00:00,45.0406887304,0.0
 08/15  08:00:00,65.3670696901,0.0
 08/15  09:00:00,90.8334501254,0.0
 08/15  10:00:00,94.6082582499,0.0
 08/15  11:00:00,99.7191401323,0.0
 08/15  12:00:00,102.679851405,0.0
 08/15  13:00:00,106.036834541,0.0
 08/15  14:00:00,108.491582475,0.0
 08/15  15:00:00,110.634450767,0.0
 08/15  16:00:00,111.31579157600001,0.0
 08/15  17:00:00,111.191161055,0.0
 08/15  18:00:00,92.66460978239999,0.0
 08/15  19:00:00,84.022660273,0.0
 08/15  20:00:00,81.8407071984,0.0
 08/15  21:00:00,20.693606815,0.0
 08/15  22:00:00,12.569683660399999,0.0
 08/15  23:00:00,12.569683660399999,0.0
 08/15  24:00:00,12.569683660399999,0.0
 08/16  01:00:00,12.569683660399999,0.0
 08/16  02:00:00,12.569683660399999,0.0
 08/16  03:00:00,12.569683660399999,0.0
 08/16  04:00:00,12.569683660399999,0.0
 08/16  05:00:00,12.569683660399999,0.0
 08/16  06:00:00,42.647424303,0.0
 08/16  07:00:00,41.6649049335,0.0
 08/16  08:00:00,61.0530672712,0.0
 08/16  09:00:00,87.1256857327,0.0
 08/16  10:00:00,92.6278667952,0.0
 08/16  11:00:00,99.8446403414,0.0
 08/16  12:00:00,103.0284919,0.0
 08/16  13:00:00,106.81652848200001,0.0
 08/16  14:00:00,109.56215121,0.0
 08/16  15:00:00,111.463856332,0.0
 08/16  16:00:00,111.501698965,0.0
 08/16  17:00:00,110.33701068799999,0.0
 08/16  18:00:00,95.26052431549999,0.0
 08/16  19:00:00,91.1835089868,0.0
 08/16  20:00:00,88.17223691870001,0.0
 08/16  21:00:00,20.693606815,0.0
 08/16  22:00:00,12.569683660399999,0.0
 08/16  23:00:00,12.569683660399999,0.0
 08/16  24:00:00,12.569683660399999,0.0
 08/17  01:00:00,12.569683660399999,0.0
 08/17  02:00:00,12.569683660399999,0.0
 08/17  03:00:00,12.569683660399999,0.0
 08/17  04:00:00,12.569683660399999,0.0
 08/17  05:00:00,12.569683660399999,0.0
 08/17  06:00:00,46.046653418199995,0.0
 08/17  07:00:00,44.8496908659,0.0
 08/17  08:00:00,65.3639492342,0.0
 08/17  09:00:00,93.6561667742,0.0
 08/17  10:00:00,98.9559149001,0.0
 08/17  11:00:00,103.178688899,0.0
 08/17  12:00:00,106.33366621100001,0.0
 08/17  13:00:00,110.24634640299999,0.0
 08/17  14:00:00,113.637773169,0.0
 08/17  15:00:00,112.157395961,0.0
 08/17  16:00:00,108.532960469,0.0
 08/17  17:00:00,107.345185925,0.0
 08/17  18:00:00,92.31659983639999,0.0
 08/17  19:00:00,89.21082432530001,0.0
 08/17  20:00:00,88.0335405772,0.0
 08/17  21:00:00,20.693606815,0.0
 08/17  22:00:00,12.569683660399999,0.0
 08/17  23:00:00,12.569683660399999,0.0
 08/17  24:00:00,12.569683660399999,0.0
 08/18  01:00:00,12.569683660399999,0.0
 08/18  02:00:00,12.569683660399999,0.0
 08/18  03:00:00,12.569683660399999,0.0
 08/18  04:00:00,12.569683660399999,0.0
 08/18  05:00:00,12.569683660399999,0.0
 08/18  06:00:00,42.0633885874,0.0
 08/18  07:00:00,40.82412842,0.0
 08/18  08:00:00,64.33244001899999,0.0
 08/18  09:00:00,93.3077882693,0.0
 08/18  10:00:00,96.7652724017,0.0
 08/18  11:00:00,100.22331500700001,0.0
 08/18  12:00:00,103.20566447200001,0.0
 08/18  13:00:00,101.53988175,0.0
 08/18  14:00:00,96.2722019658,0.0
 08/18  15:00:00,99.50939277139999,0.0
 08/18  16:00:00,105.060598982,0.0
 08/18  17:00:00,104.992091945,0.0
 08/18  18:00:00,88.89631419450001,0.0
 08/18  19:00:00,84.0647881583,0.0
 08/18  20:00:00,82.6641709562,0.0
 08/18  21:00:00,20.693606815,0.0
 08/18  22:00:00,12.569683660399999,0.0
 08/18  23:00:00,12.569683660399999,0.0
 08/18  24:00:00,12.569683660399999,0.0
 08/19  01:00:00,11.9712926821,0.0
 08/19  02:00:00,11.9712926821,0.0
 08/19  03:00:00,11.9712926821,0.0
 08/19  04:00:00,11.9712926821,0.0
 08/19  05:00:00,11.9712926821,0.0
 08/19  06:00:00,39.083857857,0.0
 08/19  07:00:00,34.0196769565,0.0
 08/19  08:00:00,45.6524953283,0.0
 08/19  09:00:00,73.73751506640001,0.0
 08/19  10:00:00,95.9822175335,0.0
 08/19  11:00:00,100.79713504899999,0.0
 08/19  12:00:00,103.91194342700001,0.0
 08/19  13:00:00,107.955413022,0.0
 08/19  14:00:00,111.637490879,0.0
 08/19  15:00:00,112.955737451,0.0
 08/19  16:00:00,115.86998085100001,0.0
 08/19  17:00:00,101.97402672,0.0
 08/19  18:00:00,73.757316269,0.0
 08/19  19:00:00,60.8929952317,0.0
 08/19  20:00:00,61.6092894346,0.0
 08/19  21:00:00,46.7751813604,0.0
 08/19  22:00:00,11.9712926821,0.0
 08/19  23:00:00,11.9712926821,0.0
 08/19  24:00:00,11.9712926821,0.0
 08/20  01:00:00,11.9712926821,0.0
 08/20  02:00:00,11.9712926821,0.0
 08/20  03:00:00,11.9712926821,0.0
 08/20  04:00:00,11.9712926821,0.0
 08/20  05:00:00,11.9712926821,0.0
 08/20  06:00:00,11.9712926821,0.0
 08/20  07:00:00,5.082959348769999,0.0
 08/20  08:00:00,30.7403639004,0.0
 08/20  09:00:00,32.3071369687,0.0
 08/20  10:00:00,54.3088150514,0.0
 08/20  11:00:00,59.342372554499995,0.0
 08/20  12:00:00,74.3721797706,0.0
 08/20  13:00:00,78.19247221270001,0.0
 08/20  14:00:00,82.7019374163,0.0
 08/20  15:00:00,83.44383970300001,0.0
 08/20  16:00:00,85.7166824392,0.0
 08/20  17:00:00,75.41524318100001,0.0
 08/20  18:00:00,62.824455281999995,0.0
 08/20  19:00:00,3.7052926820999996,0.0
 08/20  20:00:00,10.5936260154,0.0
 08/20  21:00:00,11.9712926821,0.0
 08/20  22:00:00,11.9712926821,0.0
 08/20  23:00:00,11.9712926821,0.0
 08/20  24:00:00,11.9712926821,0.0
 08/21  01:00:00,12.569683660399999,0.0
 08/21  02:00:00,12.569683660399999,0.0
 08/21  03:00:00,12.569683660399999,0.0
 08/21  04:00:00,12.569683660399999,0.0
 08/21  05:00:00,12.569683660399999,0.0
 08/21  06:00:00,41.2261364148,0.0
 08/21  07:00:00,41.3779125227,0.0
 08/21  08:00:00,60.7817337238,0.0
 08/21  09:00:00,87.74441600639999,0.0
 08/21  10:00:00,91.65388310370001,0.0
 08/21  11:00:00,95.4786160794,0.0
 08/21  12:00:00,100.45697506100001,0.0
 08/21  13:00:00,103.44230992799999,0.0
 08/21  14:00:00,106.88428899700001,0.0
 08/21  15:00:00,110.269349048,0.0
 08/21  16:00:00,110.44886160899999,0.0
 08/21  17:00:00,108.596504515,0.0
 08/21  18:00:00,91.9745509767,0.0
 08/21  19:00:00,87.5658082981,0.0
 08/21  20:00:00,86.22452169540001,0.0
 08/21  21:00:00,20.693606815,0.0
 08/21  22:00:00,12.569683660399999,0.0
 08/21  23:00:00,12.569683660399999,0.0
 08/21  24:00:00,12.569683660399999,0.0
 08/22  01:00:00,12.569683660399999,0.0
 08/22  02:00:00,12.569683660399999,0.0
 08/22  03:00:00,12.569683660399999,0.0
 08/22  04:00:00,12.569683660399999,0.0
 08/22  05:00:00,12.569683660399999,0.0
 08/22  06:00:00,44.054911023500004,0.0
 08/22  07:00:00,43.6801570103,0.0
 08/22  08:00:00,62.663215342600004,0.0
 08/22  09:00:00,89.48002429629999,0.0
 08/22  10:00:00,95.3196845785,0.0
 08/22  11:00:00,100.084413093,0.0
 08/22  12:00:00,103.29904304799999,0.0
 08/22  13:00:00,107.6794841,0.0
 08/22  14:00:00,112.122826981,0.0
 08/22  15:00:00,114.347699054,0.0
 08/22  16:00:00,114.082972771,0.0
 08/22  17:00:00,113.999612715,0.0
 08/22  18:00:00,98.2912322558,0.0
 08/22  19:00:00,93.2683588706,0.0
 08/22  20:00:00,92.006582851,0.0
 08/22  21:00:00,20.693606815,0.0
 08/22  22:00:00,12.569683660399999,0.0
 08/22  23:00:00,12.569683660399999,0.0
 08/22  24:00:00,12.569683660399999,0.0
 08/23  01:00:00,12.569683660399999,0.0
 08/23  02:00:00,12.569683660399999,0.0
 08/23  03:00:00,12.569683660399999,0.0
 08/23  04:00:00,12.569683660399999,0.0
 08/23  05:00:00,12.569683660399999,0.0
 08/23  06:00:00,43.07328280229999,0.0
 08/23  07:00:00,42.0057686715,0.0
 08/23  08:00:00,62.6070961923,0.0
 08/23  09:00:00,91.56080873959999,0.0
 08/23  10:00:00,96.6249279111,0.0
 08/23  11:00:00,101.39328942700001,0.0
 08/23  12:00:00,104.00787932899999,0.0
 08/23  13:00:00,106.70611216399999,0.0
 08/23  14:00:00,111.879287269,0.0
 08/23  15:00:00,114.953768054,0.0
 08/23  16:00:00,116.32729530299999,0.0
 08/23  17:00:00,115.539799975,0.0
 08/23  18:00:00,100.51011488399999,0.0
 08/23  19:00:00,96.8397173355,0.0
 08/23  20:00:00,95.79205636440001,0.0
 08/23  21:00:00,20.693606815,0.0
 08/23  22:00:00,12.569683660399999,0.0
 08/23  23:00:00,12.569683660399999,0.0
 08/23  24:00:00,12.569683660399999,0.0
 08/24  01:00:00,12.569683660399999,0.0
 08/24  02:00:00,12.569683660399999,0.0
 08/24  03:00:00,12.569683660399999,0.0
 08/24  04:00:00,12.569683660399999,0.0
 08/24  05:00:00,12.569683660399999,0.0
 08/24  06:00:00,48.0814898901,0.0
 08/24  07:00:00,45.7284761266,0.0
 08/24  08:00:00,65.3468178035,0.0
 08/24  09:00:00,93.37830584459999,0.0
 08/24  10:00:00,97.7157011683,0.0
 08/24  11:00:00,103.094695194,0.0
 08/24  12:00:00,106.16568393,0.0
 08/24  13:00:00,109.46324081899999,0.0
 08/24  14:00:00,113.557042365,0.0
 08/24  15:00:00,115.13787483700001,0.0
 08/24  16:00:00,116.635871639,0.0
 08/24  17:00:00,116.77736063200001,0.0
 08/24  18:00:00,101.335343175,0.0
 08/24  19:00:00,96.5265077043,0.0
 08/24  20:00:00,93.8167657235,0.0
 08/24  21:00:00,20.693606815,0.0
 08/24  22:00:00,12.569683660399999,0.0
 08/24  23:00:00,12.569683660399999,0.0
 08/24  24:00:00,12.569683660399999,0.0
 08/25  01:00:00,12.569683660399999,0.0
 08/25  02:00:00,12.569683660399999,0.0
 08/25  03:00:00,12.569683660399999,0.0
 08/25  04:00:00,12.569683660399999,0.0
 08/25  05:00:00,12.569683660399999,0.0
 08/25  06:00:00,45.955908372399996,0.0
 08/25  07:00:00,42.7900636889,0.0
 08/25  08:00:00,61.97704411350001,0.0
 08/25  09:00:00,91.36163451639999,0.0
 08/25  10:00:00,97.8916066497,0.0
 08/25  11:00:00,104.146196795,0.0
 08/25  12:00:00,107.67649258,0.0
 08/25  13:00:00,111.194152073,0.0
 08/25  14:00:00,114.177695846,0.0
 08/25  15:00:00,116.747226128,0.0
 08/25  16:00:00,118.13677785899999,0.0
 08/25  17:00:00,118.521969451,0.0
 08/25  18:00:00,92.1400540993,0.0
 08/25  19:00:00,80.4930169338,0.0
 08/25  20:00:00,81.3033387341,0.0
 08/25  21:00:00,20.693606815,0.0
 08/25  22:00:00,12.569683660399999,0.0
 08/25  23:00:00,12.569683660399999,0.0
 08/25  24:00:00,12.569683660399999,0.0
 08/26  01:00:00,11.9712926821,0.0
 08/26  02:00:00,11.9712926821,0.0
 08/26  03:00:00,11.9712926821,0.0
 08/26  04:00:00,11.9712926821,0.0
 08/26  05:00:00,11.9712926821,0.0
 08/26  06:00:00,39.4871895898,0.0
 08/26  07:00:00,34.9585922885,0.0
 08/26  08:00:00,46.910256699099996,0.0
 08/26  09:00:00,70.38366946800001,0.0
 08/26  10:00:00,88.5090525352,0.0
 08/26  11:00:00,93.4407763565,0.0
 08/26  12:00:00,97.2079336683,0.0
 08/26  13:00:00,100.72174013899999,0.0
 08/26  14:00:00,104.238284979,0.0
 08/26  15:00:00,105.351618358,0.0
 08/26  16:00:00,107.514816161,0.0
 08/26  17:00:00,106.43827034200001,0.0
 08/26  18:00:00,81.00450683300001,0.0
 08/26  19:00:00,67.3385713983,0.0
 08/26  20:00:00,74.0670824071,0.0
 08/26  21:00:00,59.4850935144,0.0
 08/26  22:00:00,11.9712926821,0.0
 08/26  23:00:00,11.9712926821,0.0
 08/26  24:00:00,11.9712926821,0.0
 08/27  01:00:00,11.9712926821,0.0
 08/27  02:00:00,11.9712926821,0.0
 08/27  03:00:00,11.9712926821,0.0
 08/27  04:00:00,11.9712926821,0.0
 08/27  05:00:00,11.9712926821,0.0
 08/27  06:00:00,11.9712926821,0.0
 08/27  07:00:00,5.082959348769999,0.0
 08/27  08:00:00,39.2014775183,0.0
 08/27  09:00:00,42.0482813337,0.0
 08/27  10:00:00,64.4610452629,0.0
 08/27  11:00:00,67.6699655434,0.0
 08/27  12:00:00,83.3027369588,0.0
 08/27  13:00:00,83.1388739728,0.0
 08/27  14:00:00,76.5393470846,0.0
 08/27  15:00:00,71.51917059600001,0.0
 08/27  16:00:00,70.41558781479999,0.0
 08/27  17:00:00,57.1719863741,0.0
 08/27  18:00:00,44.772454903500005,0.0
 08/27  19:00:00,3.7052926820999996,0.0
 08/27  20:00:00,11.9712926821,0.0
 08/27  21:00:00,11.9712926821,0.0
 08/27  22:00:00,11.9712926821,0.0
 08/27  23:00:00,11.9712926821,0.0
 08/27  24:00:00,11.9712926821,0.0
 08/28  01:00:00,12.569683660399999,0.0
 08/28  02:00:00,12.569683660399999,0.0
 08/28  03:00:00,12.569683660399999,0.0
 08/28  04:00:00,12.569683660399999,0.0
 08/28  05:00:00,12.569683660399999,0.0
 08/28  06:00:00,30.366514853400002,0.0
 08/28  07:00:00,33.3230792927,0.0
 08/28  08:00:00,51.494802721999996,0.0
 08/28  09:00:00,74.9872364909,0.0
 08/28  10:00:00,80.08738015729999,0.0
 08/28  11:00:00,87.6825224239,0.0
 08/28  12:00:00,92.97801811149999,0.0
 08/28  13:00:00,97.15249776360001,0.0
 08/28  14:00:00,100.278881129,0.0
 08/28  15:00:00,105.211620063,0.0
 08/28  16:00:00,106.61904275399999,0.0
 08/28  17:00:00,101.48639321299999,0.0
 08/28  18:00:00,80.6075413325,0.0
 08/28  19:00:00,74.69084789989999,0.0
 08/28  20:00:00,75.597602367,0.0
 08/28  21:00:00,20.693606815,0.0
 08/28  22:00:00,12.569683660399999,0.0
 08/28  23:00:00,12.569683660399999,0.0
 08/28  24:00:00,12.569683660399999,0.0
 08/29  01:00:00,12.569683660399999,0.0
 08/29  02:00:00,12.569683660399999,0.0
 08/29  03:00:00,12.569683660399999,0.0
 08/29  04:00:00,12.569683660399999,0.0
 08/29  05:00:00,12.569683660399999,0.0
 08/29  06:00:00,36.874775009699995,0.0
 08/29  07:00:00,37.6449162521,0.0
 08/29  08:00:00,55.0939908609,0.0
 08/29  09:00:00,80.07009081460001,0.0
 08/29  10:00:00,83.5511042291,0.0
 08/29  11:00:00,87.0562349017,0.0
 08/29  12:00:00,90.48099960219999,0.0
 08/29  13:00:00,95.29098435510001,0.0
 08/29  14:00:00,97.7715030799,0.0
 08/29  15:00:00,99.10002356950001,0.0
 08/29  16:00:00,100.038223196,0.0
 08/29  17:00:00,101.131978457,0.0
 08/29  18:00:00,83.4224494651,0.0
 08/29  19:00:00,75.6177437086,0.0
 08/29  20:00:00,76.817455752,0.0
 08/29  21:00:00,20.693606815,0.0
 08/29  22:00:00,12.569683660399999,0.0
 08/29  23:00:00,12.569683660399999,0.0
 08/29  24:00:00,12.569683660399999,0.0
 08/30  01:00:00,12.569683660399999,0.0
 08/30  02:00:00,12.569683660399999,0.0
 08/30  03:00:00,12.569683660399999,0.0
 08/30  04:00:00,12.569683660399999,0.0
 08/30  05:00:00,12.569683660399999,0.0
 08/30  06:00:00,40.707264972,0.0
 08/30  07:00:00,41.3976546138,0.0
 08/30  08:00:00,57.9062691651,0.0
 08/30  09:00:00,80.7432545266,0.0
 08/30  10:00:00,83.6074870954,0.0
 08/30  11:00:00,87.22380698069999,0.0
 08/30  12:00:00,87.75988685290001,0.0
 08/30  13:00:00,90.20846305239999,0.0
 08/30  14:00:00,93.517755691,0.0
 08/30  15:00:00,97.0146925394,0.0
 08/30  16:00:00,99.1212623916,0.0
 08/30  17:00:00,97.7249229439,0.0
 08/30  18:00:00,83.7625725876,0.0
 08/30  19:00:00,80.0235555036,0.0
 08/30  20:00:00,77.1783125449,0.0
 08/30  21:00:00,20.693606815,0.0
 08/30  22:00:00,12.569683660399999,0.0
 08/30  23:00:00,12.569683660399999,0.0
 08/30  24:00:00,12.569683660399999,0.0
 08/31  01:00:00,12.569683660399999,0.0
 08/31  02:00:00,12.569683660399999,0.0
 08/31  03:00:00,12.569683660399999,0.0
 08/31  04:00:00,12.569683660399999,0.0
 08/31  05:00:00,12.569683660399999,0.0
 08/31  06:00:00,42.5986801119,0.0
 08/31  07:00:00,42.9998250619,0.0
 08/31  08:00:00,59.5253383327,0.0
 08/31  09:00:00,80.6313690689,0.0
 08/31  10:00:00,80.4284356074,0.0
 08/31  11:00:00,83.2049843243,0.0
 08/31  12:00:00,85.6602986132,0.0
 08/31  13:00:00,87.68078269969999,0.0
 08/31  14:00:00,89.3162025907,0.0
 08/31  15:00:00,91.7080590461,0.0
 08/31  16:00:00,91.16185152989999,0.0
 08/31  17:00:00,89.8417976086,0.0
 08/31  18:00:00,76.06220626300001,0.0
 08/31  19:00:00,74.9007239351,0.0
 08/31  20:00:00,74.6373052346,0.0
 08/31  21:00:00,20.693606815,0.0
 08/31  22:00:00,12.569683660399999,0.0
 08/31  23:00:00,12.569683660399999,0.0
 08/31  24:00:00,12.569683660399999,0.0
 09/01  01:00:00,12.569683660399999,0.0
 09/01  02:00:00,12.569683660399999,0.0
 09/01  03:00:00,12.569683660399999,0.0
 09/01  04:00:00,12.569683660399999,0.0
 09/01  05:00:00,12.569683660399999,0.0
 09/01  06:00:00,33.7852651391,0.0
 09/01  07:00:00,35.9514762544,0.0
 09/01  08:00:00,55.053340735,0.0
 09/01  09:00:00,81.2783028516,0.0
 09/01  10:00:00,82.9835328522,0.0
 09/01  11:00:00,86.4395338118,0.0
 09/01  12:00:00,91.68019025379999,0.0
 09/01  13:00:00,93.88250228129999,0.0
 09/01  14:00:00,93.917827171,0.0
 09/01  15:00:00,95.77183648299999,0.0
 09/01  16:00:00,97.2729159711,0.0
 09/01  17:00:00,98.5378098881,0.0
 09/01  18:00:00,84.9297257022,0.0
 09/01  19:00:00,82.38699934819999,0.0
 09/01  20:00:00,80.3031964857,0.0
 09/01  21:00:00,20.693606815,0.0
 09/01  22:00:00,12.569683660399999,0.0
 09/01  23:00:00,12.569683660399999,0.0
 09/01  24:00:00,12.569683660399999,0.0
 09/02  01:00:00,11.9712926821,0.0
 09/02  02:00:00,11.9712926821,0.0
 09/02  03:00:00,11.9712926821,0.0
 09/02  04:00:00,11.9712926821,0.0
 09/02  05:00:00,11.9712926821,0.0
 09/02  06:00:00,40.3270864662,0.0
 09/02  07:00:00,34.6163516869,0.0
 09/02  08:00:00,45.285503650200006,0.0
 09/02  09:00:00,64.9163631442,0.0
 09/02  10:00:00,82.54261619569999,0.0
 09/02  11:00:00,86.9303270475,0.0
 09/02  12:00:00,89.96148110200001,0.0
 09/02  13:00:00,92.3455257425,0.0
 09/02  14:00:00,92.7407434609,0.0
 09/02  15:00:00,92.45509939530001,0.0
 09/02  16:00:00,92.46119818790001,0.0
 09/02  17:00:00,92.1438970966,0.0
 09/02  18:00:00,69.215449136,0.0
 09/02  19:00:00,57.033799320600004,0.0
 09/02  20:00:00,63.1252285712,0.0
 09/02  21:00:00,48.3419229649,0.0
 09/02  22:00:00,11.9712926821,0.0
 09/02  23:00:00,11.9712926821,0.0
 09/02  24:00:00,11.9712926821,0.0
 09/03  01:00:00,11.9712926821,0.0
 09/03  02:00:00,11.9712926821,0.0
 09/03  03:00:00,11.9712926821,0.0
 09/03  04:00:00,11.9712926821,0.0
 09/03  05:00:00,11.9712926821,0.0
 09/03  06:00:00,11.9712926821,0.0
 09/03  07:00:00,5.082959348769999,0.0
 09/03  08:00:00,30.4421666355,0.0
 09/03  09:00:00,30.992235254,0.0
 09/03  10:00:00,49.6877359528,0.0
 09/03  11:00:00,51.5135405708,0.0
 09/03  12:00:00,68.4934585836,0.0
 09/03  13:00:00,72.7719510409,0.0
 09/03  14:00:00,74.6794706096,0.0
 09/03  15:00:00,75.9318849614,0.0
 09/03  16:00:00,77.3059826831,0.0
 09/03  17:00:00,66.8458466737,0.0
 09/03  18:00:00,55.434889444700005,0.0
 09/03  19:00:00,5.082959348769999,0.0
 09/03  20:00:00,11.9712926821,0.0
 09/03  21:00:00,11.9712926821,0.0
 09/03  22:00:00,11.9712926821,0.0
 09/03  23:00:00,11.9712926821,0.0
 09/03  24:00:00,11.9712926821,0.0
 09/04  01:00:00,11.9712926821,0.0
 09/04  02:00:00,11.9712926821,0.0
 09/04  03:00:00,11.9712926821,0.0
 09/04  04:00:00,11.9712926821,0.0
 09/04  05:00:00,11.9712926821,0.0
 09/04  06:00:00,11.9712926821,0.0
 09/04  07:00:00,5.082959348769999,0.0
 09/04  08:00:00,32.684174826799996,0.0
 09/04  09:00:00,33.206420804699995,0.0
 09/04  10:00:00,51.27062171520001,0.0
 09/04  11:00:00,52.3494071364,0.0
 09/04  12:00:00,66.90257524260001,0.0
 09/04  13:00:00,67.9124126006,0.0
 09/04  14:00:00,69.9349995338,0.0
 09/04  15:00:00,71.3197221276,0.0
 09/04  16:00:00,70.2238512692,0.0
 09/04  17:00:00,55.6070732987,0.0
 09/04  18:00:00,40.7670560885,0.0
 09/04  19:00:00,5.082959348769999,0.0
 09/04  20:00:00,11.9712926821,0.0
 09/04  21:00:00,11.9712926821,0.0
 09/04  22:00:00,11.9712926821,0.0
 09/04  23:00:00,11.9712926821,0.0
 09/04  24:00:00,11.9712926821,0.0
 09/05  01:00:00,12.569683660399999,0.0
 09/05  02:00:00,12.569683660399999,0.0
 09/05  03:00:00,12.569683660399999,0.0
 09/05  04:00:00,12.569683660399999,0.0
 09/05  05:00:00,12.569683660399999,0.0
 09/05  06:00:00,30.373614399999997,0.0
 09/05  07:00:00,34.7856755775,0.0
 09/05  08:00:00,51.8387005154,0.0
 09/05  09:00:00,75.2076888291,0.0
 09/05  10:00:00,77.4982048711,0.0
 09/05  11:00:00,81.2685514559,0.0
 09/05  12:00:00,82.5414491516,0.0
 09/05  13:00:00,82.55982089609999,0.0
 09/05  14:00:00,86.79513701190001,0.0
 09/05  15:00:00,93.70361993559999,0.0
 09/05  16:00:00,95.2551631851,0.0
 09/05  17:00:00,93.40538016,0.0
 09/05  18:00:00,78.6231173755,0.0
 09/05  19:00:00,77.0187448136,0.0
 09/05  20:00:00,75.8766704083,0.0
 09/05  21:00:00,20.693606815,0.0
 09/05  22:00:00,12.569683660399999,0.0
 09/05  23:00:00,12.569683660399999,0.0
 09/05  24:00:00,12.569683660399999,0.0
 09/06  01:00:00,12.569683660399999,0.0
 09/06  02:00:00,12.569683660399999,0.0
 09/06  03:00:00,12.569683660399999,0.0
 09/06  04:00:00,12.569683660399999,0.0
 09/06  05:00:00,12.569683660399999,0.0
 09/06  06:00:00,37.5802525505,0.0
 09/06  07:00:00,39.999080162199995,0.0
 09/06  08:00:00,55.3551359083,0.0
 09/06  09:00:00,78.891810678,0.0
 09/06  10:00:00,83.37432750949999,0.0
 09/06  11:00:00,90.071005879,0.0
 09/06  12:00:00,94.835999726,0.0
 09/06  13:00:00,98.21155219459999,0.0
 09/06  14:00:00,100.57592175399999,0.0
 09/06  15:00:00,103.69861507799999,0.0
 09/06  16:00:00,105.582931809,0.0
 09/06  17:00:00,104.93749993899999,0.0
 09/06  18:00:00,89.8467329765,0.0
 09/06  19:00:00,85.9668271801,0.0
 09/06  20:00:00,81.2298283818,0.0
 09/06  21:00:00,20.693606815,0.0
 09/06  22:00:00,12.569683660399999,0.0
 09/06  23:00:00,12.569683660399999,0.0
 09/06  24:00:00,12.569683660399999,0.0
 09/07  01:00:00,12.569683660399999,0.0
 09/07  02:00:00,12.569683660399999,0.0
 09/07  03:00:00,12.569683660399999,0.0
 09/07  04:00:00,12.569683660399999,0.0
 09/07  05:00:00,12.569683660399999,0.0
 09/07  06:00:00,33.8745705498,0.0
 09/07  07:00:00,34.8745324418,0.0
 09/07  08:00:00,54.1750895724,0.0
 09/07  09:00:00,82.9905899737,0.0
 09/07  10:00:00,89.4009065779,0.0
 09/07  11:00:00,95.0491577031,0.0
 09/07  12:00:00,98.198857819,0.0
 09/07  13:00:00,99.99368246569999,0.0
 09/07  14:00:00,90.89048820709999,0.0
 09/07  15:00:00,88.86792551180001,0.0
 09/07  16:00:00,92.2983602615,0.0
 09/07  17:00:00,92.9090315792,0.0
 09/07  18:00:00,79.7720922843,0.0
 09/07  19:00:00,77.2712220585,0.0
 09/07  20:00:00,74.5287910607,0.0
 09/07  21:00:00,20.693606815,0.0
 09/07  22:00:00,12.569683660399999,0.0
 09/07  23:00:00,12.569683660399999,0.0
 09/07  24:00:00,12.569683660399999,0.0
 09/08  01:00:00,12.569683660399999,0.0
 09/08  02:00:00,12.569683660399999,0.0
 09/08  03:00:00,12.569683660399999,0.0
 09/08  04:00:00,12.569683660399999,0.0
 09/08  05:00:00,12.569683660399999,0.0
 09/08  06:00:00,27.8395906845,0.0
 09/08  07:00:00,30.4401313517,0.0
 09/08  08:00:00,48.3508808316,0.0
 09/08  09:00:00,80.4243490303,0.0
 09/08  10:00:00,88.21725879430001,0.0
 09/08  11:00:00,93.1063856945,0.0
 09/08  12:00:00,96.1615788125,0.0
 09/08  13:00:00,98.3203298093,0.0
 09/08  14:00:00,102.854204209,0.0
 09/08  15:00:00,104.495105646,0.0
 09/08  16:00:00,105.477143956,0.0
 09/08  17:00:00,105.438109238,0.0
 09/08  18:00:00,87.6264708974,0.0
 09/08  19:00:00,80.470467746,0.0
 09/08  20:00:00,73.11430630560001,0.0
 09/08  21:00:00,20.693606815,0.0
 09/08  22:00:00,12.569683660399999,0.0
 09/08  23:00:00,12.569683660399999,0.0
 09/08  24:00:00,12.569683660399999,0.0
 09/09  01:00:00,11.9712926821,0.0
 09/09  02:00:00,11.9712926821,0.0
 09/09  03:00:00,11.9712926821,0.0
 09/09  04:00:00,11.9712926821,0.0
 09/09  05:00:00,11.9712926821,0.0
 09/09  06:00:00,28.507221734,0.0
 09/09  07:00:00,26.4161808398,0.0
 09/09  08:00:00,39.4151400122,0.0
 09/09  09:00:00,68.2199619203,0.0
 09/09  10:00:00,90.3021107935,0.0
 09/09  11:00:00,95.47273597690001,0.0
 09/09  12:00:00,98.55847927010001,0.0
 09/09  13:00:00,101.47138010100001,0.0
 09/09  14:00:00,104.19224968600001,0.0
 09/09  15:00:00,107.29973663,0.0
 09/09  16:00:00,107.11781369200001,0.0
 09/09  17:00:00,106.27683159600001,0.0
 09/09  18:00:00,82.3855153268,0.0
 09/09  19:00:00,68.4122101777,0.0
 09/09  20:00:00,69.700732558,0.0
 09/09  21:00:00,52.6880789837,0.0
 09/09  22:00:00,11.9712926821,0.0
 09/09  23:00:00,11.9712926821,0.0
 09/09  24:00:00,11.9712926821,0.0
 09/10  01:00:00,11.9712926821,0.0
 09/10  02:00:00,11.9712926821,0.0
 09/10  03:00:00,11.9712926821,0.0
 09/10  04:00:00,11.9712926821,0.0
 09/10  05:00:00,11.9712926821,0.0
 09/10  06:00:00,11.9712926821,0.0
 09/10  07:00:00,6.46062601543,0.0
 09/10  08:00:00,27.5460759394,0.0
 09/10  09:00:00,36.8017423145,0.0
 09/10  10:00:00,61.4733179854,0.0
 09/10  11:00:00,66.3596718738,0.0
 09/10  12:00:00,81.1865970788,0.0
 09/10  13:00:00,86.32005559059999,0.0
 09/10  14:00:00,89.08186544799999,0.0
 09/10  15:00:00,91.21896291649999,0.0
 09/10  16:00:00,93.3939133461,0.0
 09/10  17:00:00,80.0624513175,0.0
 09/10  18:00:00,63.525639710200004,0.0
 09/10  19:00:00,6.46062601543,0.0
 09/10  20:00:00,11.9712926821,0.0
 09/10  21:00:00,11.9712926821,0.0
 09/10  22:00:00,11.9712926821,0.0
 09/10  23:00:00,11.9712926821,0.0
 09/10  24:00:00,11.9712926821,0.0
 09/11  01:00:00,12.569683660399999,0.0
 09/11  02:00:00,12.569683660399999,0.0
 09/11  03:00:00,12.569683660399999,0.0
 09/11  04:00:00,12.569683660399999,0.0
 09/11  05:00:00,12.569683660399999,0.0
 09/11  06:00:00,32.851170783600004,0.0
 09/11  07:00:00,35.3125937688,0.0
 09/11  08:00:00,56.021907829700005,0.0
 09/11  09:00:00,86.4749267251,0.0
 09/11  10:00:00,91.3846905664,0.0
 09/11  11:00:00,93.59202044959999,0.0
 09/11  12:00:00,91.40304750989999,0.0
 09/11  13:00:00,89.68781840959998,0.0
 09/11  14:00:00,89.85786283270001,0.0
 09/11  15:00:00,91.1962097545,0.0
 09/11  16:00:00,91.4297245288,0.0
 09/11  17:00:00,91.431826121,0.0
 09/11  18:00:00,76.55337385189999,0.0
 09/11  19:00:00,75.6963413165,0.0
 09/11  20:00:00,73.6855708763,0.0
 09/11  21:00:00,20.693606815,0.0
 09/11  22:00:00,12.569683660399999,0.0
 09/11  23:00:00,12.569683660399999,0.0
 09/11  24:00:00,12.569683660399999,0.0
 09/12  01:00:00,12.569683660399999,0.0
 09/12  02:00:00,12.569683660399999,0.0
 09/12  03:00:00,12.569683660399999,0.0
 09/12  04:00:00,12.569683660399999,0.0
 09/12  05:00:00,12.569683660399999,0.0
 09/12  06:00:00,35.6250442949,0.0
 09/12  07:00:00,39.0987968949,0.0
 09/12  08:00:00,54.104471288,0.0
 09/12  09:00:00,79.1787538608,0.0
 09/12  10:00:00,84.73026934949999,0.0
 09/12  11:00:00,90.06326597799999,0.0
 09/12  12:00:00,93.6661831901,0.0
 09/12  13:00:00,94.62393120620001,0.0
 09/12  14:00:00,97.18022055530001,0.0
 09/12  15:00:00,100.150374289,0.0
 09/12  16:00:00,93.15132035280001,0.0
 09/12  17:00:00,87.2241320134,0.0
 09/12  18:00:00,71.92407837350001,0.0
 09/12  19:00:00,71.9595185817,0.0
 09/12  20:00:00,71.512230945,0.0
 09/12  21:00:00,20.693606815,0.0
 09/12  22:00:00,12.569683660399999,0.0
 09/12  23:00:00,12.569683660399999,0.0
 09/12  24:00:00,12.569683660399999,0.0
 09/13  01:00:00,12.569683660399999,0.0
 09/13  02:00:00,12.569683660399999,0.0
 09/13  03:00:00,12.569683660399999,0.0
 09/13  04:00:00,12.569683660399999,0.0
 09/13  05:00:00,12.569683660399999,0.0
 09/13  06:00:00,30.1136590793,0.0
 09/13  07:00:00,33.0441437442,0.0
 09/13  08:00:00,52.7946622263,0.0
 09/13  09:00:00,82.2988522521,0.0
 09/13  10:00:00,88.4616238034,0.0
 09/13  11:00:00,93.0999591866,0.0
 09/13  12:00:00,96.6689268037,0.0
 09/13  13:00:00,100.57149177299999,0.0
 09/13  14:00:00,102.834706357,0.0
 09/13  15:00:00,107.095072946,0.0
 09/13  16:00:00,107.586914366,0.0
 09/13  17:00:00,107.25791103,0.0
 09/13  18:00:00,93.1694014531,0.0
 09/13  19:00:00,90.40693448299999,0.0
 09/13  20:00:00,85.5343795673,0.0
 09/13  21:00:00,20.693606815,0.0
 09/13  22:00:00,12.569683660399999,0.0
 09/13  23:00:00,12.569683660399999,0.0
 09/13  24:00:00,12.569683660399999,0.0
 09/14  01:00:00,12.569683660399999,0.0
 09/14  02:00:00,12.569683660399999,0.0
 09/14  03:00:00,12.569683660399999,0.0
 09/14  04:00:00,12.569683660399999,0.0
 09/14  05:00:00,12.569683660399999,0.0
 09/14  06:00:00,34.8985784722,0.0
 09/14  07:00:00,36.7026982104,0.0
 09/14  08:00:00,52.9044251813,0.0
 09/14  09:00:00,78.7445543016,0.0
 09/14  10:00:00,89.00095793860001,0.0
 09/14  11:00:00,97.0713143043,0.0
 09/14  12:00:00,98.17508864870001,0.0
 09/14  13:00:00,100.091674684,0.0
 09/14  14:00:00,103.62036460799999,0.0
 09/14  15:00:00,105.346326561,0.0
 09/14  16:00:00,105.535473435,0.0
 09/14  17:00:00,104.45185949100001,0.0
 09/14  18:00:00,88.9335236834,0.0
 09/14  19:00:00,85.2533269275,0.0
 09/14  20:00:00,79.99851155489999,0.0
 09/14  21:00:00,20.693606815,0.0
 09/14  22:00:00,12.569683660399999,0.0
 09/14  23:00:00,12.569683660399999,0.0
 09/14  24:00:00,12.569683660399999,0.0
 09/15  01:00:00,12.569683660399999,0.0
 09/15  02:00:00,12.569683660399999,0.0
 09/15  03:00:00,12.569683660399999,0.0
 09/15  04:00:00,12.569683660399999,0.0
 09/15  05:00:00,12.569683660399999,0.0
 09/15  06:00:00,31.0727455441,0.0
 09/15  07:00:00,34.3697233663,0.0
 09/15  08:00:00,53.6496729832,0.0
 09/15  09:00:00,82.0039909133,0.0
 09/15  10:00:00,86.9155816166,0.0
 09/15  11:00:00,92.5330227985,0.0
 09/15  12:00:00,95.6562886091,0.0
 09/15  13:00:00,99.0761319074,0.0
 09/15  14:00:00,101.470345476,0.0
 09/15  15:00:00,104.53355809,0.0
 09/15  16:00:00,107.15288856299999,0.0
 09/15  17:00:00,104.286470145,0.0
 09/15  18:00:00,87.33940112559999,0.0
 09/15  19:00:00,83.8039495997,0.0
 09/15  20:00:00,78.5698783886,0.0
 09/15  21:00:00,20.693606815,0.0
 09/15  22:00:00,12.569683660399999,0.0
 09/15  23:00:00,12.569683660399999,0.0
 09/15  24:00:00,12.569683660399999,0.0
 09/16  01:00:00,11.9712926821,0.0
 09/16  02:00:00,11.9712926821,0.0
 09/16  03:00:00,11.9712926821,0.0
 09/16  04:00:00,11.9712926821,0.0
 09/16  05:00:00,11.9712926821,0.0
 09/16  06:00:00,29.8195167085,0.0
 09/16  07:00:00,26.6719283227,0.0
 09/16  08:00:00,38.365448644699995,0.0
 09/16  09:00:00,64.7398349226,0.0
 09/16  10:00:00,87.3823042309,0.0
 09/16  11:00:00,93.72180729770001,0.0
 09/16  12:00:00,96.96805363840001,0.0
 09/16  13:00:00,101.28943658,0.0
 09/16  14:00:00,103.255311461,0.0
 09/16  15:00:00,105.189349491,0.0
 09/16  16:00:00,107.03679783700001,0.0
 09/16  17:00:00,105.976136543,0.0
 09/16  18:00:00,82.86553638939999,0.0
 09/16  19:00:00,72.6894210919,0.0
 09/16  20:00:00,72.4812058947,0.0
 09/16  21:00:00,57.148892768900005,0.0
 09/16  22:00:00,11.9712926821,0.0
 09/16  23:00:00,11.9712926821,0.0
 09/16  24:00:00,11.9712926821,0.0
 09/17  01:00:00,11.9712926821,0.0
 09/17  02:00:00,11.9712926821,0.0
 09/17  03:00:00,11.9712926821,0.0
 09/17  04:00:00,11.9712926821,0.0
 09/17  05:00:00,11.9712926821,0.0
 09/17  06:00:00,11.9712926821,0.0
 09/17  07:00:00,6.46062601543,0.0
 09/17  08:00:00,30.5396599181,0.0
 09/17  09:00:00,34.7851396176,0.0
 09/17  10:00:00,60.8435949807,0.0
 09/17  11:00:00,66.833622425,0.0
 09/17  12:00:00,83.11832199310001,0.0
 09/17  13:00:00,84.7690891079,0.0
 09/17  14:00:00,86.23636157899999,0.0
 09/17  15:00:00,86.5992771813,0.0
 09/17  16:00:00,80.8235708546,0.0
 09/17  17:00:00,69.5466099031,0.0
 09/17  18:00:00,60.721177583999996,0.0
 09/17  19:00:00,7.8382926821000005,0.0
 09/17  20:00:00,11.9712926821,0.0
 09/17  21:00:00,11.9712926821,0.0
 09/17  22:00:00,11.9712926821,0.0
 09/17  23:00:00,11.9712926821,0.0
 09/17  24:00:00,11.9712926821,0.0
 09/18  01:00:00,12.569683660399999,0.0
 09/18  02:00:00,12.569683660399999,0.0
 09/18  03:00:00,12.569683660399999,0.0
 09/18  04:00:00,12.569683660399999,0.0
 09/18  05:00:00,12.569683660399999,0.0
 09/18  06:00:00,40.702113716199996,0.0
 09/18  07:00:00,39.7631507089,0.0
 09/18  08:00:00,58.1183728254,0.0
 09/18  09:00:00,88.3255229816,0.0
 09/18  10:00:00,94.25307682569999,0.0
 09/18  11:00:00,98.997661045,0.0
 09/18  12:00:00,101.49961827,0.0
 09/18  13:00:00,104.804924876,0.0
 09/18  14:00:00,108.425723711,0.0
 09/18  15:00:00,112.188351381,0.0
 09/18  16:00:00,112.155547287,0.0
 09/18  17:00:00,109.104875022,0.0
 09/18  18:00:00,92.7507750267,0.0
 09/18  19:00:00,91.7494003608,0.0
 09/18  20:00:00,86.02868544219999,0.0
 09/18  21:00:00,20.693606815,0.0
 09/18  22:00:00,12.569683660399999,0.0
 09/18  23:00:00,12.569683660399999,0.0
 09/18  24:00:00,12.569683660399999,0.0
 09/19  01:00:00,12.569683660399999,0.0
 09/19  02:00:00,12.569683660399999,0.0
 09/19  03:00:00,12.569683660399999,0.0
 09/19  04:00:00,12.569683660399999,0.0
 09/19  05:00:00,12.569683660399999,0.0
 09/19  06:00:00,38.8306990335,0.0
 09/19  07:00:00,39.8152756678,0.0
 09/19  08:00:00,56.2576919425,0.0
 09/19  09:00:00,87.32339704469999,0.0
 09/19  10:00:00,92.7384074064,0.0
 09/19  11:00:00,92.82842566040001,0.0
 09/19  12:00:00,96.44083830049999,0.0
 09/19  13:00:00,102.671142799,0.0
 09/19  14:00:00,106.097128541,0.0
 09/19  15:00:00,106.177178866,0.0
 09/19  16:00:00,97.6144896342,0.0
 09/19  17:00:00,92.4822485359,0.0
 09/19  18:00:00,79.4371354572,0.0
 09/19  19:00:00,81.1412738108,0.0
 09/19  20:00:00,77.5861555533,0.0
 09/19  21:00:00,20.693606815,0.0
 09/19  22:00:00,12.569683660399999,0.0
 09/19  23:00:00,12.569683660399999,0.0
 09/19  24:00:00,12.569683660399999,0.0
 09/20  01:00:00,12.569683660399999,0.0
 09/20  02:00:00,12.569683660399999,0.0
 09/20  03:00:00,12.569683660399999,0.0
 09/20  04:00:00,12.569683660399999,0.0
 09/20  05:00:00,12.569683660399999,0.0
 09/20  06:00:00,33.118704558400005,0.0
 09/20  07:00:00,35.4415724609,0.0
 09/20  08:00:00,54.0260368292,0.0
 09/20  09:00:00,79.30821387479999,0.0
 09/20  10:00:00,82.0631245372,0.0
 09/20  11:00:00,88.1487631649,0.0
 09/20  12:00:00,92.1405939569,0.0
 09/20  13:00:00,94.0772884902,0.0
 09/20  14:00:00,96.86065689629999,0.0
 09/20  15:00:00,99.8914471293,0.0
 09/20  16:00:00,100.305640851,0.0
 09/20  17:00:00,99.1862836106,0.0
 09/20  18:00:00,82.7014610621,0.0
 09/20  19:00:00,79.3093526366,0.0
 09/20  20:00:00,72.610301905,0.0
 09/20  21:00:00,20.693606815,0.0
 09/20  22:00:00,12.569683660399999,0.0
 09/20  23:00:00,12.569683660399999,0.0
 09/20  24:00:00,12.569683660399999,0.0
 09/21  01:00:00,12.569683660399999,0.0
 09/21  02:00:00,12.569683660399999,0.0
 09/21  03:00:00,12.569683660399999,0.0
 09/21  04:00:00,12.569683660399999,0.0
 09/21  05:00:00,12.569683660399999,0.0
 09/21  06:00:00,27.2526653082,0.0
 09/21  07:00:00,29.865921796,0.0
 09/21  08:00:00,42.5470760783,0.0
 09/21  09:00:00,68.4351826317,0.0
 09/21  10:00:00,75.1473611072,0.0
 09/21  11:00:00,80.2083775067,0.0
 09/21  12:00:00,83.5214158499,0.0
 09/21  13:00:00,86.58872392120001,0.0
 09/21  14:00:00,89.19293150760001,0.0
 09/21  15:00:00,92.3691417476,0.0
 09/21  16:00:00,93.2322323457,0.0
 09/21  17:00:00,92.3446505011,0.0
 09/21  18:00:00,77.1667735039,0.0
 09/21  19:00:00,74.53201217760001,0.0
 09/21  20:00:00,67.8963031684,0.0
 09/21  21:00:00,20.693606815,0.0
 09/21  22:00:00,12.569683660399999,0.0
 09/21  23:00:00,12.569683660399999,0.0
 09/21  24:00:00,12.569683660399999,0.0
 09/22  01:00:00,12.569683660399999,0.0
 09/22  02:00:00,12.569683660399999,0.0
 09/22  03:00:00,12.569683660399999,0.0
 09/22  04:00:00,12.569683660399999,0.0
 09/22  05:00:00,12.569683660399999,0.0
 09/22  06:00:00,30.0787932493,0.0
 09/22  07:00:00,32.9327416813,0.0
 09/22  08:00:00,49.613545410200004,0.0
 09/22  09:00:00,74.4939177231,0.0
 09/22  10:00:00,77.1589457884,0.0
 09/22  11:00:00,80.5768760173,0.0
 09/22  12:00:00,82.1250172436,0.0
 09/22  13:00:00,84.8362843854,0.0
 09/22  14:00:00,88.3915561618,0.0
 09/22  15:00:00,90.2974551368,0.0
 09/22  16:00:00,90.67821412309999,0.0
 09/22  17:00:00,90.41828505129999,0.0
 09/22  18:00:00,74.7486690242,0.0
 09/22  19:00:00,72.6528452288,0.0
 09/22  20:00:00,68.7622361141,0.0
 09/22  21:00:00,20.693606815,0.0
 09/22  22:00:00,12.569683660399999,0.0
 09/22  23:00:00,12.569683660399999,0.0
 09/22  24:00:00,12.569683660399999,0.0
 09/23  01:00:00,11.9712926821,0.0
 09/23  02:00:00,11.9712926821,0.0
 09/23  03:00:00,11.9712926821,0.0
 09/23  04:00:00,11.9712926821,0.0
 09/23  05:00:00,11.9712926821,0.0
 09/23  06:00:00,27.6431642539,0.0
 09/23  07:00:00,25.546542211,0.0
 09/23  08:00:00,34.3140302423,0.0
 09/23  09:00:00,55.1858260363,0.0
 09/23  10:00:00,72.6778915908,0.0
 09/23  11:00:00,76.2048692093,0.0
 09/23  12:00:00,79.4065652652,0.0
 09/23  13:00:00,82.3268655912,0.0
 09/23  14:00:00,82.9869213063,0.0
 09/23  15:00:00,84.6570637735,0.0
 09/23  16:00:00,87.23234165,0.0
 09/23  17:00:00,87.99839945149999,0.0
 09/23  18:00:00,65.692582739,0.0
 09/23  19:00:00,52.1613389398,0.0
 09/23  20:00:00,49.2282744292,0.0
 09/23  21:00:00,34.7476152068,0.0
 09/23  22:00:00,11.9712926821,0.0
 09/23  23:00:00,11.9712926821,0.0
 09/23  24:00:00,11.9712926821,0.0
 09/24  01:00:00,11.9712926821,0.0
 09/24  02:00:00,11.9712926821,0.0
 09/24  03:00:00,11.9712926821,0.0
 09/24  04:00:00,11.9712926821,0.0
 09/24  05:00:00,11.9712926821,0.0
 09/24  06:00:00,11.9712926821,0.0
 09/24  07:00:00,7.8382926821000005,0.0
 09/24  08:00:00,22.0935670119,0.0
 09/24  09:00:00,22.1093611624,0.0
 09/24  10:00:00,40.1771536432,0.0
 09/24  11:00:00,46.519091941599996,0.0
 09/24  12:00:00,61.403185021999995,0.0
 09/24  13:00:00,63.064464033,0.0
 09/24  14:00:00,66.0920625446,0.0
 09/24  15:00:00,69.2290364287,0.0
 09/24  16:00:00,70.2180520803,0.0
 09/24  17:00:00,59.1967367559,0.0
 09/24  18:00:00,46.319855053000005,0.0
 09/24  19:00:00,9.21595934877,0.0
 09/24  20:00:00,11.9712926821,0.0
 09/24  21:00:00,11.9712926821,0.0
 09/24  22:00:00,11.9712926821,0.0
 09/24  23:00:00,11.9712926821,0.0
 09/24  24:00:00,11.9712926821,0.0
 09/25  01:00:00,12.569683660399999,0.0
 09/25  02:00:00,12.569683660399999,0.0
 09/25  03:00:00,12.569683660399999,0.0
 09/25  04:00:00,12.569683660399999,0.0
 09/25  05:00:00,12.569683660399999,0.0
 09/25  06:00:00,27.2526653082,0.0
 09/25  07:00:00,31.2435884627,0.0
 09/25  08:00:00,42.161652815100005,0.0
 09/25  09:00:00,61.9431854966,0.0
 09/25  10:00:00,68.9918400105,0.0
 09/25  11:00:00,76.5005498351,0.0
 09/25  12:00:00,79.7303489732,0.0
 09/25  13:00:00,82.6831149297,0.0
 09/25  14:00:00,86.25774804219999,0.0
 09/25  15:00:00,88.9466312897,0.0
 09/25  16:00:00,88.82891223280001,0.0
 09/25  17:00:00,87.988036848,0.0
 09/25  18:00:00,73.10832822489999,0.0
 09/25  19:00:00,72.7486373088,0.0
 09/25  20:00:00,63.9819289604,0.0
 09/25  21:00:00,20.693606815,0.0
 09/25  22:00:00,12.569683660399999,0.0
 09/25  23:00:00,12.569683660399999,0.0
 09/25  24:00:00,12.569683660399999,0.0
 09/26  01:00:00,12.569683660399999,0.0
 09/26  02:00:00,12.569683660399999,0.0
 09/26  03:00:00,12.569683660399999,0.0
 09/26  04:00:00,12.569683660399999,0.0
 09/26  05:00:00,12.569683660399999,0.0
 09/26  06:00:00,27.2526653082,0.0
 09/26  07:00:00,31.2435884627,0.0
 09/26  08:00:00,42.3150710447,0.0
 09/26  09:00:00,64.92344988229999,0.0
 09/26  10:00:00,72.7834259893,0.0
 09/26  11:00:00,80.0463127292,0.0
 09/26  12:00:00,83.967507629,0.0
 09/26  13:00:00,86.4734528584,0.0
 09/26  14:00:00,89.3900198273,0.0
 09/26  15:00:00,92.31020705459999,0.0
 09/26  16:00:00,93.1387773915,0.0
 09/26  17:00:00,92.0614015398,0.0
 09/26  18:00:00,76.8780073839,0.0
 09/26  19:00:00,76.3714441826,0.0
 09/26  20:00:00,67.5016403761,0.0
 09/26  21:00:00,20.693606815,0.0
 09/26  22:00:00,12.569683660399999,0.0
 09/26  23:00:00,12.569683660399999,0.0
 09/26  24:00:00,12.569683660399999,0.0
 09/27  01:00:00,12.569683660399999,0.0
 09/27  02:00:00,12.569683660399999,0.0
 09/27  03:00:00,12.569683660399999,0.0
 09/27  04:00:00,12.569683660399999,0.0
 09/27  05:00:00,12.569683660399999,0.0
 09/27  06:00:00,27.2609363113,0.0
 09/27  07:00:00,31.2435884627,0.0
 09/27  08:00:00,43.132197757700006,0.0
 09/27  09:00:00,69.9929960897,0.0
 09/27  10:00:00,76.34099151,0.0
 09/27  11:00:00,83.0309637284,0.0
 09/27  12:00:00,85.8459140374,0.0
 09/27  13:00:00,88.4164728858,0.0
 09/27  14:00:00,91.300010815,0.0
 09/27  15:00:00,93.9100482123,0.0
 09/27  16:00:00,95.2237505224,0.0
 09/27  17:00:00,94.6637996456,0.0
 09/27  18:00:00,79.3770381063,0.0
 09/27  19:00:00,80.03190372819999,0.0
 09/27  20:00:00,73.4178973275,0.0
 09/27  21:00:00,20.693606815,0.0
 09/27  22:00:00,12.569683660399999,0.0
 09/27  23:00:00,12.569683660399999,0.0
 09/27  24:00:00,12.569683660399999,0.0
 09/28  01:00:00,12.569683660399999,0.0
 09/28  02:00:00,12.569683660399999,0.0
 09/28  03:00:00,12.569683660399999,0.0
 09/28  04:00:00,12.569683660399999,0.0
 09/28  05:00:00,12.569683660399999,0.0
 09/28  06:00:00,34.284494403400004,0.0
 09/28  07:00:00,37.7866315169,0.0
 09/28  08:00:00,52.460087180600006,0.0
 09/28  09:00:00,77.361129265,0.0
 09/28  10:00:00,80.5561164779,0.0
 09/28  11:00:00,86.43064456459999,0.0
 09/28  12:00:00,91.0074746076,0.0
 09/28  13:00:00,95.28878994530001,0.0
 09/28  14:00:00,96.4147605927,0.0
 09/28  15:00:00,97.76821320549999,0.0
 09/28  16:00:00,99.261725164,0.0
 09/28  17:00:00,97.87501030979999,0.0
 09/28  18:00:00,82.94101861600001,0.0
 09/28  19:00:00,83.1198814005,0.0
 09/28  20:00:00,73.82633155180001,0.0
 09/28  21:00:00,20.693606815,0.0
 09/28  22:00:00,12.569683660399999,0.0
 09/28  23:00:00,12.569683660399999,0.0
 09/28  24:00:00,12.569683660399999,0.0
 09/29  01:00:00,12.569683660399999,0.0
 09/29  02:00:00,12.569683660399999,0.0
 09/29  03:00:00,12.569683660399999,0.0
 09/29  04:00:00,12.569683660399999,0.0
 09/29  05:00:00,12.569683660399999,0.0
 09/29  06:00:00,32.7102861492,0.0
 09/29  07:00:00,37.225800346199996,0.0
 09/29  08:00:00,53.1862880668,0.0
 09/29  09:00:00,79.7904437367,0.0
 09/29  10:00:00,85.461083097,0.0
 09/29  11:00:00,90.735747874,0.0
 09/29  12:00:00,95.1662141689,0.0
 09/29  13:00:00,98.0606115441,0.0
 09/29  14:00:00,98.5021240941,0.0
 09/29  15:00:00,98.74957276069999,0.0
 09/29  16:00:00,97.7541461133,0.0
 09/29  17:00:00,94.4037229851,0.0
 09/29  18:00:00,77.45539096430001,0.0
 09/29  19:00:00,79.1007794939,0.0
 09/29  20:00:00,73.78657191970001,0.0
 09/29  21:00:00,20.693606815,0.0
 09/29  22:00:00,12.569683660399999,0.0
 09/29  23:00:00,12.569683660399999,0.0
 09/29  24:00:00,12.569683660399999,0.0
 09/30  01:00:00,11.9712926821,0.0
 09/30  02:00:00,11.9712926821,0.0
 09/30  03:00:00,11.9712926821,0.0
 09/30  04:00:00,11.9712926821,0.0
 09/30  05:00:00,11.9712926821,0.0
 09/30  06:00:00,36.1069148322,0.0
 09/30  07:00:00,34.5527290443,0.0
 09/30  08:00:00,41.9642670553,0.0
 09/30  09:00:00,62.009122625,0.0
 09/30  10:00:00,79.35074736140001,0.0
 09/30  11:00:00,84.3738298454,0.0
 09/30  12:00:00,89.30019833200001,0.0
 09/30  13:00:00,92.1492695334,0.0
 09/30  14:00:00,93.33067499110001,0.0
 09/30  15:00:00,95.23698482549999,0.0
 09/30  16:00:00,95.5906162708,0.0
 09/30  17:00:00,94.8935217671,0.0
 09/30  18:00:00,70.7837620633,0.0
 09/30  19:00:00,58.77938439890001,0.0
 09/30  20:00:00,56.4395849304,0.0
 09/30  21:00:00,42.8538080784,0.0
 09/30  22:00:00,11.9712926821,0.0
 09/30  23:00:00,11.9712926821,0.0
 09/30  24:00:00,11.9712926821,0.0
 10/01  01:00:00,11.9712926821,0.0
 10/01  02:00:00,11.9712926821,0.0
 10/01  03:00:00,11.9712926821,0.0
 10/01  04:00:00,11.9712926821,0.0
 10/01  05:00:00,11.9712926821,0.0
 10/01  06:00:00,11.9712926821,0.0
 10/01  07:00:00,7.8382926821000005,0.0
 10/01  08:00:00,22.6807097975,0.0
 10/01  09:00:00,22.6405085546,0.0
 10/01  10:00:00,39.3237306837,0.0
 10/01  11:00:00,41.2112556102,0.0
 10/01  12:00:00,56.6159607799,0.0
 10/01  13:00:00,58.8041304755,0.0
 10/01  14:00:00,60.267297676999995,0.0
 10/01  15:00:00,60.951897680200005,0.0
 10/01  16:00:00,61.2500374384,0.0
 10/01  17:00:00,48.70056351109999,0.0
 10/01  18:00:00,36.741387425300005,0.0
 10/01  19:00:00,9.21595934877,0.0
 10/01  20:00:00,11.9712926821,0.0
 10/01  21:00:00,11.9712926821,0.0
 10/01  22:00:00,11.9712926821,0.0
 10/01  23:00:00,11.9712926821,0.0
 10/01  24:00:00,11.9712926821,0.0
 10/02  01:00:00,12.569683660399999,0.0
 10/02  02:00:00,12.569683660399999,0.0
 10/02  03:00:00,12.569683660399999,0.0
 10/02  04:00:00,12.569683660399999,0.0
 10/02  05:00:00,12.569683660399999,0.0
 10/02  06:00:00,27.5865882164,0.0
 10/02  07:00:00,31.6513683563,0.0
 10/02  08:00:00,44.5135447583,0.0
 10/02  09:00:00,71.1197263247,0.0
 10/02  10:00:00,75.7587827961,0.0
 10/02  11:00:00,81.2458006467,0.0
 10/02  12:00:00,83.302303715,0.0
 10/02  13:00:00,86.1380997682,0.0
 10/02  14:00:00,88.19108753479999,0.0
 10/02  15:00:00,89.04633910129999,0.0
 10/02  16:00:00,89.24612917799999,0.0
 10/02  17:00:00,88.65167442559999,0.0
 10/02  18:00:00,73.3216478465,0.0
 10/02  19:00:00,76.29185995479999,0.0
 10/02  20:00:00,67.7720151886,0.0
 10/02  21:00:00,20.693606815,0.0
 10/02  22:00:00,12.569683660399999,0.0
 10/02  23:00:00,12.569683660399999,0.0
 10/02  24:00:00,12.569683660399999,0.0
 10/03  01:00:00,12.569683660399999,0.0
 10/03  02:00:00,12.569683660399999,0.0
 10/03  03:00:00,12.569683660399999,0.0
 10/03  04:00:00,12.569683660399999,0.0
 10/03  05:00:00,12.569683660399999,0.0
 10/03  06:00:00,27.2526653082,0.0
 10/03  07:00:00,31.2435884627,0.0
 10/03  08:00:00,42.44628603,0.0
 10/03  09:00:00,63.5092629407,0.0
 10/03  10:00:00,66.5677246758,0.0
 10/03  11:00:00,68.4884684849,0.0
 10/03  12:00:00,71.2185355613,0.0
 10/03  13:00:00,74.59275277340001,0.0
 10/03  14:00:00,77.1615306621,0.0
 10/03  15:00:00,80.0756389048,0.0
 10/03  16:00:00,81.3326329434,0.0
 10/03  17:00:00,80.5798587753,0.0
 10/03  18:00:00,64.9192740146,0.0
 10/03  19:00:00,67.47671199199999,0.0
 10/03  20:00:00,59.3619382501,0.0
 10/03  21:00:00,20.693606815,0.0
 10/03  22:00:00,12.569683660399999,0.0
 10/03  23:00:00,12.569683660399999,0.0
 10/03  24:00:00,12.569683660399999,0.0
 10/04  01:00:00,12.569683660399999,0.0
 10/04  02:00:00,12.569683660399999,0.0
 10/04  03:00:00,12.569683660399999,0.0
 10/04  04:00:00,12.569683660399999,0.0
 10/04  05:00:00,12.569683660399999,0.0
 10/04  06:00:00,27.268030571599997,3.8303037002599996
 10/04  07:00:00,31.3565541543,10.6515090689
 10/04  08:00:00,42.1919965475,1.73715650817
 10/04  09:00:00,59.930497926899996,0.0
 10/04  10:00:00,60.6320767474,0.0
 10/04  11:00:00,64.5626631912,0.0
 10/04  12:00:00,67.72877906869999,0.0
 10/04  13:00:00,70.5068927959,0.0
 10/04  14:00:00,73.4935961448,0.0
 10/04  15:00:00,76.5497822664,0.0
 10/04  16:00:00,77.5327436634,0.0
 10/04  17:00:00,77.2621049289,0.0
 10/04  18:00:00,62.7545152832,0.0
 10/04  19:00:00,64.9359186867,0.0
 10/04  20:00:00,55.1828152364,0.0
 10/04  21:00:00,20.693606815,0.0
 10/04  22:00:00,12.569683660399999,0.0
 10/04  23:00:00,12.569683660399999,0.0
 10/04  24:00:00,12.569683660399999,0.0
 10/05  01:00:00,12.569683660399999,0.0
 10/05  02:00:00,12.569683660399999,0.0
 10/05  03:00:00,12.569683660399999,0.0
 10/05  04:00:00,12.569683660399999,0.0
 10/05  05:00:00,12.569683660399999,0.0
 10/05  06:00:00,27.288159434,10.3514473017
 10/05  07:00:00,31.348736056,12.711650261199999
 10/05  08:00:00,42.171956693,0.5790077624459999
 10/05  09:00:00,60.1677975613,0.0
 10/05  10:00:00,64.79364364029999,0.0
 10/05  11:00:00,69.7029143868,0.0
 10/05  12:00:00,71.8869895079,0.0
 10/05  13:00:00,75.19039258,0.0
 10/05  14:00:00,77.2101688076,0.0
 10/05  15:00:00,79.8903760354,0.0
 10/05  16:00:00,80.1856027795,0.0
 10/05  17:00:00,78.6641543583,0.0
 10/05  18:00:00,63.2663043698,0.0
 10/05  19:00:00,65.7662988628,0.0
 10/05  20:00:00,58.20803484859999,0.0
 10/05  21:00:00,20.693606815,0.0
 10/05  22:00:00,12.569683660399999,0.0
 10/05  23:00:00,12.569683660399999,0.0
 10/05  24:00:00,12.569683660399999,0.0
 10/06  01:00:00,12.569683660399999,0.0
 10/06  02:00:00,12.569683660399999,0.0
 10/06  03:00:00,12.569683660399999,0.0
 10/06  04:00:00,12.569683660399999,0.0
 10/06  05:00:00,12.569683660399999,0.0
 10/06  06:00:00,27.2526653082,0.736967891356
 10/06  07:00:00,31.2697578028,0.959743701936
 10/06  08:00:00,42.163624503899996,0.0
 10/06  09:00:00,59.841323073699996,0.0
 10/06  10:00:00,60.256443732200005,0.0
 10/06  11:00:00,61.9876666442,0.0
 10/06  12:00:00,64.8311682666,0.0
 10/06  13:00:00,68.6853072373,0.0
 10/06  14:00:00,72.7216417734,0.0
 10/06  15:00:00,76.0297124391,0.0
 10/06  16:00:00,77.0968484946,0.0
 10/06  17:00:00,76.0721808214,0.0
 10/06  18:00:00,61.3681572634,0.0
 10/06  19:00:00,63.6616968969,0.0
 10/06  20:00:00,55.1699817974,0.0
 10/06  21:00:00,20.693606815,0.0
 10/06  22:00:00,12.569683660399999,0.0
 10/06  23:00:00,12.569683660399999,0.0
 10/06  24:00:00,12.569683660399999,0.0
 10/07  01:00:00,11.9712926821,0.0
 10/07  02:00:00,11.9712926821,0.0
 10/07  03:00:00,11.9712926821,0.0
 10/07  04:00:00,11.9712926821,0.0
 10/07  05:00:00,11.9712926821,0.0
 10/07  06:00:00,26.7701724316,16.6894954878
 10/07  07:00:00,26.4012820504,18.3488498221
 10/07  08:00:00,32.1716671923,3.9804704659099994
 10/07  09:00:00,47.229797422,0.0
 10/07  10:00:00,60.6623568755,0.0
 10/07  11:00:00,64.8084975021,0.0
 10/07  12:00:00,69.1140664862,0.0
 10/07  13:00:00,72.5529241336,0.0
 10/07  14:00:00,75.306239699,0.0
 10/07  15:00:00,77.5522158732,0.0
 10/07  16:00:00,79.520103603,0.0
 10/07  17:00:00,79.5097066657,0.0
 10/07  18:00:00,56.9395796038,0.0
 10/07  19:00:00,47.7832749671,0.0
 10/07  20:00:00,43.116825570299994,0.0
 10/07  21:00:00,30.942796998800002,0.0
 10/07  22:00:00,11.9712926821,0.0
 10/07  23:00:00,11.9712926821,0.0
 10/07  24:00:00,11.9712926821,0.0
 10/08  01:00:00,11.9712926821,0.0
 10/08  02:00:00,11.9712926821,0.0
 10/08  03:00:00,11.9712926821,0.0
 10/08  04:00:00,11.9712926821,0.0
 10/08  05:00:00,11.9712926821,0.0
 10/08  06:00:00,11.9712926821,0.0
 10/08  07:00:00,7.8382926821000005,0.0
 10/08  08:00:00,22.2542362644,26.3693372941
 10/08  09:00:00,22.0935670119,1.6782536033500002
 10/08  10:00:00,37.4380674412,0.0
 10/08  11:00:00,38.7840044167,0.0
 10/08  12:00:00,54.829512537,0.0
 10/08  13:00:00,58.3118690021,0.0
 10/08  14:00:00,60.878790451099995,0.0
 10/08  15:00:00,63.495728640299994,0.0
 10/08  16:00:00,65.1270201167,0.0
 10/08  17:00:00,54.4022443483,0.0
 10/08  18:00:00,41.37229787,0.0
 10/08  19:00:00,10.5936260154,0.0
 10/08  20:00:00,11.9712926821,0.0
 10/08  21:00:00,11.9712926821,0.0
 10/08  22:00:00,11.9712926821,0.0
 10/08  23:00:00,11.9712926821,0.0
 10/08  24:00:00,11.9712926821,0.0
 10/09  01:00:00,11.9712926821,0.0
 10/09  02:00:00,11.9712926821,0.0
 10/09  03:00:00,11.9712926821,0.0
 10/09  04:00:00,11.9712926821,0.0
 10/09  05:00:00,11.9712926821,0.0
 10/09  06:00:00,11.9712926821,0.0
 10/09  07:00:00,7.8382926821000005,0.0
 10/09  08:00:00,22.161877034499998,16.1908277802
 10/09  09:00:00,22.0935670119,0.101142340891
 10/09  10:00:00,38.1868844049,0.0
 10/09  11:00:00,42.4813631233,0.0
 10/09  12:00:00,58.7726338533,0.0
 10/09  13:00:00,62.0907960175,0.0
 10/09  14:00:00,65.63214210609999,0.0
 10/09  15:00:00,68.69176312180001,0.0
 10/09  16:00:00,70.06198106020001,0.0
 10/09  17:00:00,59.0251348511,0.0
 10/09  18:00:00,45.541763652,0.0
 10/09  19:00:00,10.5936260154,0.0
 10/09  20:00:00,11.9712926821,0.0
 10/09  21:00:00,11.9712926821,0.0
 10/09  22:00:00,11.9712926821,0.0
 10/09  23:00:00,11.9712926821,0.0
 10/09  24:00:00,11.9712926821,0.0
 10/10  01:00:00,12.569683660399999,0.0
 10/10  02:00:00,12.569683660399999,0.0
 10/10  03:00:00,12.569683660399999,0.0
 10/10  04:00:00,12.569683660399999,0.0
 10/10  05:00:00,12.569683660399999,0.0
 10/10  06:00:00,27.2526653082,3.64449368486
 10/10  07:00:00,31.2435884627,5.9175608317699995
 10/10  08:00:00,42.161652815100005,0.0
 10/10  09:00:00,60.7769938427,0.0
 10/10  10:00:00,68.5337460733,0.0
 10/10  11:00:00,76.49631521100001,0.0
 10/10  12:00:00,80.2262310971,0.0
 10/10  13:00:00,83.68919836010001,0.0
 10/10  14:00:00,87.0698545623,0.0
 10/10  15:00:00,90.6031167512,0.0
 10/10  16:00:00,91.1511735887,0.0
 10/10  17:00:00,89.61100625549999,0.0
 10/10  18:00:00,74.80219761020001,0.0
 10/10  19:00:00,78.6716497201,0.0
 10/10  20:00:00,68.5031724158,0.0
 10/10  21:00:00,20.693606815,0.0
 10/10  22:00:00,12.569683660399999,0.0
 10/10  23:00:00,12.569683660399999,0.0
 10/10  24:00:00,12.569683660399999,0.0
 10/11  01:00:00,12.569683660399999,0.0
 10/11  02:00:00,12.569683660399999,0.0
 10/11  03:00:00,12.569683660399999,0.0
 10/11  04:00:00,12.569683660399999,0.0
 10/11  05:00:00,12.569683660399999,0.0
 10/11  06:00:00,27.2526653082,0.0
 10/11  07:00:00,32.6212551294,0.0
 10/11  08:00:00,42.2559832698,0.0
 10/11  09:00:00,63.1764264375,0.0
 10/11  10:00:00,72.3209642283,0.0
 10/11  11:00:00,80.0782900362,0.0
 10/11  12:00:00,85.8149182362,0.0
 10/11  13:00:00,89.58140467610001,0.0
 10/11  14:00:00,92.034267669,0.0
 10/11  15:00:00,94.3437615401,0.0
 10/11  16:00:00,94.7002518865,0.0
 10/11  17:00:00,93.28539037879999,0.0
 10/11  18:00:00,77.8376791783,0.0
 10/11  19:00:00,82.5390586921,0.0
 10/11  20:00:00,71.9881775328,0.0
 10/11  21:00:00,20.693606815,0.0
 10/11  22:00:00,12.569683660399999,0.0
 10/11  23:00:00,12.569683660399999,0.0
 10/11  24:00:00,12.569683660399999,0.0
 10/12  01:00:00,12.569683660399999,0.0
 10/12  02:00:00,12.569683660399999,0.0
 10/12  03:00:00,12.569683660399999,0.0
 10/12  04:00:00,12.569683660399999,0.0
 10/12  05:00:00,12.569683660399999,0.0
 10/12  06:00:00,27.3092330278,0.0
 10/12  07:00:00,32.6212551294,0.0
 10/12  08:00:00,42.197167271,0.0
 10/12  09:00:00,60.6487820302,0.0
 10/12  10:00:00,63.4474257114,0.0
 10/12  11:00:00,68.0547432813,0.0
 10/12  12:00:00,70.5850368681,0.0
 10/12  13:00:00,73.3368713458,0.0
 10/12  14:00:00,76.23183077680001,0.0
 10/12  15:00:00,78.9942281306,0.0
 10/12  16:00:00,79.754291626,0.0
 10/12  17:00:00,78.7202862738,0.0
 10/12  18:00:00,63.7491362896,0.0
 10/12  19:00:00,67.9898447862,0.0
 10/12  20:00:00,56.3130510614,0.0
 10/12  21:00:00,20.693606815,0.0
 10/12  22:00:00,12.569683660399999,0.0
 10/12  23:00:00,12.569683660399999,0.0
 10/12  24:00:00,12.569683660399999,0.0
 10/13  01:00:00,12.569683660399999,0.0
 10/13  02:00:00,12.569683660399999,0.0
 10/13  03:00:00,12.569683660399999,0.0
 10/13  04:00:00,12.569683660399999,0.0
 10/13  05:00:00,12.569683660399999,0.0
 10/13  06:00:00,27.4941982096,43.0503250786
 10/13  07:00:00,32.9811846882,49.337018423500005
 10/13  08:00:00,42.2992376793,21.8837244125
 10/13  09:00:00,59.836174704899996,0.0
 10/13  10:00:00,60.272484641700004,0.0
 10/13  11:00:00,62.007866065,0.0
 10/13  12:00:00,66.3048806521,0.0
 10/13  13:00:00,69.9607612207,0.0
 10/13  14:00:00,73.4424279082,0.0
 10/13  15:00:00,76.2562246583,0.0
 10/13  16:00:00,77.5288250872,0.0
 10/13  17:00:00,77.1394342434,0.0
 10/13  18:00:00,62.600094104499995,0.0
 10/13  19:00:00,67.02360631170001,0.0
 10/13  20:00:00,56.8909847879,0.0
 10/13  21:00:00,20.693606815,0.0
 10/13  22:00:00,12.569683660399999,0.0
 10/13  23:00:00,12.569683660399999,0.0
 10/13  24:00:00,12.569683660399999,0.0
 10/14  01:00:00,11.9712926821,0.0
 10/14  02:00:00,11.9712926821,0.0
 10/14  03:00:00,11.9712926821,0.0
 10/14  04:00:00,11.9712926821,0.0
 10/14  05:00:00,11.9712926821,0.0
 10/14  06:00:00,26.745287845500002,22.236526788600003
 10/14  07:00:00,27.7416460176,20.291238829
 10/14  08:00:00,32.1450217174,3.5744091689199995
 10/14  09:00:00,47.3330942138,0.0
 10/14  10:00:00,62.0801941009,0.0
 10/14  11:00:00,69.239471295,0.0
 10/14  12:00:00,73.3429633417,0.0
 10/14  13:00:00,75.979684095,0.0
 10/14  14:00:00,78.43783137369999,0.0
 10/14  15:00:00,81.1096218526,0.0
 10/14  16:00:00,82.5458298497,0.0
 10/14  17:00:00,81.9470990369,0.0
 10/14  18:00:00,59.9415787258,0.0
 10/14  19:00:00,54.728491672,0.0
 10/14  20:00:00,50.0152959835,0.0
 10/14  21:00:00,34.3134659216,0.0
 10/14  22:00:00,11.9712926821,0.0
 10/14  23:00:00,11.9712926821,0.0
 10/14  24:00:00,11.9712926821,0.0
 10/15  01:00:00,11.9712926821,0.0
 10/15  02:00:00,11.9712926821,0.0
 10/15  03:00:00,11.9712926821,0.0
 10/15  04:00:00,11.9712926821,0.0
 10/15  05:00:00,11.9712926821,0.0
 10/15  06:00:00,11.9712926821,0.0
 10/15  07:00:00,9.21595934877,0.0
 10/15  08:00:00,22.210457732,0.0
 10/15  09:00:00,23.114565766,0.0
 10/15  10:00:00,43.8633164517,0.0
 10/15  11:00:00,49.3593517714,0.0
 10/15  12:00:00,64.3676768308,0.0
 10/15  13:00:00,66.6231956193,0.0
 10/15  14:00:00,69.4846828637,0.0
 10/15  15:00:00,72.0150074297,0.0
 10/15  16:00:00,72.7996561356,0.0
 10/15  17:00:00,60.5222053266,0.0
 10/15  18:00:00,47.2114061106,0.0
 10/15  19:00:00,11.9712926821,0.0
 10/15  20:00:00,11.9712926821,0.0
 10/15  21:00:00,11.9712926821,0.0
 10/15  22:00:00,11.9712926821,0.0
 10/15  23:00:00,11.9712926821,0.0
 10/15  24:00:00,11.9712926821,0.0
 10/16  01:00:00,12.569683660399999,0.0
 10/16  02:00:00,12.569683660399999,0.0
 10/16  03:00:00,12.569683660399999,0.0
 10/16  04:00:00,12.569683660399999,0.0
 10/16  05:00:00,12.569683660399999,0.0
 10/16  06:00:00,27.5902783655,0.0
 10/16  07:00:00,32.7976844356,0.0
 10/16  08:00:00,42.9794021788,0.0
 10/16  09:00:00,68.4881131589,0.0
 10/16  10:00:00,76.0706463305,0.0
 10/16  11:00:00,82.6383422721,0.0
 10/16  12:00:00,86.7796067359,0.0
 10/16  13:00:00,89.9230097253,0.0
 10/16  14:00:00,92.5622893365,0.0
 10/16  15:00:00,94.0491985867,0.0
 10/16  16:00:00,93.3740990598,0.0
 10/16  17:00:00,92.2541238626,0.0
 10/16  18:00:00,78.4290976598,0.0
 10/16  19:00:00,83.4670188954,0.0
 10/16  20:00:00,72.46329545649999,0.0
 10/16  21:00:00,20.693606815,0.0
 10/16  22:00:00,12.569683660399999,0.0
 10/16  23:00:00,12.569683660399999,0.0
 10/16  24:00:00,12.569683660399999,0.0
 10/17  01:00:00,12.569683660399999,0.0
 10/17  02:00:00,12.569683660399999,0.0
 10/17  03:00:00,12.569683660399999,0.0
 10/17  04:00:00,12.569683660399999,0.0
 10/17  05:00:00,12.569683660399999,0.0
 10/17  06:00:00,28.9663891573,0.0
 10/17  07:00:00,34.1169461691,0.0
 10/17  08:00:00,46.9027032507,0.0
 10/17  09:00:00,72.4085000155,0.0
 10/17  10:00:00,78.58027567020001,0.0
 10/17  11:00:00,85.127061242,0.0
 10/17  12:00:00,89.4394751768,0.0
 10/17  13:00:00,93.41993191040001,0.0
 10/17  14:00:00,96.3014722439,0.0
 10/17  15:00:00,97.9426690899,0.0
 10/17  16:00:00,97.1410023359,0.0
 10/17  17:00:00,95.9639099849,0.0
 10/17  18:00:00,81.3174279274,0.0
 10/17  19:00:00,85.4647853031,0.0
 10/17  20:00:00,75.1768201109,0.0
 10/17  21:00:00,20.693606815,0.0
 10/17  22:00:00,12.569683660399999,0.0
 10/17  23:00:00,12.569683660399999,0.0
 10/17  24:00:00,12.569683660399999,0.0
 10/18  01:00:00,12.569683660399999,0.0
 10/18  02:00:00,12.569683660399999,0.0
 10/18  03:00:00,12.569683660399999,0.0
 10/18  04:00:00,12.569683660399999,0.0
 10/18  05:00:00,12.569683660399999,0.0
 10/18  06:00:00,27.7224671982,0.0
 10/18  07:00:00,32.926984370700005,0.0
 10/18  08:00:00,43.4058677873,0.0
 10/18  09:00:00,72.8217187082,0.0
 10/18  10:00:00,81.6829611781,0.0
 10/18  11:00:00,87.5397270585,0.0
 10/18  12:00:00,92.1304773175,0.0
 10/18  13:00:00,94.4440386014,0.0
 10/18  14:00:00,96.6288161296,0.0
 10/18  15:00:00,99.48461948059999,0.0
 10/18  16:00:00,100.436171409,0.0
 10/18  17:00:00,100.071798525,0.0
 10/18  18:00:00,84.28122818760001,0.0
 10/18  19:00:00,88.39999195819999,0.0
 10/18  20:00:00,79.503361122,0.0
 10/18  21:00:00,20.693606815,0.0
 10/18  22:00:00,12.569683660399999,0.0
 10/18  23:00:00,12.569683660399999,0.0
 10/18  24:00:00,12.569683660399999,0.0
 10/19  01:00:00,12.569683660399999,0.0
 10/19  02:00:00,12.569683660399999,0.0
 10/19  03:00:00,12.569683660399999,0.0
 10/19  04:00:00,12.569683660399999,0.0
 10/19  05:00:00,12.569683660399999,0.0
 10/19  06:00:00,34.8299161927,0.0
 10/19  07:00:00,40.3770630455,0.0
 10/19  08:00:00,52.6887640198,0.0
 10/19  09:00:00,77.5489004828,0.0
 10/19  10:00:00,82.4167672048,0.0
 10/19  11:00:00,89.6468755656,0.0
 10/19  12:00:00,93.4688831907,0.0
 10/19  13:00:00,96.26949279440001,0.0
 10/19  14:00:00,98.01074964,0.0
 10/19  15:00:00,99.3158142592,0.0
 10/19  16:00:00,99.9561010128,0.0
 10/19  17:00:00,97.58507994940001,0.0
 10/19  18:00:00,81.9066974279,0.0
 10/19  19:00:00,83.9496195672,0.0
 10/19  20:00:00,73.1616764228,0.0
 10/19  21:00:00,20.693606815,0.0
 10/19  22:00:00,12.569683660399999,0.0
 10/19  23:00:00,12.569683660399999,0.0
 10/19  24:00:00,12.569683660399999,0.0
 10/20  01:00:00,12.569683660399999,0.0
 10/20  02:00:00,12.569683660399999,0.0
 10/20  03:00:00,12.569683660399999,0.0
 10/20  04:00:00,12.569683660399999,0.0
 10/20  05:00:00,12.569683660399999,0.0
 10/20  06:00:00,28.089936671700002,0.0
 10/20  07:00:00,33.4134434742,0.0
 10/20  08:00:00,43.4878121129,0.0
 10/20  09:00:00,64.9075610551,0.0
 10/20  10:00:00,68.3159960693,0.0
 10/20  11:00:00,73.0432897817,0.0
 10/20  12:00:00,76.5514481044,0.0
 10/20  13:00:00,79.1324401608,0.0
 10/20  14:00:00,81.5555872525,0.0
 10/20  15:00:00,83.9527498782,0.0
 10/20  16:00:00,84.3036104988,0.0
 10/20  17:00:00,82.7032824716,0.0
 10/20  18:00:00,68.4451350048,0.0
 10/20  19:00:00,70.9658775587,0.0
 10/20  20:00:00,62.527433473100004,0.0
 10/20  21:00:00,20.693606815,0.0
 10/20  22:00:00,12.569683660399999,0.0
 10/20  23:00:00,12.569683660399999,0.0
 10/20  24:00:00,12.569683660399999,0.0
 10/21  01:00:00,11.9712926821,0.0
 10/21  02:00:00,11.9712926821,0.0
 10/21  03:00:00,11.9712926821,0.0
 10/21  04:00:00,11.9712926821,0.0
 10/21  05:00:00,11.9712926821,0.0
 10/21  06:00:00,26.661057293800003,0.0
 10/21  07:00:00,27.6042336786,0.0
 10/21  08:00:00,32.1764083731,0.0
 10/21  09:00:00,47.5747356466,0.0
 10/21  10:00:00,61.1705388425,0.0
 10/21  11:00:00,63.6705439832,0.0
 10/21  12:00:00,65.5023822681,0.0
 10/21  13:00:00,70.444328065,0.0
 10/21  14:00:00,75.6319627632,0.0
 10/21  15:00:00,77.9269401815,0.0
 10/21  16:00:00,79.0882108907,0.0
 10/21  17:00:00,78.3374147986,0.0
 10/21  18:00:00,56.430674664399994,0.0
 10/21  19:00:00,47.1491539417,0.0
 10/21  20:00:00,42.9368410533,0.0
 10/21  21:00:00,31.214665338699998,0.0
 10/21  22:00:00,11.9712926821,0.0
 10/21  23:00:00,11.9712926821,0.0
 10/21  24:00:00,11.9712926821,0.0
 10/22  01:00:00,11.9712926821,0.0
 10/22  02:00:00,11.9712926821,0.0
 10/22  03:00:00,11.9712926821,0.0
 10/22  04:00:00,11.9712926821,0.0
 10/22  05:00:00,11.9712926821,0.0
 10/22  06:00:00,11.9712926821,0.0
 10/22  07:00:00,9.21595934877,0.0
 10/22  08:00:00,22.0935670119,0.0
 10/22  09:00:00,22.0935670119,0.0
 10/22  10:00:00,37.2011669776,0.0
 10/22  11:00:00,37.4084184125,0.0
 10/22  12:00:00,48.0941542941,0.0
 10/22  13:00:00,50.393600258,0.0
 10/22  14:00:00,52.6026713742,0.0
 10/22  15:00:00,55.327169959799996,0.0
 10/22  16:00:00,58.4113606358,0.0
 10/22  17:00:00,47.262556483000004,0.0
 10/22  18:00:00,35.0690643112,0.0
 10/22  19:00:00,11.9712926821,0.0
 10/22  20:00:00,11.9712926821,0.0
 10/22  21:00:00,11.9712926821,0.0
 10/22  22:00:00,11.9712926821,0.0
 10/22  23:00:00,11.9712926821,0.0
 10/22  24:00:00,11.9712926821,0.0
 10/23  01:00:00,12.569683660399999,0.0
 10/23  02:00:00,12.569683660399999,0.0
 10/23  03:00:00,12.569683660399999,0.0
 10/23  04:00:00,12.569683660399999,0.0
 10/23  05:00:00,12.569683660399999,0.0
 10/23  06:00:00,27.276125758400003,0.0
 10/23  07:00:00,32.8572898291,0.0
 10/23  08:00:00,43.010668852399995,0.0
 10/23  09:00:00,65.093300742,0.0
 10/23  10:00:00,66.0070408377,0.0
 10/23  11:00:00,67.979218662,0.0
 10/23  12:00:00,69.2511863797,0.0
 10/23  13:00:00,71.0555901491,0.0
 10/23  14:00:00,72.0409025564,0.0
 10/23  15:00:00,73.86095799600001,0.0
 10/23  16:00:00,74.3450381313,0.0
 10/23  17:00:00,73.2629526151,0.0
 10/23  18:00:00,59.882907733,0.0
 10/23  19:00:00,64.0639643339,0.0
 10/23  20:00:00,57.789921315,0.0
 10/23  21:00:00,20.693606815,0.0
 10/23  22:00:00,12.569683660399999,0.0
 10/23  23:00:00,12.569683660399999,0.0
 10/23  24:00:00,12.569683660399999,0.0
 10/24  01:00:00,12.569683660399999,0.0
 10/24  02:00:00,12.569683660399999,0.0
 10/24  03:00:00,12.569683660399999,0.0
 10/24  04:00:00,12.569683660399999,0.0
 10/24  05:00:00,12.569683660399999,0.0
 10/24  06:00:00,27.2526653082,0.0
 10/24  07:00:00,32.6212551294,0.0
 10/24  08:00:00,42.2346826681,0.0
 10/24  09:00:00,60.7324000315,0.0
 10/24  10:00:00,61.6555475362,0.0
 10/24  11:00:00,63.358415155699994,0.0
 10/24  12:00:00,64.6956635104,0.0
 10/24  13:00:00,66.2345338294,0.0
 10/24  14:00:00,67.3232842562,0.0
 10/24  15:00:00,68.6801745801,0.0
 10/24  16:00:00,68.807941085,0.0
 10/24  17:00:00,67.1054893524,0.0
 10/24  18:00:00,54.646773778500005,0.0
 10/24  19:00:00,60.4424804019,0.0
 10/24  20:00:00,53.9549078231,0.0
 10/24  21:00:00,20.693606815,0.0
 10/24  22:00:00,12.569683660399999,0.0
 10/24  23:00:00,12.569683660399999,0.0
 10/24  24:00:00,12.569683660399999,0.0
 10/25  01:00:00,12.569683660399999,0.0
 10/25  02:00:00,12.569683660399999,0.0
 10/25  03:00:00,12.569683660399999,0.0
 10/25  04:00:00,12.569683660399999,0.0
 10/25  05:00:00,12.569683660399999,0.0
 10/25  06:00:00,27.2526653082,0.0
 10/25  07:00:00,32.6212551294,0.0
 10/25  08:00:00,42.161652815100005,0.0
 10/25  09:00:00,59.836174704899996,0.0
 10/25  10:00:00,59.949008802600005,0.0
 10/25  11:00:00,60.3878000192,0.0
 10/25  12:00:00,61.175653670500004,0.0
 10/25  13:00:00,63.2454589568,0.0
 10/25  14:00:00,65.43005211239999,0.0
 10/25  15:00:00,68.0771820829,0.0
 10/25  16:00:00,68.8979586101,0.0
 10/25  17:00:00,67.6020608447,0.0
 10/25  18:00:00,54.203522335900004,0.0
 10/25  19:00:00,57.6906587075,0.0
 10/25  20:00:00,51.210420058800004,0.0
 10/25  21:00:00,20.693606815,0.0
 10/25  22:00:00,12.569683660399999,0.0
 10/25  23:00:00,12.569683660399999,0.0
 10/25  24:00:00,12.569683660399999,0.0
 10/26  01:00:00,12.569683660399999,0.0
 10/26  02:00:00,12.569683660399999,0.0
 10/26  03:00:00,12.569683660399999,0.0
 10/26  04:00:00,12.569683660399999,0.0
 10/26  05:00:00,12.569683660399999,0.0
 10/26  06:00:00,27.8224225925,73.6361768117
 10/26  07:00:00,34.5778322131,69.7064942359
 10/26  08:00:00,42.528742665,51.1070529834
 10/26  09:00:00,59.8669510772,12.532186953499998
 10/26  10:00:00,59.87585607770001,1.0680306138
 10/26  11:00:00,60.418210701999996,0.0
 10/26  12:00:00,60.9896097871,0.0
 10/26  13:00:00,62.9141446081,0.0
 10/26  14:00:00,65.3396687723,0.0
 10/26  15:00:00,67.5794774191,0.0
 10/26  16:00:00,68.2991381706,0.0
 10/26  17:00:00,68.025791615,0.0
 10/26  18:00:00,55.158802513000005,0.0
 10/26  19:00:00,57.8977470679,0.0
 10/26  20:00:00,51.0203343705,0.0
 10/26  21:00:00,20.693606815,0.0
 10/26  22:00:00,12.569683660399999,0.0
 10/26  23:00:00,12.569683660399999,0.0
 10/26  24:00:00,12.569683660399999,0.0
 10/27  01:00:00,12.569683660399999,0.0
 10/27  02:00:00,12.569683660399999,0.0
 10/27  03:00:00,12.569683660399999,0.0
 10/27  04:00:00,12.569683660399999,0.0
 10/27  05:00:00,12.569683660399999,0.0
 10/27  06:00:00,27.8192622039,78.494562975
 10/27  07:00:00,34.52051454,65.132462438
 10/27  08:00:00,42.5136798603,36.1256697948
 10/27  09:00:00,59.9442596162,4.89266190333
 10/27  10:00:00,59.836174704899996,1.7198887507099998
 10/27  11:00:00,60.5068760828,0.013616122306600002
 10/27  12:00:00,64.2936697384,0.0
 10/27  13:00:00,68.7261099986,0.0
 10/27  14:00:00,71.1850499322,0.0
 10/27  15:00:00,73.6580232021,0.0
 10/27  16:00:00,74.286428236,0.0
 10/27  17:00:00,73.2317946905,0.0
 10/27  18:00:00,60.5754974471,0.0
 10/27  19:00:00,65.4295389575,0.0
 10/27  20:00:00,58.780171953,0.0
 10/27  21:00:00,20.693606815,0.0
 10/27  22:00:00,12.569683660399999,0.0
 10/27  23:00:00,12.569683660399999,0.0
 10/27  24:00:00,12.569683660399999,0.0
 10/28  01:00:00,11.9712926821,0.0
 10/28  02:00:00,11.9712926821,0.0
 10/28  03:00:00,11.9712926821,0.0
 10/28  04:00:00,11.9712926821,0.0
 10/28  05:00:00,11.9712926821,0.0
 10/28  06:00:00,26.6542743298,0.0
 10/28  07:00:00,28.9819003452,0.0
 10/28  08:00:00,32.2180612131,0.0
 10/28  09:00:00,47.781049752200005,0.0
 10/28  10:00:00,62.926976805100004,0.0
 10/28  11:00:00,64.9203083994,0.0
 10/28  12:00:00,66.05252573439999,0.0
 10/28  13:00:00,67.139582332,0.0
 10/28  14:00:00,67.9511439944,0.0
 10/28  15:00:00,68.639624356,0.0
 10/28  16:00:00,69.8444711317,0.0
 10/28  17:00:00,69.3285331679,0.0
 10/28  18:00:00,47.8151585575,0.0
 10/28  19:00:00,42.405283340100006,0.0
 10/28  20:00:00,41.8688747559,0.0
 10/28  21:00:00,30.508851710100004,0.0
 10/28  22:00:00,11.9712926821,0.0
 10/28  23:00:00,11.9712926821,0.0
 10/28  24:00:00,11.9712926821,0.0
 10/29  01:00:00,11.9712926821,0.0
 10/29  02:00:00,11.9712926821,0.0
 10/29  03:00:00,11.9712926821,0.0
 10/29  04:00:00,11.9712926821,0.0
 10/29  05:00:00,11.9712926821,0.0
 10/29  06:00:00,11.9712926821,0.0
 10/29  07:00:00,10.5936260154,0.0
 10/29  08:00:00,22.0935670119,0.0
 10/29  09:00:00,22.0935670119,0.0
 10/29  10:00:00,37.3512087354,0.0
 10/29  11:00:00,37.815006190300004,0.0
 10/29  12:00:00,51.9370272767,0.0
 10/29  13:00:00,55.2408241084,0.0
 10/29  14:00:00,57.5102988604,0.0
 10/29  15:00:00,57.8371732425,0.0
 10/29  16:00:00,58.0534826274,0.0
 10/29  17:00:00,45.3575134603,0.0
 10/29  18:00:00,35.378749775900005,0.0
 10/29  19:00:00,11.9712926821,0.0
 10/29  20:00:00,11.9712926821,0.0
 10/29  21:00:00,11.9712926821,0.0
 10/29  22:00:00,11.9712926821,0.0
 10/29  23:00:00,11.9712926821,0.0
 10/29  24:00:00,11.9712926821,0.0
 10/30  01:00:00,12.569683660399999,0.0
 10/30  02:00:00,12.569683660399999,0.0
 10/30  03:00:00,12.569683660399999,0.0
 10/30  04:00:00,12.569683660399999,0.0
 10/30  05:00:00,12.569683660399999,0.0
 10/30  06:00:00,27.2526653082,0.0
 10/30  07:00:00,33.998921796,0.0
 10/30  08:00:00,42.491541334299995,0.0
 10/30  09:00:00,62.912639759499996,0.0
 10/30  10:00:00,64.1811205608,0.0
 10/30  11:00:00,67.0742401737,0.0
 10/30  12:00:00,68.27605518850001,0.0
 10/30  13:00:00,69.0629008821,0.0
 10/30  14:00:00,68.5517060639,0.0
 10/30  15:00:00,68.9317715272,0.0
 10/30  16:00:00,68.8195372786,0.0
 10/30  17:00:00,68.4927685658,0.0
 10/30  18:00:00,57.829460841899994,0.0
 10/30  19:00:00,61.245422233999996,0.0
 10/30  20:00:00,54.8868294395,0.0
 10/30  21:00:00,20.693606815,0.0
 10/30  22:00:00,12.569683660399999,0.0
 10/30  23:00:00,12.569683660399999,0.0
 10/30  24:00:00,12.569683660399999,0.0
 10/31  01:00:00,12.569683660399999,0.0
 10/31  02:00:00,12.569683660399999,0.0
 10/31  03:00:00,12.569683660399999,0.0
 10/31  04:00:00,12.569683660399999,0.0
 10/31  05:00:00,12.569683660399999,0.0
 10/31  06:00:00,27.2526653082,0.0
 10/31  07:00:00,33.998921796,0.0
 10/31  08:00:00,42.161652815100005,0.0
 10/31  09:00:00,59.836174704899996,0.0
 10/31  10:00:00,59.836174704899996,0.0
 10/31  11:00:00,59.9136094651,0.0
 10/31  12:00:00,59.9946149695,0.0
 10/31  13:00:00,60.0653924429,0.0
 10/31  14:00:00,60.1128140776,0.0
 10/31  15:00:00,60.1713276488,0.0
 10/31  16:00:00,60.230588672299994,0.0
 10/31  17:00:00,60.1936991214,0.0
 10/31  18:00:00,50.1166507585,0.0
 10/31  19:00:00,55.4446742659,0.0
 10/31  20:00:00,50.427652815100004,0.0
 10/31  21:00:00,20.693606815,0.0
 10/31  22:00:00,12.569683660399999,0.0
 10/31  23:00:00,12.569683660399999,0.0
 10/31  24:00:00,12.569683660399999,0.0
 11/01  01:00:00,12.569683660399999,0.0
 11/01  02:00:00,12.569683660399999,0.0
 11/01  03:00:00,12.569683660399999,0.0
 11/01  04:00:00,12.569683660399999,0.0
 11/01  05:00:00,12.569683660399999,0.0
 11/01  06:00:00,27.7577704472,40.5608933997
 11/01  07:00:00,34.4316584479,32.124488201
 11/01  08:00:00,42.5420553543,23.700838703200002
 11/01  09:00:00,60.1132788558,10.3259763172
 11/01  10:00:00,60.063416441,8.95310445291
 11/01  11:00:00,59.9711032866,2.69633746582
 11/01  12:00:00,59.837516651,0.361583501074
 11/01  13:00:00,60.2036567868,0.0
 11/01  14:00:00,60.9838143899,0.0
 11/01  15:00:00,63.132860476400005,0.0
 11/01  16:00:00,64.2345536967,0.0
 11/01  17:00:00,63.3936797548,0.0
 11/01  18:00:00,50.8942746304,0.0
 11/01  19:00:00,55.6464991435,0.0
 11/01  20:00:00,50.442551455200004,0.0
 11/01  21:00:00,20.693606815,0.0
 11/01  22:00:00,12.569683660399999,0.0
 11/01  23:00:00,12.569683660399999,0.0
 11/01  24:00:00,12.569683660399999,0.0
 11/02  01:00:00,12.569683660399999,0.0
 11/02  02:00:00,12.569683660399999,0.0
 11/02  03:00:00,12.569683660399999,0.0
 11/02  04:00:00,12.569683660399999,0.0
 11/02  05:00:00,12.569683660399999,0.0
 11/02  06:00:00,27.9413695404,84.0373324687
 11/02  07:00:00,34.5575824817,62.4049839829
 11/02  08:00:00,42.5027798202,37.258253862
 11/02  09:00:00,59.8959869845,5.786731371209999
 11/02  10:00:00,59.8786189274,1.1513074392799998
 11/02  11:00:00,60.743162257200005,0.0
 11/02  12:00:00,63.8870386658,0.0
 11/02  13:00:00,67.8596249783,0.0
 11/02  14:00:00,70.4385752364,0.0
 11/02  15:00:00,72.6476787599,0.0
 11/02  16:00:00,73.54149520060001,0.0
 11/02  17:00:00,72.55725061140001,0.0
 11/02  18:00:00,56.642304203900004,0.0
 11/02  19:00:00,56.8570680744,0.0
 11/02  20:00:00,51.1455068368,0.0
 11/02  21:00:00,20.693606815,0.0
 11/02  22:00:00,12.569683660399999,0.0
 11/02  23:00:00,12.569683660399999,0.0
 11/02  24:00:00,12.569683660399999,0.0
 11/03  01:00:00,12.569683660399999,0.0
 11/03  02:00:00,12.569683660399999,0.0
 11/03  03:00:00,12.569683660399999,0.0
 11/03  04:00:00,12.569683660399999,0.0
 11/03  05:00:00,12.569683660399999,0.0
 11/03  06:00:00,27.708494303800002,71.9060708919
 11/03  07:00:00,34.453598497399994,62.6589815407
 11/03  08:00:00,42.4065492031,40.4321187258
 11/03  09:00:00,59.8413537037,7.005409874710001
 11/03  10:00:00,59.9791719001,0.701955893663
 11/03  11:00:00,60.862479880100004,0.0
 11/03  12:00:00,64.2722358375,0.0
 11/03  13:00:00,68.4614290544,0.0
 11/03  14:00:00,70.282021228,0.0
 11/03  15:00:00,71.0413824732,0.0
 11/03  16:00:00,70.4826461447,0.0
 11/03  17:00:00,68.8756892614,0.0
 11/03  18:00:00,54.5620083142,0.0
 11/03  19:00:00,56.291864017600005,0.0
 11/03  20:00:00,50.7150234255,0.0
 11/03  21:00:00,20.693606815,0.0
 11/03  22:00:00,12.569683660399999,0.0
 11/03  23:00:00,12.569683660399999,0.0
 11/03  24:00:00,12.569683660399999,0.0
 11/04  01:00:00,11.9712926821,0.0
 11/04  02:00:00,11.9712926821,0.0
 11/04  03:00:00,11.9712926821,0.0
 11/04  04:00:00,11.9712926821,0.0
 11/04  05:00:00,11.9712926821,0.0
 11/04  06:00:00,26.6542743298,0.0
 11/04  07:00:00,28.9819003452,0.0
 11/04  08:00:00,32.1276099135,0.0
 11/04  09:00:00,47.7439410108,0.0
 11/04  10:00:00,65.3987966335,0.0
 11/04  11:00:00,73.3342525313,0.0
 11/04  12:00:00,79.4786032139,0.0
 11/04  13:00:00,82.18493743,0.0
 11/04  14:00:00,82.6784837146,0.0
 11/04  15:00:00,83.66165144909999,0.0
 11/04  16:00:00,84.1611495124,0.0
 11/04  17:00:00,82.0050186462,0.0
 11/04  18:00:00,60.1153915182,0.0
 11/04  19:00:00,51.5555885197,0.0
 11/04  20:00:00,49.4658781134,0.0
 11/04  21:00:00,36.3805530224,0.0
 11/04  22:00:00,11.9712926821,0.0
 11/04  23:00:00,11.9712926821,0.0
 11/04  24:00:00,11.9712926821,0.0
 11/05  01:00:00,11.9712926821,0.0
 11/05  02:00:00,11.9712926821,0.0
 11/05  03:00:00,11.9712926821,0.0
 11/05  04:00:00,11.9712926821,0.0
 11/05  05:00:00,11.9712926821,0.0
 11/05  06:00:00,11.9712926821,0.0
 11/05  07:00:00,10.5936260154,0.0
 11/05  08:00:00,22.0935670119,0.0
 11/05  09:00:00,22.1820180219,0.0
 11/05  10:00:00,38.2028974687,0.0
 11/05  11:00:00,39.6434102555,0.0
 11/05  12:00:00,54.127823397700006,0.0
 11/05  13:00:00,56.455944021099995,0.0
 11/05  14:00:00,58.03575012060001,0.0
 11/05  15:00:00,59.3125136379,0.0
 11/05  16:00:00,59.811929390799996,0.0
 11/05  17:00:00,47.0861538167,0.0
 11/05  18:00:00,35.2736856164,0.0
 11/05  19:00:00,11.9712926821,0.0
 11/05  20:00:00,11.9712926821,0.0
 11/05  21:00:00,11.9712926821,0.0
 11/05  22:00:00,11.9712926821,0.0
 11/05  23:00:00,11.9712926821,0.0
 11/05  24:00:00,11.9712926821,0.0
 11/06  01:00:00,12.569683660399999,0.0
 11/06  02:00:00,12.569683660399999,0.0
 11/06  03:00:00,12.569683660399999,0.0
 11/06  04:00:00,12.569683660399999,0.0
 11/06  05:00:00,12.569683660399999,0.0
 11/06  06:00:00,12.569683660399999,0.0
 11/06  07:00:00,26.087655856199998,44.5056175117
 11/06  08:00:00,27.2132045102,33.7556111793
 11/06  09:00:00,42.161652815100005,9.25976559996
 11/06  10:00:00,59.994720764700006,0.0167826954282
 11/06  11:00:00,60.55941346979999,0.0
 11/06  12:00:00,61.3624806836,0.0
 11/06  13:00:00,62.2098564518,0.0
 11/06  14:00:00,64.30641015020001,0.0
 11/06  15:00:00,65.6573416854,0.0
 11/06  16:00:00,67.1371130315,0.0
 11/06  17:00:00,66.6166236432,0.0
 11/06  18:00:00,66.342198469,0.0
 11/06  19:00:00,56.607181697200005,0.0
 11/06  20:00:00,56.1168887757,0.0
 11/06  21:00:00,50.6673642458,0.0
 11/06  22:00:00,20.693606815,0.0
 11/06  23:00:00,12.569683660399999,0.0
 11/06  24:00:00,12.569683660399999,0.0
 11/07  01:00:00,12.569683660399999,0.0
 11/07  02:00:00,12.569683660399999,0.0
 11/07  03:00:00,12.569683660399999,0.0
 11/07  04:00:00,12.569683660399999,0.0
 11/07  05:00:00,12.569683660399999,0.0
 11/07  06:00:00,12.569683660399999,0.0
 11/07  07:00:00,28.1086221579,120.61059127700001
 11/07  08:00:00,27.6893665739,92.7992912209
 11/07  09:00:00,42.3420592596,51.8899335275
 11/07  10:00:00,59.8411458815,7.90876724388
 11/07  11:00:00,60.399516912799996,1.8673817904900003
 11/07  12:00:00,61.3057899588,0.0679360552173
 11/07  13:00:00,62.4465775014,0.0
 11/07  14:00:00,65.0364818459,0.0
 11/07  15:00:00,66.4915474563,0.0
 11/07  16:00:00,68.5064219131,0.0
 11/07  17:00:00,68.3439967799,0.0
 11/07  18:00:00,65.8671310026,0.0
 11/07  19:00:00,56.2282972286,0.0
 11/07  20:00:00,55.7191175275,0.0
 11/07  21:00:00,50.4634575319,0.0450676030921
 11/07  22:00:00,20.693606815,0.0
 11/07  23:00:00,12.569683660399999,0.0
 11/07  24:00:00,12.569683660399999,0.0
 11/08  01:00:00,12.569683660399999,0.0
 11/08  02:00:00,12.569683660399999,0.0
 11/08  03:00:00,12.569683660399999,0.0
 11/08  04:00:00,12.569683660399999,0.0
 11/08  05:00:00,12.569683660399999,0.0
 11/08  06:00:00,12.569683660399999,0.0
 11/08  07:00:00,27.9280044369,99.5387530391
 11/08  08:00:00,27.598677829099998,71.4245207182
 11/08  09:00:00,42.4277135591,40.5354047351
 11/08  10:00:00,59.841082482299996,5.8284992227
 11/08  11:00:00,60.75204648850001,1.01213721731
 11/08  12:00:00,63.6051873114,0.0
 11/08  13:00:00,69.15273064600001,0.0
 11/08  14:00:00,72.43321971520001,0.0
 11/08  15:00:00,75.13190110890001,0.0
 11/08  16:00:00,77.0750053275,0.0
 11/08  17:00:00,74.8970425947,0.0
 11/08  18:00:00,73.0474438355,0.0
 11/08  19:00:00,61.04420442439999,0.0
 11/08  20:00:00,57.4025305233,0.0
 11/08  21:00:00,51.6462494584,0.0
 11/08  22:00:00,20.693606815,0.0
 11/08  23:00:00,12.569683660399999,0.0
 11/08  24:00:00,12.569683660399999,0.0
 11/09  01:00:00,12.569683660399999,0.0
 11/09  02:00:00,12.569683660399999,0.0
 11/09  03:00:00,12.569683660399999,0.0
 11/09  04:00:00,12.569683660399999,0.0
 11/09  05:00:00,12.569683660399999,0.0
 11/09  06:00:00,12.569683660399999,0.0
 11/09  07:00:00,27.3559628384,28.3658051877
 11/09  08:00:00,27.165407877399996,19.1776918557
 11/09  09:00:00,42.161652815100005,2.81109128865
 11/09  10:00:00,60.8167698837,0.0
 11/09  11:00:00,65.2165418365,0.0
 11/09  12:00:00,72.3421095922,0.0
 11/09  13:00:00,75.4853988249,0.0
 11/09  14:00:00,77.4636824434,0.0
 11/09  15:00:00,79.1283793802,0.0
 11/09  16:00:00,81.4769408639,0.0
 11/09  17:00:00,80.6458924825,0.0
 11/09  18:00:00,78.2949352889,0.0
 11/09  19:00:00,64.2037238288,0.0
 11/09  20:00:00,58.4300234746,0.0
 11/09  21:00:00,52.014945178000005,0.0
 11/09  22:00:00,20.693606815,0.0
 11/09  23:00:00,12.569683660399999,0.0
 11/09  24:00:00,12.569683660399999,0.0
 11/10  01:00:00,12.569683660399999,0.0
 11/10  02:00:00,12.569683660399999,0.0
 11/10  03:00:00,12.569683660399999,0.0
 11/10  04:00:00,12.569683660399999,0.0
 11/10  05:00:00,12.569683660399999,0.0
 11/10  06:00:00,12.569683660399999,0.0
 11/10  07:00:00,27.4540599796,43.2608921998
 11/10  08:00:00,27.254127452600002,28.5070070725
 11/10  09:00:00,42.1695073107,4.90911882146
 11/10  10:00:00,60.152874348400005,0.0
 11/10  11:00:00,63.014028526000004,0.0
 11/10  12:00:00,70.80837034390001,0.0
 11/10  13:00:00,73.8128159255,0.0
 11/10  14:00:00,75.8430130725,0.0
 11/10  15:00:00,78.3901768156,0.0
 11/10  16:00:00,79.6372723734,0.0
 11/10  17:00:00,78.1994289592,0.0
 11/10  18:00:00,75.4839284248,0.0
 11/10  19:00:00,61.6670764425,0.0
 11/10  20:00:00,57.3291332633,0.0
 11/10  21:00:00,51.556286138500006,0.0
 11/10  22:00:00,20.693606815,0.0
 11/10  23:00:00,12.569683660399999,0.0
 11/10  24:00:00,12.569683660399999,0.0
 11/11  01:00:00,11.9712926821,0.0
 11/11  02:00:00,11.9712926821,0.0
 11/11  03:00:00,11.9712926821,0.0
 11/11  04:00:00,11.9712926821,0.0
 11/11  05:00:00,11.9712926821,0.0
 11/11  06:00:00,11.9712926821,0.0
 11/11  07:00:00,11.9712926821,0.0
 11/11  08:00:00,3.7052926820999996,0.0
 11/11  09:00:00,22.0935670119,0.0
 11/11  10:00:00,22.3567563884,0.0
 11/11  11:00:00,38.4127068815,0.0
 11/11  12:00:00,39.1584602879,0.0
 11/11  13:00:00,52.5327273206,0.0
 11/11  14:00:00,55.3300527883,0.0
 11/11  15:00:00,57.1415502293,0.0
 11/11  16:00:00,58.133483757,0.0
 11/11  17:00:00,57.3634846793,0.0
 11/11  18:00:00,44.3035791807,0.0
 11/11  19:00:00,35.7703607718,0.0
 11/11  20:00:00,11.9712926821,0.0
 11/11  21:00:00,11.9712926821,0.0
 11/11  22:00:00,11.9712926821,0.0
 11/11  23:00:00,11.9712926821,0.0
 11/11  24:00:00,11.9712926821,0.0
 11/12  01:00:00,11.9712926821,0.0
 11/12  02:00:00,11.9712926821,0.0
 11/12  03:00:00,11.9712926821,0.0
 11/12  04:00:00,11.9712926821,0.0
 11/12  05:00:00,11.9712926821,0.0
 11/12  06:00:00,11.9712926821,0.0
 11/12  07:00:00,11.9712926821,0.0
 11/12  08:00:00,3.7052926820999996,0.0
 11/12  09:00:00,22.1047018895,18.100512095
 11/12  10:00:00,22.0935670119,3.3420775217900003
 11/12  11:00:00,37.369849265999996,0.0811781710498
 11/12  12:00:00,38.3330525861,0.0
 11/12  13:00:00,49.4710589067,0.0
 11/12  14:00:00,51.6801129203,0.0
 11/12  15:00:00,53.445116281800004,0.0
 11/12  16:00:00,54.9760362678,0.0
 11/12  17:00:00,55.3215110256,0.0
 11/12  18:00:00,43.7022543886,0.0
 11/12  19:00:00,35.6469548424,0.0
 11/12  20:00:00,11.9712926821,0.0
 11/12  21:00:00,11.9712926821,0.0
 11/12  22:00:00,11.9712926821,0.0
 11/12  23:00:00,11.9712926821,0.0
 11/12  24:00:00,11.9712926821,0.0
 11/13  01:00:00,12.569683660399999,0.0
 11/13  02:00:00,12.569683660399999,0.0
 11/13  03:00:00,12.569683660399999,0.0
 11/13  04:00:00,12.569683660399999,0.0
 11/13  05:00:00,12.569683660399999,0.0
 11/13  06:00:00,12.569683660399999,0.0
 11/13  07:00:00,27.2526653082,0.156120763107
 11/13  08:00:00,27.1105884627,0.0
 11/13  09:00:00,42.161652815100005,0.0
 11/13  10:00:00,60.2198532769,0.0
 11/13  11:00:00,61.929770692299996,0.0
 11/13  12:00:00,66.99996564770001,0.0
 11/13  13:00:00,71.02522936689999,0.0
 11/13  14:00:00,75.2345569111,0.0
 11/13  15:00:00,78.2830019691,0.0
 11/13  16:00:00,79.6911888544,0.0
 11/13  17:00:00,78.97172960399999,0.0
 11/13  18:00:00,79.9152874428,0.0
 11/13  19:00:00,67.518064779,0.0
 11/13  20:00:00,63.174007394899995,0.0
 11/13  21:00:00,55.7072360966,0.0
 11/13  22:00:00,20.693606815,0.0
 11/13  23:00:00,12.569683660399999,0.0
 11/13  24:00:00,12.569683660399999,0.0
 11/14  01:00:00,12.569683660399999,0.0
 11/14  02:00:00,12.569683660399999,0.0
 11/14  03:00:00,12.569683660399999,0.0
 11/14  04:00:00,12.569683660399999,0.0
 11/14  05:00:00,12.569683660399999,0.0
 11/14  06:00:00,12.569683660399999,0.0
 11/14  07:00:00,27.2526653082,0.0
 11/14  08:00:00,27.1414281193,0.0
 11/14  09:00:00,42.6916555312,0.0
 11/14  10:00:00,62.055989705200005,0.0
 11/14  11:00:00,63.5366553292,0.0
 11/14  12:00:00,67.3633571661,0.0
 11/14  13:00:00,73.0307641982,0.0
 11/14  14:00:00,76.145333621,0.0
 11/14  15:00:00,79.0368904731,0.0
 11/14  16:00:00,82.00487530640001,0.0
 11/14  17:00:00,81.786857415,0.0
 11/14  18:00:00,80.6964501679,0.0
 11/14  19:00:00,66.980577056,0.0
 11/14  20:00:00,61.63233062770001,0.0
 11/14  21:00:00,52.8673061475,0.0
 11/14  22:00:00,20.693606815,0.0
 11/14  23:00:00,12.569683660399999,0.0
 11/14  24:00:00,12.569683660399999,0.0
 11/15  01:00:00,12.569683660399999,0.0
 11/15  02:00:00,12.569683660399999,0.0
 11/15  03:00:00,12.569683660399999,0.0
 11/15  04:00:00,12.569683660399999,0.0
 11/15  05:00:00,12.569683660399999,0.0
 11/15  06:00:00,12.569683660399999,0.0
 11/15  07:00:00,27.2526653082,0.0
 11/15  08:00:00,27.1105884627,0.0
 11/15  09:00:00,42.5407621304,0.0
 11/15  10:00:00,63.567064630699996,0.0
 11/15  11:00:00,69.8194815144,0.0
 11/15  12:00:00,75.3756068017,0.0
 11/15  13:00:00,77.6732093702,0.0
 11/15  14:00:00,79.1059744237,0.0
 11/15  15:00:00,80.74163089439999,0.0
 11/15  16:00:00,83.1103452533,0.0
 11/15  17:00:00,81.6796959343,0.0
 11/15  18:00:00,79.76718353380001,0.0
 11/15  19:00:00,63.7932770932,0.0
 11/15  20:00:00,58.2541503641,0.0
 11/15  21:00:00,51.901145748599994,0.0
 11/15  22:00:00,20.693606815,0.0
 11/15  23:00:00,12.569683660399999,0.0
 11/15  24:00:00,12.569683660399999,0.0
 11/16  01:00:00,12.569683660399999,0.0
 11/16  02:00:00,12.569683660399999,0.0
 11/16  03:00:00,12.569683660399999,0.0
 11/16  04:00:00,12.569683660399999,0.0
 11/16  05:00:00,12.569683660399999,0.0
 11/16  06:00:00,12.569683660399999,0.0
 11/16  07:00:00,27.2526653082,0.850473129771
 11/16  08:00:00,27.1105884627,0.0
 11/16  09:00:00,42.2471726294,0.0
 11/16  10:00:00,62.0275252116,0.0
 11/16  11:00:00,67.0880625254,0.0
 11/16  12:00:00,72.0350682734,0.0
 11/16  13:00:00,75.0159484321,0.0
 11/16  14:00:00,79.6360439987,0.0
 11/16  15:00:00,82.1119339254,0.0
 11/16  16:00:00,82.3559240199,0.0
 11/16  17:00:00,79.8805508089,0.0
 11/16  18:00:00,80.55759779270001,0.0
 11/16  19:00:00,69.467188365,0.0
 11/16  20:00:00,67.5121164823,0.0
 11/16  21:00:00,61.67453201560001,0.0
 11/16  22:00:00,20.693606815,0.0
 11/16  23:00:00,12.569683660399999,0.0
 11/16  24:00:00,12.569683660399999,0.0
 11/17  01:00:00,12.569683660399999,0.0
 11/17  02:00:00,12.569683660399999,0.0
 11/17  03:00:00,12.569683660399999,0.0
 11/17  04:00:00,12.569683660399999,0.0
 11/17  05:00:00,12.569683660399999,0.0
 11/17  06:00:00,12.569683660399999,0.0
 11/17  07:00:00,27.2526653082,0.0
 11/17  08:00:00,27.1105884627,0.0
 11/17  09:00:00,42.2548591663,0.0
 11/17  10:00:00,60.1975369082,0.0
 11/17  11:00:00,60.3018028553,0.0
 11/17  12:00:00,61.72769626149999,0.0
 11/17  13:00:00,62.826646524,0.0
 11/17  14:00:00,63.4351981361,0.0
 11/17  15:00:00,64.5260709329,0.0
 11/17  16:00:00,66.10652812890001,0.0
 11/17  17:00:00,65.5533063793,0.0
 11/17  18:00:00,67.859979028,0.0
 11/17  19:00:00,58.0651862349,0.0
 11/17  20:00:00,55.7184068594,0.0
 11/17  21:00:00,50.427652815100004,0.0
 11/17  22:00:00,20.693606815,0.0
 11/17  23:00:00,12.569683660399999,0.0
 11/17  24:00:00,12.569683660399999,0.0
 11/18  01:00:00,11.9712926821,0.0
 11/18  02:00:00,11.9712926821,0.0
 11/18  03:00:00,11.9712926821,0.0
 11/18  04:00:00,11.9712926821,0.0
 11/18  05:00:00,11.9712926821,0.0
 11/18  06:00:00,11.9712926821,0.0
 11/18  07:00:00,26.970939636300002,18.0512772678
 11/18  08:00:00,22.3532165881,13.0517907094
 11/18  09:00:00,32.309299517199996,2.6894719878799997
 11/18  10:00:00,47.2037348971,0.0
 11/18  11:00:00,59.836174704899996,0.0
 11/18  12:00:00,60.141758062799994,0.0
 11/18  13:00:00,64.4141961502,0.0
 11/18  14:00:00,69.8534308546,0.0
 11/18  15:00:00,73.7186618433,0.0
 11/18  16:00:00,76.662978143,0.0
 11/18  17:00:00,75.31093190989999,0.0
 11/18  18:00:00,75.64434811470001,0.0
 11/18  19:00:00,55.5105316833,0.0
 11/18  20:00:00,43.7853006188,0.0
 11/18  21:00:00,43.1022448427,0.0
 11/18  22:00:00,30.897177609299998,0.0
 11/18  23:00:00,11.9712926821,0.0
 11/18  24:00:00,11.9712926821,0.0
 11/19  01:00:00,11.9712926821,0.0
 11/19  02:00:00,11.9712926821,0.0
 11/19  03:00:00,11.9712926821,0.0
 11/19  04:00:00,11.9712926821,0.0
 11/19  05:00:00,11.9712926821,0.0
 11/19  06:00:00,11.9712926821,0.0
 11/19  07:00:00,11.9712926821,0.0
 11/19  08:00:00,5.082959348769999,0.0
 11/19  09:00:00,22.0935670119,0.0
 11/19  10:00:00,22.0935670119,0.0
 11/19  11:00:00,37.843983410300005,0.0
 11/19  12:00:00,40.9508658423,0.0
 11/19  13:00:00,56.93693788,0.0
 11/19  14:00:00,61.6495172712,0.0
 11/19  15:00:00,64.8047495704,0.0
 11/19  16:00:00,65.3931479876,0.0
 11/19  17:00:00,64.22970643880001,0.0
 11/19  18:00:00,52.10572270310001,0.0
 11/19  19:00:00,38.5113511683,0.0
 11/19  20:00:00,11.9712926821,0.0
 11/19  21:00:00,11.9712926821,0.0
 11/19  22:00:00,11.9712926821,0.0
 11/19  23:00:00,11.9712926821,0.0
 11/19  24:00:00,11.9712926821,0.0
 11/20  01:00:00,12.569683660399999,0.0
 11/20  02:00:00,12.569683660399999,0.0
 11/20  03:00:00,12.569683660399999,0.0
 11/20  04:00:00,12.569683660399999,0.0
 11/20  05:00:00,12.569683660399999,0.0
 11/20  06:00:00,12.569683660399999,0.0
 11/20  07:00:00,27.2526653082,0.0
 11/20  08:00:00,28.7241611567,0.0
 11/20  09:00:00,44.312764916899994,0.0
 11/20  10:00:00,71.32611063899999,0.0
 11/20  11:00:00,74.9777105905,0.0
 11/20  12:00:00,76.8321946245,0.0
 11/20  13:00:00,75.5381258166,0.0
 11/20  14:00:00,71.4442008204,0.0
 11/20  15:00:00,69.4568750253,0.0
 11/20  16:00:00,72.882641489,0.0
 11/20  17:00:00,74.0965793247,0.0
 11/20  18:00:00,74.9253552162,0.0
 11/20  19:00:00,64.2959183492,0.0
 11/20  20:00:00,62.9748626182,0.0
 11/20  21:00:00,55.4926635376,0.0
 11/20  22:00:00,20.693606815,0.0
 11/20  23:00:00,12.569683660399999,0.0
 11/20  24:00:00,12.569683660399999,0.0
 11/21  01:00:00,12.569683660399999,0.0
 11/21  02:00:00,12.569683660399999,0.0
 11/21  03:00:00,12.569683660399999,0.0
 11/21  04:00:00,12.569683660399999,0.0
 11/21  05:00:00,12.569683660399999,0.0
 11/21  06:00:00,12.569683660399999,0.0
 11/21  07:00:00,27.690545589499997,39.5358511111
 11/21  08:00:00,28.8718257988,35.4402731093
 11/21  09:00:00,42.3996157017,21.141569663800002
 11/21  10:00:00,59.8573471757,0.8087056528800001
 11/21  11:00:00,59.836174704899996,0.0
 11/21  12:00:00,59.9049843971,0.0
 11/21  13:00:00,60.220470782700005,0.0
 11/21  14:00:00,60.7699673016,0.0
 11/21  15:00:00,61.255003295,0.0
 11/21  16:00:00,62.44997714270001,0.0
 11/21  17:00:00,62.065735044300006,0.0
 11/21  18:00:00,64.4971846065,0.0
 11/21  19:00:00,55.674845500500005,0.0
 11/21  20:00:00,55.4831558732,0.0
 11/21  21:00:00,50.427652815100004,0.0
 11/21  22:00:00,20.693606815,0.0
 11/21  23:00:00,12.569683660399999,0.0
 11/21  24:00:00,12.569683660399999,0.0
 11/22  01:00:00,12.569683660399999,0.0
 11/22  02:00:00,12.569683660399999,0.0
 11/22  03:00:00,12.569683660399999,0.0
 11/22  04:00:00,12.569683660399999,0.0
 11/22  05:00:00,12.569683660399999,0.0
 11/22  06:00:00,12.569683660399999,0.0
 11/22  07:00:00,27.4446424188,14.483790144
 11/22  08:00:00,28.6646074514,8.972962154580001
 11/22  09:00:00,42.2672980257,0.650726447177
 11/22  10:00:00,59.8733066221,0.0
 11/22  11:00:00,59.8496354733,0.0
 11/22  12:00:00,59.836174704899996,0.0
 11/22  13:00:00,59.836174704899996,0.0
 11/22  14:00:00,59.836174704899996,0.0
 11/22  15:00:00,59.836174704899996,0.0
 11/22  16:00:00,59.836174704899996,0.0
 11/22  17:00:00,59.8523991352,0.0
 11/22  18:00:00,64.06840911399999,0.0
 11/22  19:00:00,55.5871216865,0.453918492373
 11/22  20:00:00,55.6391478157,1.27522981818
 11/22  21:00:00,50.6370224467,1.93878371965
 11/22  22:00:00,20.693606815,0.0
 11/22  23:00:00,12.569683660399999,0.0
 11/22  24:00:00,12.569683660399999,0.0
 11/23  01:00:00,11.9712926821,0.0
 11/23  02:00:00,11.9712926821,0.0
 11/23  03:00:00,11.9712926821,0.0
 11/23  04:00:00,11.9712926821,0.0
 11/23  05:00:00,11.9712926821,0.0
 11/23  06:00:00,11.9712926821,0.0
 11/23  07:00:00,11.9712926821,0.0
 11/23  08:00:00,5.082959348769999,0.0
 11/23  09:00:00,22.7527417804,56.0410721786
 11/23  10:00:00,22.5410047561,37.7091368529
 11/23  11:00:00,37.4335056269,19.2567419582
 11/23  12:00:00,37.3362338883,7.316684481010001
 11/23  13:00:00,47.275835775299996,1.4966373226899998
 11/23  14:00:00,47.1803337471,0.140904127568
 11/23  15:00:00,47.1786742659,0.0
 11/23  16:00:00,47.1786742659,0.0
 11/23  17:00:00,47.1786742659,0.0
 11/23  18:00:00,41.2776313643,0.340336856119
 11/23  19:00:00,35.4224668602,5.32370943914
 11/23  20:00:00,11.9712926821,0.0
 11/23  21:00:00,11.9712926821,0.0
 11/23  22:00:00,11.9712926821,0.0
 11/23  23:00:00,11.9712926821,0.0
 11/23  24:00:00,11.9712926821,0.0
 11/24  01:00:00,12.569683660399999,0.0
 11/24  02:00:00,12.569683660399999,0.0
 11/24  03:00:00,12.569683660399999,0.0
 11/24  04:00:00,12.569683660399999,0.0
 11/24  05:00:00,12.569683660399999,0.0
 11/24  06:00:00,12.569683660399999,0.0
 11/24  07:00:00,27.8020167199,40.2785672176
 11/24  08:00:00,28.8992411777,24.760363801
 11/24  09:00:00,42.3956484608,8.178304506389999
 11/24  10:00:00,59.836174704899996,0.681228741956
 11/24  11:00:00,60.3059268067,0.0
 11/24  12:00:00,61.161022627799994,0.0
 11/24  13:00:00,63.360359598900004,0.0
 11/24  14:00:00,66.5261495715,0.0
 11/24  15:00:00,67.4872263581,0.0
 11/24  16:00:00,68.7855107892,0.0
 11/24  17:00:00,68.22326681770001,0.0
 11/24  18:00:00,68.8653834281,0.0
 11/24  19:00:00,56.403801295,0.0
 11/24  20:00:00,55.8147597927,0.0
 11/24  21:00:00,50.7892100157,0.0
 11/24  22:00:00,20.693606815,0.0
 11/24  23:00:00,12.569683660399999,0.0
 11/24  24:00:00,12.569683660399999,0.0
 11/25  01:00:00,11.9712926821,0.0
 11/25  02:00:00,11.9712926821,0.0
 11/25  03:00:00,11.9712926821,0.0
 11/25  04:00:00,11.9712926821,0.0
 11/25  05:00:00,11.9712926821,0.0
 11/25  06:00:00,11.9712926821,0.0
 11/25  07:00:00,26.9886784262,46.376153608
 11/25  08:00:00,23.7099424867,34.0710871248
 11/25  09:00:00,32.1618848079,19.0670569995
 11/25  10:00:00,47.1880981837,1.87676926013
 11/25  11:00:00,60.653083397799996,0.043800606161599996
 11/25  12:00:00,62.0487977534,0.0
 11/25  13:00:00,65.6325056727,0.0
 11/25  14:00:00,68.4332413206,0.0
 11/25  15:00:00,69.4521684937,0.0
 11/25  16:00:00,69.4593722999,0.0
 11/25  17:00:00,68.8510398658,0.0
 11/25  18:00:00,69.8379260574,0.0
 11/25  19:00:00,51.4574990814,0.0
 11/25  20:00:00,40.571937042600005,0.0
 11/25  21:00:00,40.3952017599,0.0
 11/25  22:00:00,30.3595670119,1.57030463977
 11/25  23:00:00,11.9712926821,0.0
 11/25  24:00:00,11.9712926821,0.0
 11/26  01:00:00,11.9712926821,0.0
 11/26  02:00:00,11.9712926821,0.0
 11/26  03:00:00,11.9712926821,0.0
 11/26  04:00:00,11.9712926821,0.0
 11/26  05:00:00,11.9712926821,0.0
 11/26  06:00:00,11.9712926821,0.0
 11/26  07:00:00,11.9712926821,0.0
 11/26  08:00:00,5.082959348769999,0.0
 11/26  09:00:00,22.1010751775,18.2471578121
 11/26  10:00:00,22.0935670119,2.15178162704
 11/26  11:00:00,38.2554405765,0.0
 11/26  12:00:00,39.4977229999,0.0
 11/26  13:00:00,52.9648472593,0.0
 11/26  14:00:00,55.415133269399995,0.0
 11/26  15:00:00,55.635828303100006,0.0
 11/26  16:00:00,55.6092923907,0.0
 11/26  17:00:00,55.4955475623,0.0
 11/26  18:00:00,46.200664584799995,0.0
 11/26  19:00:00,37.872075919299995,0.0
 11/26  20:00:00,11.9712926821,0.0
 11/26  21:00:00,11.9712926821,0.0
 11/26  22:00:00,11.9712926821,0.0
 11/26  23:00:00,11.9712926821,0.0
 11/26  24:00:00,11.9712926821,0.0
 11/27  01:00:00,12.569683660399999,0.0
 11/27  02:00:00,12.569683660399999,0.0
 11/27  03:00:00,12.569683660399999,0.0
 11/27  04:00:00,12.569683660399999,0.0
 11/27  05:00:00,12.569683660399999,0.0
 11/27  06:00:00,12.569683660399999,0.0
 11/27  07:00:00,27.528153521100002,0.0
 11/27  08:00:00,29.1088913451,0.0
 11/27  09:00:00,44.64728367520001,0.0
 11/27  10:00:00,69.3101407925,0.0
 11/27  11:00:00,72.40134504779999,0.0
 11/27  12:00:00,76.3621959485,0.0
 11/27  13:00:00,78.757500905,0.0
 11/27  14:00:00,81.4674055337,0.0
 11/27  15:00:00,79.8205399726,0.0
 11/27  16:00:00,79.67073644770001,0.0
 11/27  17:00:00,78.94202884810001,0.0
 11/27  18:00:00,77.7211366813,0.0
 11/27  19:00:00,66.2040086921,0.0
 11/27  20:00:00,64.3029273295,0.0
 11/27  21:00:00,59.0435595887,0.0
 11/27  22:00:00,20.693606815,0.0
 11/27  23:00:00,12.569683660399999,0.0
 11/27  24:00:00,12.569683660399999,0.0
 11/28  01:00:00,12.569683660399999,0.0
 11/28  02:00:00,12.569683660399999,0.0
 11/28  03:00:00,12.569683660399999,0.0
 11/28  04:00:00,12.569683660399999,0.0
 11/28  05:00:00,12.569683660399999,0.0
 11/28  06:00:00,12.569683660399999,0.0
 11/28  07:00:00,27.4369574935,18.5528853239
 11/28  08:00:00,28.6869014731,18.3187376754
 11/28  09:00:00,42.2118655635,10.755365813
 11/28  10:00:00,59.837799632,0.0
 11/28  11:00:00,60.065653619799996,0.0
 11/28  12:00:00,60.416644116499995,0.0
 11/28  13:00:00,60.8125844284,0.0
 11/28  14:00:00,61.230497461700004,0.0
 11/28  15:00:00,61.376781846499995,0.0
 11/28  16:00:00,61.2462928747,0.0
 11/28  17:00:00,60.9138083271,0.0
 11/28  18:00:00,64.4317355408,0.0
 11/28  19:00:00,55.4803985995,0.0
 11/28  20:00:00,55.4446742659,10.288466133
 11/28  21:00:00,50.427652815100004,29.0770327852
 11/28  22:00:00,20.693606815,0.0
 11/28  23:00:00,12.569683660399999,0.0
 11/28  24:00:00,12.569683660399999,0.0
 11/29  01:00:00,12.569683660399999,0.0
 11/29  02:00:00,12.569683660399999,0.0
 11/29  03:00:00,12.569683660399999,0.0
 11/29  04:00:00,12.569683660399999,0.0
 11/29  05:00:00,12.569683660399999,0.0
 11/29  06:00:00,12.569683660399999,0.0
 11/29  07:00:00,28.58712426,164.69761954700002
 11/29  08:00:00,29.4889808369,136.705166432
 11/29  09:00:00,42.6786894866,97.21912566299999
 11/29  10:00:00,59.93278821649999,50.1842612697
 11/29  11:00:00,59.836174704899996,31.4460171002
 11/29  12:00:00,59.836174704899996,14.134212663900001
 11/29  13:00:00,59.984133471499995,6.69144661028
 11/29  14:00:00,60.3934966565,4.320729095
 11/29  15:00:00,60.803370433699996,2.23544037377
 11/29  16:00:00,60.9057784799,0.738386809104
 11/29  17:00:00,60.7220460967,0.092724078524
 11/29  18:00:00,64.1504042028,2.23947779948
 11/29  19:00:00,55.4446742659,11.012533508599999
 11/29  20:00:00,55.4446742659,33.3136892751
 11/29  21:00:00,50.4995251716,48.0544997439
 11/29  22:00:00,20.693606815,0.0
 11/29  23:00:00,12.569683660399999,0.0
 11/29  24:00:00,12.569683660399999,0.0
 11/30  01:00:00,12.569683660399999,0.0
 11/30  02:00:00,12.569683660399999,0.0
 11/30  03:00:00,12.569683660399999,0.0
 11/30  04:00:00,12.569683660399999,0.0
 11/30  05:00:00,12.569683660399999,0.0
 11/30  06:00:00,12.569683660399999,0.0
 11/30  07:00:00,28.2221533277,127.9917564
 11/30  08:00:00,29.274516228699998,104.217108974
 11/30  09:00:00,42.6943363619,74.9309817906
 11/30  10:00:00,60.1492320569,35.8398099123
 11/30  11:00:00,60.0374341193,18.6011519978
 11/30  12:00:00,59.8654110507,7.27018466709
 11/30  13:00:00,60.226360615299996,4.00916863968
 11/30  14:00:00,61.095641283599996,1.15039245972
 11/30  15:00:00,61.6915508904,0.0
 11/30  16:00:00,62.1180374726,0.0
 11/30  17:00:00,60.4720414879,0.0
 11/30  18:00:00,64.122089187,0.0
 11/30  19:00:00,55.4446742659,1.21944177846
 11/30  20:00:00,55.4446742659,2.64107533056
 11/30  21:00:00,50.427652815100004,2.82275244417
 11/30  22:00:00,20.693606815,0.0
 11/30  23:00:00,12.569683660399999,0.0
 11/30  24:00:00,12.569683660399999,0.0
 12/01  01:00:00,12.569683660399999,0.0
 12/01  02:00:00,12.569683660399999,0.0
 12/01  03:00:00,12.569683660399999,0.0
 12/01  04:00:00,12.569683660399999,0.0
 12/01  05:00:00,12.569683660399999,0.0
 12/01  06:00:00,12.569683660399999,0.0
 12/01  07:00:00,29.0089984886,207.14268922
 12/01  08:00:00,31.207184819000002,170.623908838
 12/01  09:00:00,42.9379060707,128.142966164
 12/01  10:00:00,60.1509016055,83.4080919529
 12/01  11:00:00,59.8736584818,62.2262780815
 12/01  12:00:00,59.836174704899996,40.4095211432
 12/01  13:00:00,59.836174704899996,26.4347141681
 12/01  14:00:00,59.8691510523,12.5012315023
 12/01  15:00:00,60.0139635322,6.805192024
 12/01  16:00:00,60.091016385100005,5.3499452954199995
 12/01  17:00:00,60.0560355369,4.46141855065
 12/01  18:00:00,63.98221584229999,6.5101638921300005
 12/01  19:00:00,55.4446742659,31.4854714689
 12/01  20:00:00,55.554292865600004,57.0084202418
 12/01  21:00:00,50.7297750775,74.0394339547
 12/01  22:00:00,20.693606815,0.0
 12/01  23:00:00,12.569683660399999,0.0
 12/01  24:00:00,12.569683660399999,0.0
 12/02  01:00:00,11.9712926821,0.0
 12/02  02:00:00,11.9712926821,0.0
 12/02  03:00:00,11.9712926821,0.0
 12/02  04:00:00,11.9712926821,0.0
 12/02  05:00:00,11.9712926821,0.0
 12/02  06:00:00,11.9712926821,0.0
 12/02  07:00:00,27.7875964695,146.604298991
 12/02  08:00:00,25.8037330686,120.79772749700001
 12/02  09:00:00,32.9131940365,104.40845354
 12/02  10:00:00,47.523565729,68.034509771
 12/02  11:00:00,59.854566701,39.0579451274
 12/02  12:00:00,59.836174704899996,20.8558880346
 12/02  13:00:00,59.836174704899996,13.9651770476
 12/02  14:00:00,59.836174704899996,8.840621916860002
 12/02  15:00:00,59.836174704899996,6.92778825578
 12/02  16:00:00,59.836174704899996,5.9214457309399995
 12/02  17:00:00,59.836174704899996,5.28491740467
 12/02  18:00:00,63.9691747049,7.24449654783
 12/02  19:00:00,50.6231415918,39.2587836239
 12/02  20:00:00,40.807253551500004,67.2592935179
 12/02  21:00:00,40.8951623807,74.9668840826
 12/02  22:00:00,30.888619569699998,78.1204006898
 12/02  23:00:00,11.9712926821,0.0
 12/02  24:00:00,11.9712926821,0.0
 12/03  01:00:00,11.9712926821,0.0
 12/03  02:00:00,11.9712926821,0.0
 12/03  03:00:00,11.9712926821,0.0
 12/03  04:00:00,11.9712926821,0.0
 12/03  05:00:00,11.9712926821,0.0
 12/03  06:00:00,11.9712926821,0.0
 12/03  07:00:00,11.9712926821,0.0
 12/03  08:00:00,6.46062601543,0.0
 12/03  09:00:00,23.5423335561,166.271143429
 12/03  10:00:00,23.1280882723,130.82190316
 12/03  11:00:00,37.9197192405,106.86518057
 12/03  12:00:00,37.7450153879,90.880566524
 12/03  13:00:00,47.4561757334,61.052461479099996
 12/03  14:00:00,47.4133430029,47.243105881700004
 12/03  15:00:00,47.5074135914,42.4495452477
 12/03  16:00:00,47.5433545714,39.3888399679
 12/03  17:00:00,47.57367535,39.36936854
 12/03  18:00:00,41.5108281052,59.939106527700005
 12/03  19:00:00,35.6790721806,76.9255803287
 12/03  20:00:00,11.9712926821,0.0
 12/03  21:00:00,11.9712926821,0.0
 12/03  22:00:00,11.9712926821,0.0
 12/03  23:00:00,11.9712926821,0.0
 12/03  24:00:00,11.9712926821,0.0
 12/04  01:00:00,12.569683660399999,0.0
 12/04  02:00:00,12.569683660399999,0.0
 12/04  03:00:00,12.5743517004,0.0
 12/04  04:00:00,12.6321064694,0.0
 12/04  05:00:00,12.7299226019,0.8509931179889999
 12/04  06:00:00,12.8347828839,2.2427181274200003
 12/04  07:00:00,29.108871803200003,202.971799555
 12/04  08:00:00,31.3376337966,162.843097676
 12/04  09:00:00,43.1112839896,127.78438391700001
 12/04  10:00:00,60.2848661943,83.8175605331
 12/04  11:00:00,59.9560898815,53.76352509189999
 12/04  12:00:00,59.836174704899996,25.3182306144
 12/04  13:00:00,59.836174704899996,11.881001588
 12/04  14:00:00,59.836174704899996,7.988867619600001
 12/04  15:00:00,59.9281277573,5.78469931891
 12/04  16:00:00,60.0733198899,4.0555730943
 12/04  17:00:00,60.0042117627,3.11152354355
 12/04  18:00:00,63.9691747049,4.54871676398
 12/04  19:00:00,55.483036422,27.8564951823
 12/04  20:00:00,55.710079720299994,54.688124805200005
 12/04  21:00:00,50.845132333100004,71.2700216451
 12/04  22:00:00,20.693606815,0.0
 12/04  23:00:00,12.569683660399999,0.0
 12/04  24:00:00,12.569683660399999,0.0
 12/05  01:00:00,12.569683660399999,0.0
 12/05  02:00:00,12.569683660399999,0.0
 12/05  03:00:00,12.569683660399999,0.0
 12/05  04:00:00,12.569683660399999,0.0
 12/05  05:00:00,12.569683660399999,0.0
 12/05  06:00:00,12.571025606500001,0.0
 12/05  07:00:00,28.9322064317,200.095930264
 12/05  08:00:00,31.213916557399997,164.034891501
 12/05  09:00:00,43.206945564499996,135.12852294
 12/05  10:00:00,60.4763631326,85.936332963
 12/05  11:00:00,60.142506851899995,48.265988848599996
 12/05  12:00:00,59.8750830684,19.9813216511
 12/05  13:00:00,59.836174704899996,9.85669444173
 12/05  14:00:00,60.06885391310001,6.72771311161
 12/05  15:00:00,60.1110512592,4.40101613095
 12/05  16:00:00,60.049012947200005,2.8057202300700004
 12/05  17:00:00,59.978921198900004,2.12061787197
 12/05  18:00:00,63.972797777299995,2.43294011459
 12/05  19:00:00,55.4446742659,3.5591173715199993
 12/05  20:00:00,55.4446742659,4.30215438831
 12/05  21:00:00,50.4359964999,8.21207612494
 12/05  22:00:00,20.693606815,0.0
 12/05  23:00:00,12.569683660399999,0.0
 12/05  24:00:00,12.569683660399999,0.0
 12/06  01:00:00,12.569683660399999,0.0
 12/06  02:00:00,12.569683660399999,0.0
 12/06  03:00:00,12.569683660399999,0.0
 12/06  04:00:00,12.569683660399999,0.0
 12/06  05:00:00,12.569683660399999,0.0
 12/06  06:00:00,12.569683660399999,0.0
 12/06  07:00:00,27.5766174357,39.4530456087
 12/06  08:00:00,30.0899969648,18.5183655287
 12/06  09:00:00,42.3349022742,7.199441706
 12/06  10:00:00,59.930790925299995,2.9097115507200004
 12/06  11:00:00,59.8901082269,2.0419745737799997
 12/06  12:00:00,59.842856859499996,1.2343295344399998
 12/06  13:00:00,59.836174704899996,0.571852433371
 12/06  14:00:00,59.836174704899996,0.046496545306900006
 12/06  15:00:00,59.836174704899996,0.0
 12/06  16:00:00,59.847343018400004,0.0
 12/06  17:00:00,59.8655912594,0.0
 12/06  18:00:00,63.9691747049,0.0
 12/06  19:00:00,55.4446742659,0.0
 12/06  20:00:00,55.4632394256,0.0
 12/06  21:00:00,50.4833038401,0.0
 12/06  22:00:00,20.693606815,0.0
 12/06  23:00:00,12.569683660399999,0.0
 12/06  24:00:00,12.569683660399999,0.0
 12/07  01:00:00,12.569683660399999,0.0
 12/07  02:00:00,12.569683660399999,0.0
 12/07  03:00:00,12.569683660399999,0.0
 12/07  04:00:00,12.569683660399999,0.0
 12/07  05:00:00,12.569683660399999,0.0
 12/07  06:00:00,12.569683660399999,0.0
 12/07  07:00:00,27.741348896999998,41.569392429299995
 12/07  08:00:00,30.256911433600003,27.3065458639
 12/07  09:00:00,42.458463865,12.1104938803
 12/07  10:00:00,59.99763802100001,1.80714769469
 12/07  11:00:00,59.9196349446,0.974730182279
 12/07  12:00:00,59.836174704899996,0.0568681302408
 12/07  13:00:00,60.262689612200006,0.0
 12/07  14:00:00,61.3509000326,0.0
 12/07  15:00:00,61.1809971171,0.0
 12/07  16:00:00,61.785757724700005,0.0
 12/07  17:00:00,61.797537297299996,0.0
 12/07  18:00:00,64.268618612,0.0
 12/07  19:00:00,55.4446742659,0.0
 12/07  20:00:00,55.4446742659,2.13076299497
 12/07  21:00:00,50.49470748979999,16.7447366689
 12/07  22:00:00,20.693606815,0.0
 12/07  23:00:00,12.569683660399999,0.0
 12/07  24:00:00,12.569683660399999,0.0
 12/08  01:00:00,12.569683660399999,0.0
 12/08  02:00:00,12.569683660399999,0.0
 12/08  03:00:00,12.569683660399999,0.0
 12/08  04:00:00,12.569683660399999,0.0
 12/08  05:00:00,12.569683660399999,0.0
 12/08  06:00:00,12.569683660399999,0.0
 12/08  07:00:00,28.4243248133,136.41096575
 12/08  08:00:00,30.7741540318,113.882371025
 12/08  09:00:00,42.555517447199996,74.8970743404
 12/08  10:00:00,59.8431074546,24.3538813787
 12/08  11:00:00,59.8541874877,6.54969610569
 12/08  12:00:00,60.325277273699996,3.4420518715800004
 12/08  13:00:00,61.054568522,1.4813799252200002
 12/08  14:00:00,61.6806763898,0.060047492403100006
 12/08  15:00:00,62.325663266999996,0.0
 12/08  16:00:00,63.2081716164,0.0
 12/08  17:00:00,62.706671474,0.0
 12/08  18:00:00,65.1034834801,0.0
 12/08  19:00:00,55.724024013599994,0.122873364102
 12/08  20:00:00,55.4446742659,6.7217973016
 12/08  21:00:00,50.427652815100004,21.8089142973
 12/08  22:00:00,20.693606815,0.0
 12/08  23:00:00,12.569683660399999,0.0
 12/08  24:00:00,12.569683660399999,0.0
 12/09  01:00:00,11.9712926821,0.0
 12/09  02:00:00,11.9712926821,0.0
 12/09  03:00:00,11.9712926821,0.0
 12/09  04:00:00,11.9712926821,0.0
 12/09  05:00:00,11.9712926821,0.0
 12/09  06:00:00,11.9712926821,0.0
 12/09  07:00:00,27.7112177471,145.490909085
 12/09  08:00:00,25.6835718406,121.285502104
 12/09  09:00:00,32.521229835599996,88.8823632713
 12/09  10:00:00,47.2010608125,46.759258081400006
 12/09  11:00:00,59.836174704899996,17.8216153918
 12/09  12:00:00,60.195394196,6.1414784002
 12/09  13:00:00,61.017155044700004,3.6076382713699995
 12/09  14:00:00,61.604362214,1.45195946336
 12/09  15:00:00,62.0760926261,0.048028683267
 12/09  16:00:00,63.4110326212,0.0
 12/09  17:00:00,63.678318501199996,0.0
 12/09  18:00:00,65.1882825322,0.0
 12/09  19:00:00,50.5731236345,1.8307615961700001
 12/09  20:00:00,40.3936099135,8.34784377637
 12/09  21:00:00,40.3936099135,20.4197778954
 12/09  22:00:00,30.3595670119,28.7212425733
 12/09  23:00:00,11.9712926821,0.0
 12/09  24:00:00,11.9712926821,0.0
 12/10  01:00:00,11.9712926821,0.0
 12/10  02:00:00,11.9712926821,0.0
 12/10  03:00:00,11.9712926821,0.0
 12/10  04:00:00,11.9712926821,0.0
 12/10  05:00:00,11.9712926821,0.0
 12/10  06:00:00,11.9712926821,0.0
 12/10  07:00:00,11.9712926821,0.0
 12/10  08:00:00,6.46062601543,0.0
 12/10  09:00:00,22.4325074959,87.4629300014
 12/10  10:00:00,22.095524265799998,39.954110720500005
 12/10  11:00:00,37.1446313643,16.698577104
 12/10  12:00:00,37.3817864935,6.17626717902
 12/10  13:00:00,48.649692073999994,2.58637958717
 12/10  14:00:00,49.16980225100001,0.301906926421
 12/10  15:00:00,49.0442236945,0.0
 12/10  16:00:00,49.387781911800005,0.0
 12/10  17:00:00,50.32337538229999,0.0
 12/10  18:00:00,42.0579865274,0.0
 12/10  19:00:00,35.3765884627,4.697007406530001
 12/10  20:00:00,11.9712926821,0.0
 12/10  21:00:00,11.9712926821,0.0
 12/10  22:00:00,11.9712926821,0.0
 12/10  23:00:00,11.9712926821,0.0
 12/10  24:00:00,11.9712926821,0.0
 12/11  01:00:00,12.569683660399999,0.0
 12/11  02:00:00,12.569683660399999,0.0
 12/11  03:00:00,12.569683660399999,0.0
 12/11  04:00:00,12.569683660399999,0.0
 12/11  05:00:00,12.569683660399999,0.0
 12/11  06:00:00,12.569683660399999,0.0
 12/11  07:00:00,27.897825605799998,97.484337362
 12/11  08:00:00,30.362324566399998,71.2982593976
 12/11  09:00:00,42.2896568229,34.4937174363
 12/11  10:00:00,59.8461755072,4.98220950867
 12/11  11:00:00,60.52335133,2.28569351919
 12/11  12:00:00,61.758123795100005,0.129629395743
 12/11  13:00:00,63.0630708346,0.0
 12/11  14:00:00,65.8105512766,0.0
 12/11  15:00:00,68.9717584852,0.0
 12/11  16:00:00,70.5390844919,0.0
 12/11  17:00:00,69.53099364159999,0.0
 12/11  18:00:00,68.70179885350001,0.0
 12/11  19:00:00,56.492725195,0.0
 12/11  20:00:00,55.8039609885,0.0
 12/11  21:00:00,50.4670898029,0.0
 12/11  22:00:00,20.693606815,0.0
 12/11  23:00:00,12.569683660399999,0.0
 12/11  24:00:00,12.569683660399999,0.0
 12/12  01:00:00,12.569683660399999,0.0
 12/12  02:00:00,12.569683660399999,0.0
 12/12  03:00:00,12.569683660399999,0.0
 12/12  04:00:00,12.569683660399999,0.0
 12/12  05:00:00,12.569683660399999,0.0
 12/12  06:00:00,12.569683660399999,0.0
 12/12  07:00:00,27.7668192919,72.5595975655
 12/12  08:00:00,30.2845890079,56.829090541499994
 12/12  09:00:00,42.2507275752,26.184970277399998
 12/12  10:00:00,59.974885431400004,1.95474263595
 12/12  11:00:00,61.304772451400005,0.050857027970900005
 12/12  12:00:00,63.255604751999996,0.0
 12/12  13:00:00,68.10288853649999,0.0
 12/12  14:00:00,71.4581625494,0.0
 12/12  15:00:00,73.3815210617,0.0
 12/12  16:00:00,73.9076590557,0.0
 12/12  17:00:00,72.6074311352,0.0
 12/12  18:00:00,72.0638527427,0.0
 12/12  19:00:00,58.0716434288,0.0
 12/12  20:00:00,56.68091442520001,0.0
 12/12  21:00:00,51.063729122299996,0.0
 12/12  22:00:00,20.693606815,0.0
 12/12  23:00:00,12.569683660399999,0.0
 12/12  24:00:00,12.569683660399999,0.0
 12/13  01:00:00,12.569683660399999,0.0
 12/13  02:00:00,12.569683660399999,0.0
 12/13  03:00:00,12.569683660399999,0.0
 12/13  04:00:00,12.569683660399999,0.0
 12/13  05:00:00,12.569683660399999,0.0
 12/13  06:00:00,12.569683660399999,0.0
 12/13  07:00:00,27.2526653082,6.86106448231
 12/13  08:00:00,29.865921796,0.48060145653399994
 12/13  09:00:00,42.161652815100005,0.0
 12/13  10:00:00,60.0165246393,0.0
 12/13  11:00:00,60.3147012774,0.0
 12/13  12:00:00,60.5848272533,0.0
 12/13  13:00:00,62.8654135768,0.0
 12/13  14:00:00,68.2086907459,0.0
 12/13  15:00:00,70.5718321205,0.0
 12/13  16:00:00,72.34933082270001,0.0
 12/13  17:00:00,70.8411602053,0.0
 12/13  18:00:00,71.1778720529,0.0
 12/13  19:00:00,58.5885852314,0.0
 12/13  20:00:00,56.209509103500004,0.0
 12/13  21:00:00,50.9722474066,0.0
 12/13  22:00:00,20.693606815,0.0
 12/13  23:00:00,12.569683660399999,0.0
 12/13  24:00:00,12.569683660399999,0.0
 12/14  01:00:00,12.569683660399999,0.0
 12/14  02:00:00,12.569683660399999,0.0
 12/14  03:00:00,12.569683660399999,0.0
 12/14  04:00:00,12.569683660399999,0.0
 12/14  05:00:00,12.569683660399999,0.0
 12/14  06:00:00,12.569683660399999,0.0
 12/14  07:00:00,27.254841585,0.0
 12/14  08:00:00,29.8959520605,0.20684272350000002
 12/14  09:00:00,42.164059257699996,0.0
 12/14  10:00:00,59.9044067259,0.0
 12/14  11:00:00,60.099106016,0.0
 12/14  12:00:00,60.358119180900005,0.0
 12/14  13:00:00,60.7892677775,0.0
 12/14  14:00:00,60.4573102222,0.0
 12/14  15:00:00,60.2137447879,0.0
 12/14  16:00:00,60.233170441999995,0.0
 12/14  17:00:00,60.206686801800004,0.0
 12/14  18:00:00,64.2330600141,0.0
 12/14  19:00:00,55.5198112213,0.0
 12/14  20:00:00,55.4446742659,0.0
 12/14  21:00:00,50.427652815100004,0.0
 12/14  22:00:00,20.693606815,0.0
 12/14  23:00:00,12.569683660399999,0.0
 12/14  24:00:00,12.569683660399999,0.0
 12/15  01:00:00,12.569683660399999,0.0
 12/15  02:00:00,12.569683660399999,0.0
 12/15  03:00:00,12.569683660399999,0.0
 12/15  04:00:00,12.569683660399999,0.0
 12/15  05:00:00,12.569683660399999,0.0
 12/15  06:00:00,12.569683660399999,0.0
 12/15  07:00:00,27.6564532489,33.2634223586
 12/15  08:00:00,31.5915906617,24.1696362453
 12/15  09:00:00,42.471955294299995,15.9957962503
 12/15  10:00:00,60.072406717700005,3.01208109743
 12/15  11:00:00,60.057277640500004,2.40854688744
 12/15  12:00:00,60.0172479777,2.29927432792
 12/15  13:00:00,60.015565188800004,2.06788079218
 12/15  14:00:00,60.0149604808,1.95578953708
 12/15  15:00:00,60.0234640491,2.21447460326
 12/15  16:00:00,60.031635236499994,2.1912494657700003
 12/15  17:00:00,60.0665429878,2.81851952435
 12/15  18:00:00,64.2575296405,5.519296628709999
 12/15  19:00:00,55.7797878379,13.858195343599998
 12/15  20:00:00,55.832740342799994,22.338286824
 12/15  21:00:00,50.8525963939,28.0086650969
 12/15  22:00:00,20.693606815,0.0
 12/15  23:00:00,12.569683660399999,0.0
 12/15  24:00:00,12.569683660399999,0.0
 12/16  01:00:00,11.9712926821,0.0
 12/16  02:00:00,11.9712926821,0.0
 12/16  03:00:00,11.9712926821,0.0
 12/16  04:00:00,11.9712926821,0.0
 12/16  05:00:00,11.9712926821,0.0
 12/16  06:00:00,11.9712926821,0.0
 12/16  07:00:00,27.734593659699996,100.418701041
 12/16  08:00:00,27.086783068899997,77.48773697979999
 12/16  09:00:00,32.9179708889,68.3851275645
 12/16  10:00:00,47.877666589200004,52.1024727823
 12/16  11:00:00,60.4532161309,40.554550224
 12/16  12:00:00,60.3646338879,29.645888441999997
 12/16  13:00:00,60.316528847600004,24.3382029132
 12/16  14:00:00,60.2754434184,19.5742231353
 12/16  15:00:00,60.2373701819,14.7927738999
 12/16  16:00:00,60.21843492359999,11.8302936772
 12/16  17:00:00,60.218145609,10.492223304500001
 12/16  18:00:00,64.3939853531,16.476609978800003
 12/16  19:00:00,50.948304818100006,35.3267292498
 12/16  20:00:00,40.956373040100004,41.8434291632
 12/16  21:00:00,40.9757421227,43.5188684774
 12/16  22:00:00,30.9763679725,51.065094315
 12/16  23:00:00,11.9712926821,0.0
 12/16  24:00:00,11.9712926821,0.0
 12/17  01:00:00,11.9712926821,0.0
 12/17  02:00:00,11.9712926821,0.0
 12/17  03:00:00,11.9712926821,0.0
 12/17  04:00:00,11.9712926821,0.0
 12/17  05:00:00,11.9712926821,0.0
 12/17  06:00:00,11.9712926821,0.0
 12/17  07:00:00,11.9712926821,0.0
 12/17  08:00:00,7.8382926821000005,0.0
 12/17  09:00:00,23.236518422899998,118.80593962299999
 12/17  10:00:00,22.789014113,96.10903384
 12/17  11:00:00,37.5105517206,81.1580763355
 12/17  12:00:00,37.255466798600004,71.6410818296
 12/17  13:00:00,47.1786742659,50.034331431400005
 12/17  14:00:00,47.1786742659,38.0032721783
 12/17  15:00:00,47.1786742659,32.7983438465
 12/17  16:00:00,47.1786742659,30.147820830700002
 12/17  17:00:00,47.1786742659,32.0845696723
 12/17  18:00:00,41.2776313643,63.9203224853
 12/17  19:00:00,35.4472612913,85.7763966008
 12/17  20:00:00,11.9712926821,0.0
 12/17  21:00:00,11.9712926821,0.0
 12/17  22:00:00,11.9712926821,0.0
 12/17  23:00:00,11.9712926821,0.0
 12/17  24:00:00,11.9712926821,0.0
 12/18  01:00:00,12.569683660399999,0.0
 12/18  02:00:00,12.569683660399999,0.0
 12/18  03:00:00,12.569683660399999,0.0
 12/18  04:00:00,12.569683660399999,0.0
 12/18  05:00:00,12.579635814500001,0.0
 12/18  06:00:00,12.6970014101,1.40348303197
 12/18  07:00:00,29.0137054291,204.61112934
 12/18  08:00:00,32.6117260862,167.918215419
 12/18  09:00:00,43.020461778000005,138.299003816
 12/18  10:00:00,60.2565563192,98.3142713551
 12/18  11:00:00,59.9046867811,69.3020744305
 12/18  12:00:00,59.836174704899996,42.0716844684
 12/18  13:00:00,59.836174704899996,25.5391173663
 12/18  14:00:00,59.8728977769,12.8560333502
 12/18  15:00:00,60.070942701199996,8.39298313551
 12/18  16:00:00,60.116535998,6.95860248365
 12/18  17:00:00,60.056507743100006,6.1344846446300005
 12/18  18:00:00,63.97864613350001,13.5047941314
 12/18  19:00:00,55.4446742659,41.1029777856
 12/18  20:00:00,55.5646919269,62.2792677765
 12/18  21:00:00,50.72202523520001,77.6022109425
 12/18  22:00:00,20.693606815,0.0
 12/18  23:00:00,12.569683660399999,0.0
 12/18  24:00:00,12.569683660399999,0.0
 12/19  01:00:00,12.569683660399999,0.0
 12/19  02:00:00,12.569683660399999,0.0
 12/19  03:00:00,12.569683660399999,0.0
 12/19  04:00:00,12.569683660399999,0.0
 12/19  05:00:00,12.642640954500001,2.05239129733
 12/19  06:00:00,12.7023489359,3.7320607923
 12/19  07:00:00,28.997683756700003,218.773044731
 12/19  08:00:00,32.6519355794,187.07753388400002
 12/19  09:00:00,43.00907301310001,147.880562003
 12/19  10:00:00,60.1266238062,92.0652360341
 12/19  11:00:00,59.840934431,55.5681001087
 12/19  12:00:00,59.836174704899996,26.2592483194
 12/19  13:00:00,59.9150635854,12.6686480752
 12/19  14:00:00,60.339658318199994,9.345826702310001
 12/19  15:00:00,60.7449251924,6.7892293624199995
 12/19  16:00:00,61.0704214637,4.61143377032
 12/19  17:00:00,61.0289182463,3.34212647494
 12/19  18:00:00,64.468953325,3.3776371569
 12/19  19:00:00,55.465647410900004,13.145516076600002
 12/19  20:00:00,55.4446742659,42.596913658000005
 12/19  21:00:00,50.4504287409,55.2351880876
 12/19  22:00:00,20.693606815,0.0
 12/19  23:00:00,12.569683660399999,0.0
 12/19  24:00:00,12.569683660399999,0.0
 12/20  01:00:00,12.569683660399999,0.0
 12/20  02:00:00,12.569683660399999,0.0
 12/20  03:00:00,12.569683660399999,0.0
 12/20  04:00:00,12.569683660399999,0.0
 12/20  05:00:00,12.569683660399999,0.0
 12/20  06:00:00,12.569683660399999,0.0
 12/20  07:00:00,28.6695635727,190.949793243
 12/20  08:00:00,32.3902015177,159.294766869
 12/20  09:00:00,42.82684674,120.46015764299999
 12/20  10:00:00,60.0011196392,64.8054028416
 12/20  11:00:00,59.844634184600004,38.6783034354
 12/20  12:00:00,59.836174704899996,15.073808509300001
 12/20  13:00:00,59.8411579003,8.81706745344
 12/20  14:00:00,59.9882745953,6.1700869448599995
 12/20  15:00:00,60.0130144124,4.272076956459999
 12/20  16:00:00,60.037875414700004,2.93500598853
 12/20  17:00:00,59.8561387624,3.74527534944
 12/20  18:00:00,63.9691747049,6.676738057790001
 12/20  19:00:00,55.5666048793,26.9060849408
 12/20  20:00:00,55.747540055200005,46.253783874700005
 12/20  21:00:00,50.8324268524,58.1074998632
 12/20  22:00:00,20.693606815,0.0
 12/20  23:00:00,12.569683660399999,0.0
 12/20  24:00:00,12.569683660399999,0.0
 12/21  01:00:00,12.569683660399999,0.0
 12/21  02:00:00,12.569683660399999,0.0
 12/21  03:00:00,12.569683660399999,0.0
 12/21  04:00:00,12.569683660399999,0.0
 12/21  05:00:00,12.569683660399999,0.0
 12/21  06:00:00,12.569683660399999,0.0
 12/21  07:00:00,28.313405117,120.847033473
 12/21  08:00:00,32.080862541100004,91.56259529290001
 12/21  09:00:00,42.800570540500004,72.2022429473
 12/21  10:00:00,60.0743074161,39.9338901562
 12/21  11:00:00,59.84442088189999,22.1341583723
 12/21  12:00:00,59.836174704899996,8.08894602795
 12/21  13:00:00,59.929366908199995,5.84018621122
 12/21  14:00:00,60.3530968134,3.5713445910900004
 12/21  15:00:00,60.7997188055,1.5933761138999998
 12/21  16:00:00,60.928244551400006,0.21954120231
 12/21  17:00:00,60.7136690733,0.0
 12/21  18:00:00,64.32142480520001,0.0
 12/21  19:00:00,55.4956619668,1.10928573817
 12/21  20:00:00,55.4446742659,1.9746947434200002
 12/21  21:00:00,50.427652815100004,2.90929510162
 12/21  22:00:00,20.693606815,0.0
 12/21  23:00:00,12.569683660399999,0.0
 12/21  24:00:00,12.569683660399999,0.0
 12/22  01:00:00,12.569683660399999,0.0
 12/22  02:00:00,12.569683660399999,0.0
 12/22  03:00:00,12.569683660399999,0.0
 12/22  04:00:00,12.569683660399999,0.0
 12/22  05:00:00,12.569683660399999,0.0
 12/22  06:00:00,12.569683660399999,0.0
 12/22  07:00:00,27.8009882373,78.26924621970001
 12/22  08:00:00,31.723808470999998,61.2045701826
 12/22  09:00:00,42.5882496805,50.646915141099996
 12/22  10:00:00,60.1473360751,31.794520659
 12/22  11:00:00,60.0595455921,23.8470413792
 12/22  12:00:00,59.9592416992,12.9513575448
 12/22  13:00:00,59.9174737283,6.5637795658
 12/22  14:00:00,59.8627737116,3.91811220015
 12/22  15:00:00,59.837516651,2.63576707176
 12/22  16:00:00,59.836174704899996,1.5106123010299999
 12/22  17:00:00,59.836174704899996,0.741887790702
 12/22  18:00:00,63.97677863649999,0.70397741072
 12/22  19:00:00,55.528347869799994,1.72776696482
 12/22  20:00:00,55.5998454868,3.4216050218799996
 12/22  21:00:00,50.610000113699996,7.374203297439999
 12/22  22:00:00,20.693606815,0.0
 12/22  23:00:00,12.569683660399999,0.0
 12/22  24:00:00,12.569683660399999,0.0
 12/23  01:00:00,11.9712926821,0.0
 12/23  02:00:00,11.9712926821,0.0
 12/23  03:00:00,11.9712926821,0.0
 12/23  04:00:00,11.9712926821,0.0
 12/23  05:00:00,11.9712926821,0.0
 12/23  06:00:00,11.9712926821,0.0
 12/23  07:00:00,27.272170411100003,60.1853618663
 12/23  08:00:00,26.720692773699998,43.11446488359999
 12/23  09:00:00,32.5643916769,34.7483594996
 12/23  10:00:00,47.520488076599996,19.0418035608
 12/23  11:00:00,60.0703669241,7.381822545539999
 12/23  12:00:00,59.9131543235,3.09496087426
 12/23  13:00:00,59.9659015891,1.08150957304
 12/23  14:00:00,61.0304049146,0.0
 12/23  15:00:00,61.970557014899995,0.0
 12/23  16:00:00,63.1697566813,0.0
 12/23  17:00:00,62.749489484099996,0.0
 12/23  18:00:00,64.6903136248,0.0
 12/23  19:00:00,50.454823753199996,0.0
 12/23  20:00:00,40.3936099135,0.635094123466
 12/23  21:00:00,40.3936099135,7.960881605549999
 12/23  22:00:00,30.386274046300002,23.7089522293
 12/23  23:00:00,11.9712926821,0.0
 12/23  24:00:00,11.9712926821,0.0
 12/24  01:00:00,11.9712926821,0.0
 12/24  02:00:00,11.9712926821,0.0
 12/24  03:00:00,11.9712926821,0.0
 12/24  04:00:00,11.9712926821,0.0
 12/24  05:00:00,11.9712926821,0.0
 12/24  06:00:00,11.9712926821,0.0
 12/24  07:00:00,11.9712926821,0.0
 12/24  08:00:00,7.8382926821000005,0.0
 12/24  09:00:00,22.370118954299997,34.5347074272
 12/24  10:00:00,22.207013605300002,10.3592436868
 12/24  11:00:00,37.156199812,3.30740185755
 12/24  12:00:00,37.1446313643,1.88724862623
 12/24  13:00:00,47.1786742659,0.429021546084
 12/24  14:00:00,47.21818475520001,1.3910604615
 12/24  15:00:00,47.284852012200005,2.4787254387599997
 12/24  16:00:00,47.2838940499,2.3099429897099997
 12/24  17:00:00,47.2566572729,1.85849347004
 12/24  18:00:00,41.2957396092,12.5681355652
 12/24  19:00:00,35.5066411085,35.038236182
 12/24  20:00:00,11.9712926821,0.0
 12/24  21:00:00,11.9712926821,0.0
 12/24  22:00:00,11.9712926821,0.0
 12/24  23:00:00,11.9712926821,0.0
 12/24  24:00:00,11.9712926821,0.0
 12/25  01:00:00,11.9712926821,0.0
 12/25  02:00:00,11.9712926821,0.0
 12/25  03:00:00,11.9712926821,0.0
 12/25  04:00:00,11.9712926821,0.0
 12/25  05:00:00,11.9712926821,0.0
 12/25  06:00:00,11.9712926821,0.0
 12/25  07:00:00,11.9712926821,0.0
 12/25  08:00:00,7.8382926821000005,0.0
 12/25  09:00:00,22.989433348400002,119.514274913
 12/25  10:00:00,22.45085892,82.57781658399999
 12/25  11:00:00,37.1908901023,56.8288675603
 12/25  12:00:00,37.1446313643,39.1559242065
 12/25  13:00:00,47.1786742659,15.8253176231
 12/25  14:00:00,47.293074088000004,5.44775724893
 12/25  15:00:00,47.5356040618,3.56956747198
 12/25  16:00:00,47.6265634127,2.54136348572
 12/25  17:00:00,47.4763027032,2.26335473336
 12/25  18:00:00,41.2776313643,8.84810609298
 12/25  19:00:00,35.3765884627,26.4367368062
 12/25  20:00:00,11.9712926821,0.0
 12/25  21:00:00,11.9712926821,0.0
 12/25  22:00:00,11.9712926821,0.0
 12/25  23:00:00,11.9712926821,0.0
 12/25  24:00:00,11.9712926821,0.0
 12/26  01:00:00,12.569683660399999,0.0
 12/26  02:00:00,12.569683660399999,0.0
 12/26  03:00:00,12.569683660399999,0.0
 12/26  04:00:00,12.569683660399999,0.0
 12/26  05:00:00,12.569683660399999,0.0
 12/26  06:00:00,12.569683660399999,0.0
 12/26  07:00:00,28.2289974317,134.120186855
 12/26  08:00:00,32.0474960517,111.60948098200001
 12/26  09:00:00,42.6247442283,92.10509919540002
 12/26  10:00:00,59.9095659574,56.2436724318
 12/26  11:00:00,59.836174704899996,37.703086104
 12/26  12:00:00,59.836174704899996,19.3879097699
 12/26  13:00:00,60.146128429099996,7.285658154989999
 12/26  14:00:00,60.7245101206,4.5268058496300005
 12/26  15:00:00,61.207731011199996,2.55693374694
 12/26  16:00:00,61.6188777215,0.8274950417620001
 12/26  17:00:00,61.483025686000005,0.16377278424900002
 12/26  18:00:00,64.6206787079,1.4871197016
 12/26  19:00:00,55.4799150566,6.074446205269999
 12/26  20:00:00,55.4446742659,28.3661176989
 12/26  21:00:00,50.427652815100004,44.2113154997
 12/26  22:00:00,20.693606815,0.0
 12/26  23:00:00,12.569683660399999,0.0
 12/26  24:00:00,12.569683660399999,0.0
 12/27  01:00:00,12.569683660399999,0.0
 12/27  02:00:00,12.569683660399999,0.0
 12/27  03:00:00,12.569683660399999,0.0
 12/27  04:00:00,12.569683660399999,0.0
 12/27  05:00:00,12.569683660399999,0.0
 12/27  06:00:00,12.569683660399999,0.0
 12/27  07:00:00,28.5960909047,183.34765827900003
 12/27  08:00:00,32.355379372,155.817782297
 12/27  09:00:00,42.8169868162,124.595272575
 12/27  10:00:00,59.96313741350001,73.0484882491
 12/27  11:00:00,59.836174704899996,39.7652732275
 12/27  12:00:00,59.9628710977,12.3019308877
 12/27  13:00:00,60.636448683299996,7.043310158180001
 12/27  14:00:00,61.3491705212,3.91010554061
 12/27  15:00:00,61.378467193199995,1.5389387748899999
 12/27  16:00:00,62.0019069908,0.123151279881
 12/27  17:00:00,61.3180577666,0.0
 12/27  18:00:00,64.331407282,1.8471093892
 12/27  19:00:00,55.4446742659,7.15643588006
 12/27  20:00:00,55.4446742659,27.386721946199998
 12/27  21:00:00,50.437378751400004,42.80880604
 12/27  22:00:00,20.693606815,0.0
 12/27  23:00:00,12.569683660399999,0.0
 12/27  24:00:00,12.569683660399999,0.0
 12/28  01:00:00,12.569683660399999,0.0
 12/28  02:00:00,12.569683660399999,0.0
 12/28  03:00:00,12.569683660399999,0.0
 12/28  04:00:00,12.569683660399999,0.0
 12/28  05:00:00,12.569683660399999,0.0
 12/28  06:00:00,12.569683660399999,0.0
 12/28  07:00:00,28.4613708036,159.73406555399998
 12/28  08:00:00,32.2294026996,133.073010509
 12/28  09:00:00,42.701256479499996,100.10412214799999
 12/28  10:00:00,59.922949396199996,46.934319502700006
 12/28  11:00:00,59.836174704899996,17.8854789657
 12/28  12:00:00,59.8691928741,8.05353241343
 12/28  13:00:00,60.3281344171,5.64525264962
 12/28  14:00:00,60.8110836642,3.22519819703
 12/28  15:00:00,61.1614171199,1.0652047428799998
 12/28  16:00:00,61.1772384062,0.0
 12/28  17:00:00,60.9307735543,0.0
 12/28  18:00:00,64.39028782529999,0.0528896295132
 12/28  19:00:00,55.47077039,1.6654895381600001
 12/28  20:00:00,55.4446742659,2.44005173942
 12/28  21:00:00,50.427652815100004,2.0570702384
 12/28  22:00:00,20.693606815,0.0
 12/28  23:00:00,12.569683660399999,0.0
 12/28  24:00:00,12.569683660399999,0.0
 12/29  01:00:00,12.569683660399999,0.0
 12/29  02:00:00,12.569683660399999,0.0
 12/29  03:00:00,12.569683660399999,0.0
 12/29  04:00:00,12.569683660399999,0.0
 12/29  05:00:00,12.569683660399999,0.0
 12/29  06:00:00,12.569683660399999,0.0
 12/29  07:00:00,27.7284803221,66.1434930348
 12/29  08:00:00,31.6559617871,49.816685828100006
 12/29  09:00:00,42.483045318,39.8356532569
 12/29  10:00:00,59.8887086079,15.5638596844
 12/29  11:00:00,59.836174704899996,4.14228883224
 12/29  12:00:00,60.1925255061,1.44836470255
 12/29  13:00:00,61.0594372712,0.0087654745233
 12/29  14:00:00,61.2443508922,0.0
 12/29  15:00:00,62.278134044,0.0
 12/29  16:00:00,64.1135588277,0.0
 12/29  17:00:00,62.9301279526,0.0
 12/29  18:00:00,63.488464666999995,0.0
 12/29  19:00:00,55.821616801000005,0.0
 12/29  20:00:00,55.6175629752,0.0
 12/29  21:00:00,50.4529793217,0.0
 12/29  22:00:00,20.693606815,0.0
 12/29  23:00:00,12.569683660399999,0.0
 12/29  24:00:00,12.569683660399999,0.0
 12/30  01:00:00,11.9712926821,0.0
 12/30  02:00:00,11.9712926821,0.0
 12/30  03:00:00,11.9712926821,0.0
 12/30  04:00:00,11.9712926821,0.0
 12/30  05:00:00,11.9712926821,0.0
 12/30  06:00:00,11.9712926821,0.0
 12/30  07:00:00,26.840494598499998,27.130578227199997
 12/30  08:00:00,26.406135012600004,18.6405383536
 12/30  09:00:00,32.2841607508,12.902807539600001
 12/30  10:00:00,47.2086239606,1.38178817821
 12/30  11:00:00,59.836174704899996,0.0376503804641
 12/30  12:00:00,59.836174704899996,0.0
 12/30  13:00:00,59.836174704899996,0.0
 12/30  14:00:00,59.836174704899996,0.0
 12/30  15:00:00,59.933850811800006,0.0
 12/30  16:00:00,60.0980904809,0.0
 12/30  17:00:00,59.9065221108,0.0
 12/30  18:00:00,62.5915080382,0.0
 12/30  19:00:00,50.4667979758,0.475575100226
 12/30  20:00:00,40.5486770182,11.3658219354
 12/30  21:00:00,40.6301338007,19.5907942298
 12/30  22:00:00,30.678664256599998,32.5884761582
 12/30  23:00:00,11.9712926821,0.0
 12/30  24:00:00,11.9712926821,0.0
 12/31  01:00:00,11.9712926821,0.0
 12/31  02:00:00,11.9712926821,0.0
 12/31  03:00:00,11.9712926821,0.0
 12/31  04:00:00,11.9712926821,0.0
 12/31  05:00:00,11.9712926821,0.0
 12/31  06:00:00,11.9712926821,0.0
 12/31  07:00:00,11.9712926821,0.0
 12/31  08:00:00,7.8382926821000005,0.0
 12/31  09:00:00,23.0233181153,94.46281865190001
 12/31  10:00:00,22.8309130193,73.8451449692
 12/31  11:00:00,37.8015836171,62.533433913
 12/31  12:00:00,37.7778415948,61.827194882700006
 12/31  13:00:00,47.7759520603,53.988015581400006
 12/31  14:00:00,47.771775603900004,52.874920324799994
 12/31  15:00:00,47.7450760742,49.5797009228
 12/31  16:00:00,47.7458526527,47.434115358599996
 12/31  17:00:00,47.7405220571,44.7539335834
 12/31  18:00:00,40.274736939899995,61.815089003900006
 12/31  19:00:00,35.7984682092,69.42585187
 12/31  20:00:00,11.9712926821,0.0
 12/31  21:00:00,11.9712926821,0.0
 12/31  22:00:00,11.9712926821,0.0
 12/31  23:00:00,11.9712926821,0.0
 12/31  24:00:00,11.9712926821,0.0
 01/01  01:00:00,11.9712926821,0.0
 01/01  02:00:00,11.9712926821,0.0
 01/01  03:00:00,11.9712926821,0.0
 01/01  04:00:00,11.9712926821,0.0
 01/01  05:00:00,11.9712926821,0.0
 01/01  06:00:00,11.9712926821,0.0
 01/01  07:00:00,11.9712926821,0.0
 01/01  08:00:00,7.8382926821000005,0.0
 01/01  09:00:00,23.1181666676,92.4259867517
 01/01  10:00:00,22.8205118186,62.597217666999995
 01/01  11:00:00,37.7269061295,43.768536593
 01/01  12:00:00,37.6430068308,35.6024286096
 01/01  13:00:00,47.590140725299996,21.2646191411
 01/01  14:00:00,47.5348932356,14.935918568900002
 01/01  15:00:00,47.4755097202,7.70800993729
 01/01  16:00:00,47.4359509795,5.527260093220001
 01/01  17:00:00,47.427392261499996,4.71520985149
 01/01  18:00:00,40.0935498096,11.3486811148
 01/01  19:00:00,35.6038889908,19.8411009114
 01/01  20:00:00,11.9712926821,0.0
 01/01  21:00:00,11.9712926821,0.0
 01/01  22:00:00,11.9712926821,0.0
 01/01  23:00:00,11.9712926821,0.0
 01/01  24:00:00,11.9712926821,0.0
