Date/Time,Electricity:Facility [kW](Hourly),Gas:Facility [kW](Hourly)
 01/01  01:00:00,57.2687325476,24.5337411923
 01/01  02:00:00,58.3428477991,40.2062078018
 01/01  03:00:00,58.7357633887,50.733960109099996
 01/01  04:00:00,58.394688566499994,43.7160141409
 01/01  05:00:00,58.880327316099994,51.1010865767
 01/01  06:00:00,58.233099103,39.0408745174
 01/01  07:00:00,58.9162680847,52.6896843291
 01/01  08:00:00,56.0528002911,25.0290763714
 01/01  09:00:00,48.910439716999996,25.9618629944
 01/01  10:00:00,48.2760610263,15.5666900659
 01/01  11:00:00,47.924220876199996,13.0513593952
 01/01  12:00:00,48.3272293117,8.8693983402
 01/01  13:00:00,46.8904021708,3.22568
 01/01  14:00:00,46.9336437599,6.09057329276
 01/01  15:00:00,46.950399931899994,3.22568
 01/01  16:00:00,46.9394678217,6.08875737023
 01/01  17:00:00,49.7010959394,3.22568
 01/01  18:00:00,55.4142919296,6.0888072715999995
 01/01  19:00:00,55.4111393084,3.22568
 01/01  20:00:00,56.520238175,9.66663849566
 01/01  21:00:00,56.6211489969,7.59651682845
 01/01  22:00:00,57.018916490600006,18.957823815799998
 01/01  23:00:00,56.8488838971,18.0288120283
 01/01  24:00:00,58.787430427299995,33.711301453000004
 01/02  01:00:00,57.98275797189999,38.902690348600004
 01/02  02:00:00,58.53035062520001,48.6978488578
 01/02  03:00:00,58.3469274071,46.0914566321
 01/02  04:00:00,58.9442335046,57.3327959334
 01/02  05:00:00,58.3538425926,45.6172732171
 01/02  06:00:00,59.1444945465,54.448956972
 01/02  07:00:00,66.2588939784,835.996833611
 01/02  08:00:00,128.635103048,429.26276137900004
 01/02  09:00:00,166.40923806700002,344.495283752
 01/02  10:00:00,166.389138975,308.805903208
 01/02  11:00:00,170.373793231,294.015583635
 01/02  12:00:00,171.11645179,262.018979867
 01/02  13:00:00,170.31611661600002,255.70400394900003
 01/02  14:00:00,166.332722904,251.305113863
 01/02  15:00:00,166.332547125,243.327990852
 01/02  16:00:00,164.309185472,235.505325648
 01/02  17:00:00,167.05483499,215.452880911
 01/02  18:00:00,129.567905066,247.96954507200002
 01/02  19:00:00,129.577998386,272.134235902
 01/02  20:00:00,129.800905752,280.968155944
 01/02  21:00:00,129.792034183,289.491353445
 01/02  22:00:00,55.458504766000004,11.866445306400001
 01/02  23:00:00,55.3520194892,6.09674481337
 01/02  24:00:00,56.1454598183,8.67882588776
 01/03  01:00:00,55.3811338433,3.5085026190199997
 01/03  02:00:00,55.3790955552,6.090441845140001
 01/03  03:00:00,55.3739225246,6.090459001569999
 01/03  04:00:00,56.3817697826,3.8957437710500002
 01/03  05:00:00,57.4416600168,6.91986982572
 01/03  06:00:00,57.943698848900006,7.85141747082
 01/03  07:00:00,66.35227298640001,557.780880139
 01/03  08:00:00,128.501284185,441.04441445699996
 01/03  09:00:00,166.381705781,369.30868759300006
 01/03  10:00:00,166.384104425,350.26718414199996
 01/03  11:00:00,170.37154343,345.253985787
 01/03  12:00:00,171.12061066299998,310.79755857099997
 01/03  13:00:00,170.350245495,302.155017611
 01/03  14:00:00,166.363661865,301.879956558
 01/03  15:00:00,166.358291831,295.681400066
 01/03  16:00:00,164.33656569,289.061847921
 01/03  17:00:00,167.12312087,305.84734253700003
 01/03  18:00:00,129.61449337,360.85292694599997
 01/03  19:00:00,129.627938177,380.49522444
 01/03  20:00:00,129.64019671399998,393.737539916
 01/03  21:00:00,129.64886978200002,401.84212122
 01/03  22:00:00,55.2701832396,9.961877702739999
 01/03  23:00:00,55.3251311992,8.967836030379999
 01/03  24:00:00,57.138847508699996,7.049702706830001
 01/04  01:00:00,56.7111137195,4.985613022280001
 01/04  02:00:00,57.0515051427,9.433069676
 01/04  03:00:00,57.7980013082,26.6186786327
 01/04  04:00:00,58.923533344700004,46.7826162112
 01/04  05:00:00,59.7031422156,76.6504355962
 01/04  06:00:00,59.5526153821,82.0183150641
 01/04  07:00:00,66.3782159006,810.359304991
 01/04  08:00:00,129.242107529,628.671912054
 01/04  09:00:00,166.537109926,510.482688775
 01/04  10:00:00,166.429849915,447.087504402
 01/04  11:00:00,170.369286767,384.23652637199996
 01/04  12:00:00,171.110709336,330.496971529
 01/04  13:00:00,170.336454156,314.796456482
 01/04  14:00:00,166.349687292,304.530637491
 01/04  15:00:00,166.346117007,287.300020416
 01/04  16:00:00,164.325892367,282.429199101
 01/04  17:00:00,167.10652465200002,298.55499181700003
 01/04  18:00:00,129.597824403,346.68442804
 01/04  19:00:00,129.614623969,371.20968942400003
 01/04  20:00:00,129.84267347,385.900320761
 01/04  21:00:00,129.837961514,392.54498505199996
 01/04  22:00:00,55.4201377512,11.8655799073
 01/04  23:00:00,55.317845732399995,6.09656242102
 01/04  24:00:00,56.4594951465,6.3936722263100005
 01/05  01:00:00,57.0434988084,7.69010333868
 01/05  02:00:00,56.710365670200005,7.89322565577
 01/05  03:00:00,57.0464354994,6.412708127030001
 01/05  04:00:00,57.2380922853,18.9774464509
 01/05  05:00:00,59.1570441177,39.7196692668
 01/05  06:00:00,59.144330553100005,48.5671638218
 01/05  07:00:00,66.2831529145,700.877551701
 01/05  08:00:00,128.740784342,503.556032698
 01/05  09:00:00,166.43909016799998,418.25132553300006
 01/05  10:00:00,166.387945871,376.773953001
 01/05  11:00:00,170.354347182,335.928658417
 01/05  12:00:00,171.103568652,290.73660210099996
 01/05  13:00:00,170.336053415,268.514387362
 01/05  14:00:00,166.361800951,262.662779415
 01/05  15:00:00,166.344219945,257.312837081
 01/05  16:00:00,164.32228105,255.319127695
 01/05  17:00:00,167.08247171,255.52972436099998
 01/05  18:00:00,129.571166143,314.096727432
 01/05  19:00:00,129.593125612,350.16409073
 01/05  20:00:00,129.827753037,375.868091726
 01/05  21:00:00,129.82170932100001,379.480795716
 01/05  22:00:00,55.423853327799996,11.8661026973
 01/05  23:00:00,55.3239407054,8.96766385531
 01/05  24:00:00,57.1372495512,6.92902917142
 01/06  01:00:00,57.0482208017,5.4510424967999995
 01/06  02:00:00,57.0205622288,16.0111534232
 01/06  03:00:00,59.2535251905,54.120387934899995
 01/06  04:00:00,59.009723166899995,54.0551074118
 01/06  05:00:00,60.824890426,83.03753702430001
 01/06  06:00:00,60.053558246499996,81.748469629
 01/06  07:00:00,66.7239355762,808.183923084
 01/06  08:00:00,129.26079803,629.1333243519999
 01/06  09:00:00,166.52654132,499.213928286
 01/06  10:00:00,166.409369671,422.17176008900003
 01/06  11:00:00,170.361893174,363.365990608
 01/06  12:00:00,171.107413435,311.37036211599997
 01/06  13:00:00,170.333242776,285.369573723
 01/06  14:00:00,166.37416486,271.653861895
 01/06  15:00:00,166.459008838,256.288720683
 01/06  16:00:00,164.380717202,245.100777645
 01/06  17:00:00,167.074581289,232.881655975
 01/06  18:00:00,129.548106841,274.18736741099997
 01/06  19:00:00,129.563663115,301.46669429900004
 01/06  20:00:00,129.573100782,311.253331659
 01/06  21:00:00,129.572368279,304.059362302
 01/06  22:00:00,55.285549140200004,11.8667360879
 01/06  23:00:00,55.3360675604,6.09708339326
 01/06  24:00:00,56.140253736800005,6.094190208680001
 01/07  01:00:00,55.3807970275,6.08877960022
 01/07  02:00:00,55.3910574249,3.22568
 01/07  03:00:00,55.3974094974,6.08884968006
 01/07  04:00:00,55.3958174552,3.22568
 01/07  05:00:00,55.5917637972,6.08874938714
 01/07  06:00:00,55.5657934409,3.22568
 01/07  07:00:00,55.5884560353,3.22568
 01/07  08:00:00,54.105055305,6.08881981686
 01/07  09:00:00,46.960215250299996,3.22568
 01/07  10:00:00,46.964487320399996,6.0906342022899995
 01/07  11:00:00,46.9467604151,6.0906654246
 01/07  12:00:00,47.664471479,3.22568
 01/07  13:00:00,46.9193580694,6.090696599149999
 01/07  14:00:00,46.9545156093,3.22568
 01/07  15:00:00,46.9650319119,6.08888182112
 01/07  16:00:00,46.9506816751,3.22568
 01/07  17:00:00,48.279498944,6.088781754939999
 01/07  18:00:00,56.3805530596,3.6740253748100002
 01/07  19:00:00,56.431040428100005,6.646611485519999
 01/07  20:00:00,56.9806701118,4.18647972083
 01/07  21:00:00,57.3020419075,7.62956341719
 01/07  22:00:00,57.579949515200006,19.0978124337
 01/07  23:00:00,58.80754537600001,33.0273549663
 01/07  24:00:00,59.0431161096,34.6419078548
 01/08  01:00:00,59.624023281899994,52.0707544298
 01/08  02:00:00,58.9238413541,49.930912406000004
 01/08  03:00:00,59.6279288037,61.8989889921
 01/08  04:00:00,59.134695832,64.1044693305
 01/08  05:00:00,59.950176518,75.44762422609999
 01/08  06:00:00,59.339302858900005,75.09285112010001
 01/08  07:00:00,59.9567746358,87.80689614219999
 01/08  08:00:00,57.742866247399995,67.4122478059
 01/08  09:00:00,51.0393044543,77.2549381705
 01/08  10:00:00,48.282204665100004,21.5147804471
 01/08  11:00:00,49.433600302200006,31.922326133000002
 01/08  12:00:00,49.3967241438,23.382305016799997
 01/08  13:00:00,48.5755930854,14.8081212746
 01/08  14:00:00,48.2744374826,12.068636873800001
 01/08  15:00:00,48.571091716400005,9.7788499848
 01/08  16:00:00,48.221657158,9.222130609439999
 01/08  17:00:00,49.9446317034,14.8875069289
 01/08  18:00:00,57.992442689899995,33.089065557800005
 01/08  19:00:00,58.1932350688,38.5289883327
 01/08  20:00:00,58.070038756,36.433201604699995
 01/08  21:00:00,59.22315752229999,60.706793664399996
 01/08  22:00:00,59.1312434306,75.5595777964
 01/08  23:00:00,59.731931940200006,91.6447724815
 01/08  24:00:00,60.1520465055,99.61363127950001
 01/09  01:00:00,60.4961622047,111.95201029
 01/09  02:00:00,59.8279954263,116.036587064
 01/09  03:00:00,60.57197715939999,129.223471856
 01/09  04:00:00,60.2168707943,135.86105136
 01/09  05:00:00,60.7572703446,130.361092337
 01/09  06:00:00,60.4460784656,139.325831955
 01/09  07:00:00,66.37741753,851.642743548
 01/09  08:00:00,129.349043773,599.704713016
 01/09  09:00:00,166.536148755,477.609949547
 01/09  10:00:00,166.495380825,451.14152983300005
 01/09  11:00:00,170.43182481,418.711987844
 01/09  12:00:00,171.153355241,370.117410451
 01/09  13:00:00,170.373888089,342.759004885
 01/09  14:00:00,166.371986964,317.164078787
 01/09  15:00:00,166.35746616,301.208795843
 01/09  16:00:00,164.334086601,285.810454682
 01/09  17:00:00,165.69632639,303.547636683
 01/09  18:00:00,129.622758584,362.38623309800005
 01/09  19:00:00,129.640347223,388.441199948
 01/09  20:00:00,129.873266405,408.610690464
 01/09  21:00:00,129.877593485,428.541547404
 01/09  22:00:00,55.4132608134,8.987002779510002
 01/09  23:00:00,55.6520403817,9.327988863189999
 01/09  24:00:00,57.807715967600004,8.21215729057
 01/10  01:00:00,56.7110976258,9.86929575461
 01/10  02:00:00,58.9148392987,42.9519453937
 01/10  03:00:00,59.3578308604,67.6071710646
 01/10  04:00:00,59.344777551099995,74.8017039274
 01/10  05:00:00,60.661138478999995,101.8810615
 01/10  06:00:00,60.27164417109999,111.10019848700001
 01/10  07:00:00,66.7344873734,839.0859229539999
 01/10  08:00:00,129.281507154,606.532203118
 01/10  09:00:00,166.507695789,472.357463344
 01/10  10:00:00,166.402881461,408.92225351400003
 01/10  11:00:00,170.358661957,350.067421322
 01/10  12:00:00,171.104260156,298.64357725
 01/10  13:00:00,170.330915904,268.322437495
 01/10  14:00:00,166.349322001,257.343732073
 01/10  15:00:00,166.369059926,243.484622528
 01/10  16:00:00,164.326064954,228.802747495
 01/10  17:00:00,165.642652463,214.7279753
 01/10  18:00:00,129.538223095,242.19991820799999
 01/10  19:00:00,129.551991346,269.524497473
 01/10  20:00:00,129.544527859,269.557771721
 01/10  21:00:00,129.243337113,241.956200104
 01/10  22:00:00,55.307855251599996,11.8663163261
 01/10  23:00:00,55.35766682,6.09673198119
 01/10  24:00:00,56.165053740699996,6.09428119653
 01/11  01:00:00,55.4213439959,6.09059145319
 01/11  02:00:00,55.4323533471,6.09063620581
 01/11  03:00:00,55.431057425,3.22568
 01/11  04:00:00,55.4260399429,6.090680771869999
 01/11  05:00:00,55.6418884379,6.0907252082
 01/11  06:00:00,55.6326797825,3.22568
 01/11  07:00:00,64.2753444648,270.913834305
 01/11  08:00:00,127.28557078799999,219.703144012
 01/11  09:00:00,165.321361733,182.021812313
 01/11  10:00:00,165.31487163,159.582300315
 01/11  11:00:00,169.299712458,145.84023465200002
 01/11  12:00:00,170.00049075799998,114.574869395
 01/11  13:00:00,169.287448001,112.351703661
 01/11  14:00:00,165.30776066200002,108.097233854
 01/11  15:00:00,165.320094753,90.50640878780001
 01/11  16:00:00,163.31036310000002,71.4906024529
 01/11  17:00:00,164.599295711,45.7668045634
 01/11  18:00:00,128.47087969,53.6596111543
 01/11  19:00:00,128.508282312,114.369574194
 01/11  20:00:00,128.861839671,211.384933724
 01/11  21:00:00,129.013201431,236.361135642
 01/11  22:00:00,55.4933901551,11.867173131300001
 01/11  23:00:00,55.376899190100005,6.09687922924
 01/11  24:00:00,56.1593551725,8.96246176518
 01/12  01:00:00,55.4013725642,3.22568
 01/12  02:00:00,55.3997957908,6.09057466116
 01/12  03:00:00,55.3919275684,6.0906224058300005
 01/12  04:00:00,55.722083267200006,3.6678831870699997
 01/12  05:00:00,57.280140178,8.37684892019
 01/12  06:00:00,56.924174173999994,8.70678508355
 01/12  07:00:00,66.0382232199,630.17552936
 01/12  08:00:00,128.56206316,500.140964872
 01/12  09:00:00,166.406629353,438.024011935
 01/12  10:00:00,166.37997944399999,405.613358366
 01/12  11:00:00,170.353652314,373.460216011
 01/12  12:00:00,171.10281111,336.041004768
 01/12  13:00:00,170.327205456,322.55307958099996
 01/12  14:00:00,166.350908989,302.562309724
 01/12  15:00:00,166.371104573,284.074326403
 01/12  16:00:00,164.31873841200002,273.271650068
 01/12  17:00:00,165.656809305,276.189516927
 01/12  18:00:00,129.581338773,337.397341752
 01/12  19:00:00,129.60304916799998,369.827415236
 01/12  20:00:00,129.832134726,384.30709253
 01/12  21:00:00,129.829953447,392.72160538300005
 01/12  22:00:00,55.4199449277,8.98689776612
 01/12  23:00:00,55.3206775536,8.9678572562
 01/12  24:00:00,57.070785890299994,6.810304799169999
 01/13  01:00:00,57.0466753458,8.00574642495
 01/13  02:00:00,56.70950963600001,5.56637485459
 01/13  03:00:00,58.2880448782,36.3150472048
 01/13  04:00:00,58.2679664504,36.1786805805
 01/13  05:00:00,60.492554553699996,53.139411285600005
 01/13  06:00:00,59.873769278000005,55.6745247818
 01/13  07:00:00,66.65740248,729.0801696289999
 01/13  08:00:00,127.41271874600001,525.1026372680001
 01/13  09:00:00,166.45598055600001,430.412764332
 01/13  10:00:00,166.391192201,380.255809934
 01/13  11:00:00,170.359484412,341.369964753
 01/13  12:00:00,171.103863086,279.292989023
 01/13  13:00:00,170.336258492,260.025973345
 01/13  14:00:00,165.953418614,222.524729143
 01/13  15:00:00,165.616390315,191.167975527
 01/13  16:00:00,163.55705218,186.51539042299999
 01/13  17:00:00,164.875397682,167.90376714200002
 01/13  18:00:00,128.809177342,193.97805406700002
 01/13  19:00:00,128.855133764,215.72510646900002
 01/13  20:00:00,128.913194675,235.91112320099998
 01/13  21:00:00,128.902515733,229.756737978
 01/13  22:00:00,55.319846994799995,11.867338498399999
 01/13  23:00:00,55.373139843699995,6.09688433944
 01/13  24:00:00,56.1684785474,8.96247454368
 01/14  01:00:00,55.4229205025,3.22568
 01/14  02:00:00,55.425094997200006,3.22568
 01/14  03:00:00,55.4263220735,6.08886497901
 01/14  04:00:00,55.4284637717,3.22568
 01/14  05:00:00,55.633730496000005,6.088783952869999
 01/14  06:00:00,55.6127042765,3.22568
 01/14  07:00:00,55.625244171300004,6.08887511149
 01/14  08:00:00,52.7024078243,3.22568
 01/14  09:00:00,46.9881023015,6.088794215219999
 01/14  10:00:00,47.0036553041,3.22568
 01/14  11:00:00,46.995228763,6.0906009049000005
 01/14  12:00:00,47.6963973309,6.090654407430001
 01/14  13:00:00,46.97518521439999,3.22568
 01/14  14:00:00,47.009056368100005,6.08885242722
 01/14  15:00:00,47.0196427025,3.22568
 01/14  16:00:00,47.004334646800004,6.088771593500001
 01/14  17:00:00,48.3326763882,3.22568
 01/14  18:00:00,55.4743526822,3.22568
 01/14  19:00:00,55.4670169234,6.08886290097
 01/14  20:00:00,55.6766512029,3.22568
 01/14  21:00:00,55.6605818592,6.08878207766
 01/14  22:00:00,55.541587467700005,3.22568
 01/14  23:00:00,55.3826998676,6.08887337454
 01/14  24:00:00,56.11302324930001,3.22568
 01/15  01:00:00,55.3781002199,6.08879410349
 01/15  02:00:00,55.3760961683,3.22568
 01/15  03:00:00,55.37425711109999,3.22568
 01/15  04:00:00,56.268830366,6.8997812425100005
 01/15  05:00:00,56.593996015100004,4.2225934661
 01/15  06:00:00,56.573228668199995,7.1929352281
 01/15  07:00:00,56.9223144429,4.96110647182
 01/15  08:00:00,53.3258255522,6.71835677123
 01/15  09:00:00,47.0420448799,3.34531790213
 01/15  10:00:00,47.47674623060001,6.417414179600001
 01/15  11:00:00,46.966858313100005,6.09058826743
 01/15  12:00:00,47.682167368900004,3.22568
 01/15  13:00:00,46.964324179799995,6.090644601849999
 01/15  14:00:00,47.006999031199996,6.090700866240001
 01/15  15:00:00,47.0279509815,3.22568
 01/15  16:00:00,47.0168237577,6.088876653019999
 01/15  17:00:00,48.340337838800004,3.22568
 01/15  18:00:00,55.4641743071,6.0887982678100006
 01/15  19:00:00,55.4433557208,3.22568
 01/15  20:00:00,55.6497856021,3.22568
 01/15  21:00:00,55.63233841,6.088892179990001
 01/15  22:00:00,55.514924512700006,3.22568
 01/15  23:00:00,55.357359078,6.08881380276
 01/15  24:00:00,57.105826086,3.94767677954
 01/16  01:00:00,57.036812548,7.77788989347
 01/16  02:00:00,56.6979409281,5.03580757042
 01/16  03:00:00,57.0357742665,9.6201395977
 01/16  04:00:00,57.6599888606,21.561648432800002
 01/16  05:00:00,58.4889224911,29.19541527
 01/16  06:00:00,58.03225831979999,30.5952664681
 01/16  07:00:00,58.9050284262,39.2642425781
 01/16  08:00:00,54.8078667576,24.9283175561
 01/16  09:00:00,48.606177601599995,13.2902754405
 01/16  10:00:00,48.2812406216,7.3525893382800005
 01/16  11:00:00,47.941282206400004,8.08005660959
 01/16  12:00:00,47.6514241075,6.090685850850001
 01/16  13:00:00,46.9320445674,3.22568
 01/16  14:00:00,46.986601089,6.09074482113
 01/16  15:00:00,47.013408159399994,3.22568
 01/16  16:00:00,47.0081010314,6.08883986947
 01/16  17:00:00,46.9094078751,3.22568
 01/16  18:00:00,55.476071213000004,6.08876387439
 01/16  19:00:00,55.4678388045,3.22568
 01/16  20:00:00,55.6792782178,6.0888604190499995
 01/16  21:00:00,55.66476298,3.22568
 01/16  22:00:00,55.5441890236,6.08878443265
 01/16  23:00:00,55.3836183076,3.22568
 01/16  24:00:00,56.106588055100005,3.22568
 01/17  01:00:00,55.3849639151,6.09055878065
 01/17  02:00:00,55.402160566999996,6.09062088339
 01/17  03:00:00,55.408821922399994,3.22568
 01/17  04:00:00,55.417817213,6.090682780880001
 01/17  05:00:00,56.4929478778,6.09074452758
 01/17  06:00:00,56.3213884065,6.0905413382599995
 01/17  07:00:00,64.8307241934,420.253929529
 01/17  08:00:00,125.869978263,227.508611714
 01/17  09:00:00,165.281720894,178.11343142799998
 01/17  10:00:00,165.275429095,156.910250589
 01/17  11:00:00,169.294467027,169.97597442100002
 01/17  12:00:00,170.06021562200002,175.841483388
 01/17  13:00:00,169.344586692,173.86167467799999
 01/17  14:00:00,165.382834619,176.48370492
 01/17  15:00:00,165.362985708,153.256913208
 01/17  16:00:00,163.307701399,121.60421673100001
 01/17  17:00:00,163.186765414,97.3183718976
 01/17  18:00:00,128.489985819,101.790469961
 01/17  19:00:00,128.494295288,109.861797054
 01/17  20:00:00,128.538967063,146.43561847700002
 01/17  21:00:00,128.61490468600002,189.722363817
 01/17  22:00:00,55.3856071821,11.8676179863
 01/17  23:00:00,55.426930595200005,6.09723604635
 01/17  24:00:00,56.1902679453,6.09433092805
 01/18  01:00:00,55.4451499604,6.09054386175
 01/18  02:00:00,55.4393604496,6.09060850742
 01/18  03:00:00,55.4318073052,3.22568
 01/18  04:00:00,55.425446924,6.090672969730001
 01/18  05:00:00,55.6359426708,6.09073729229
 01/18  06:00:00,55.618618312200006,6.09053638786
 01/18  07:00:00,64.5180672764,399.90334242800003
 01/18  08:00:00,126.109802171,286.778959248
 01/18  09:00:00,165.634080942,260.581176933
 01/18  10:00:00,165.689894476,240.354936015
 01/18  11:00:00,169.639284476,226.03044209400002
 01/18  12:00:00,170.397276662,216.411316462
 01/18  13:00:00,169.688811588,216.225653721
 01/18  14:00:00,165.710480141,214.82829562700002
 01/18  15:00:00,165.709995003,205.31770414
 01/18  16:00:00,163.684484658,195.34845455599998
 01/18  17:00:00,163.62241800299998,187.74672062
 01/18  18:00:00,128.967373859,198.281579797
 01/18  19:00:00,128.974968607,212.10569548799998
 01/18  20:00:00,129.273023585,233.176593614
 01/18  21:00:00,129.320728607,238.97913901400003
 01/18  22:00:00,55.485594184899995,11.8680956038
 01/18  23:00:00,55.3787882776,6.09686218232
 01/18  24:00:00,56.1654919008,6.09409656107
 01/19  01:00:00,55.40818103229999,6.09075761301
 01/19  02:00:00,55.4068695986,6.09055910007
 01/19  03:00:00,55.402221580900004,6.09062610707
 01/19  04:00:00,55.3981126211,3.22568
 01/19  05:00:00,55.6086461879,6.0906929763
 01/19  06:00:00,55.5914657356,6.09075973039
 01/19  07:00:00,64.96418783899999,405.238727159
 01/19  08:00:00,126.44678956799999,332.751230598
 01/19  09:00:00,165.894007243,273.163774249
 01/19  10:00:00,165.915108787,253.450410973
 01/19  11:00:00,169.916584059,251.76007203700001
 01/19  12:00:00,170.66813814100001,235.31923388200002
 01/19  13:00:00,169.827855781,221.63593603599998
 01/19  14:00:00,165.868838032,228.40091674200002
 01/19  15:00:00,165.92536455299998,221.238823605
 01/19  16:00:00,163.900402885,212.66736617599997
 01/19  17:00:00,163.876588463,201.0837627
 01/19  18:00:00,129.25551089200002,216.575030265
 01/19  19:00:00,129.266542442,235.89380059299998
 01/19  20:00:00,129.48755670100002,243.309721411
 01/19  21:00:00,129.472070911,245.018071859
 01/19  22:00:00,55.4735250117,11.867378641099998
 01/19  23:00:00,55.3676203538,6.14024833531
 01/19  24:00:00,56.15884006100001,8.92030509601
 01/20  01:00:00,55.3985823217,3.22568
 01/20  02:00:00,55.3985748085,6.09070811291
 01/20  03:00:00,55.390327356099995,6.09077739361
 01/20  04:00:00,55.3832434494,3.22568
 01/20  05:00:00,56.442310847600005,6.09058085361
 01/20  06:00:00,56.2696098323,6.090650149
 01/20  07:00:00,65.8642752738,458.761474619
 01/20  08:00:00,126.92662448600001,380.39648127
 01/20  09:00:00,166.334022847,300.330379996
 01/20  10:00:00,166.351663615,274.423905629
 01/20  11:00:00,170.35612103100001,279.993956759
 01/20  12:00:00,171.10618303,259.18844711
 01/20  13:00:00,170.284153165,246.563398395
 01/20  14:00:00,166.359465972,250.58535086900002
 01/20  15:00:00,166.225034144,228.73438491099998
 01/20  16:00:00,164.305889634,238.703228759
 01/20  17:00:00,164.219788038,221.27800766400003
 01/20  18:00:00,129.546336386,250.72244232900002
 01/20  19:00:00,129.559544723,282.30563167099996
 01/20  20:00:00,129.570094511,292.105596357
 01/20  21:00:00,129.581687976,304.311704711
 01/20  22:00:00,55.2932048569,8.987203826210001
 01/20  23:00:00,55.34371138979999,8.96839920239
 01/20  24:00:00,56.1430595618,6.09416441456
 01/21  01:00:00,55.3751669729,3.22568
 01/21  02:00:00,55.375849359499995,6.08882558836
 01/21  03:00:00,55.370836233999995,3.22568
 01/21  04:00:00,56.3788536579,6.750310055060001
 01/21  05:00:00,56.9274108936,4.32782871518
 01/21  06:00:00,57.247916527200005,7.6542640977100005
 01/21  07:00:00,56.9228878496,4.925797481619999
 01/21  08:00:00,54.333805824799995,7.82438868863
 01/21  09:00:00,47.943264776199996,4.30163278936
 01/21  10:00:00,47.9622888921,6.892481570419999
 01/21  11:00:00,47.953192433199995,3.73651575208
 01/21  12:00:00,47.661147421,6.090692242419999
 01/21  13:00:00,46.917369739499996,6.090763670369999
 01/21  14:00:00,46.95415471850001,3.22568
 01/21  15:00:00,46.966219870100005,6.088847802130001
 01/21  16:00:00,46.9536987067,3.22568
 01/21  17:00:00,46.854677968599994,6.0887825914
 01/21  18:00:00,55.427346748599994,3.22568
 01/21  19:00:00,55.424857598500004,3.22568
 01/21  20:00:00,55.9732018398,6.34414462055
 01/21  21:00:00,56.967276379,4.32028607083
 01/21  22:00:00,56.8543340265,8.100797347839999
 01/21  23:00:00,57.0373874516,6.653336308359999
 01/21  24:00:00,57.4388552365,9.45463907591
 01/22  01:00:00,58.276436563800004,27.2841811421
 01/22  02:00:00,57.522848598100005,22.8384875138
 01/22  03:00:00,57.4494735471,16.8517257267
 01/22  04:00:00,57.934630677799994,26.886299048
 01/22  05:00:00,58.566191134899995,32.9181063211
 01/22  06:00:00,58.4927969719,29.9093122631
 01/22  07:00:00,58.521994899700005,32.3056998749
 01/22  08:00:00,54.4413476744,11.3667406657
 01/22  09:00:00,48.604575409300004,14.003784561199998
 01/22  10:00:00,48.2776769954,11.1774594382
 01/22  11:00:00,47.880397156,5.72340037829
 01/22  12:00:00,47.645498451499996,6.09060834276
 01/22  13:00:00,46.9136669306,6.09068208868
 01/22  14:00:00,46.946342358100004,3.22568
 01/22  15:00:00,46.9551257843,6.0888010051
 01/22  16:00:00,46.943746256400004,3.22568
 01/22  17:00:00,46.8467084658,6.08891120865
 01/22  18:00:00,55.4209556613,3.22568
 01/22  19:00:00,55.4202183238,6.088847906360001
 01/22  20:00:00,55.6335766275,3.22568
 01/22  21:00:00,55.6216748007,6.08878462914
 01/22  22:00:00,56.8607160575,7.3380086674600005
 01/22  23:00:00,57.0408848247,9.10399416626
 01/22  24:00:00,57.439874266800004,12.154522787000001
 01/23  01:00:00,57.038017458199995,15.0566995983
 01/23  02:00:00,56.6982593143,11.960531872799999
 01/23  03:00:00,57.3945175735,19.10481411
 01/23  04:00:00,58.398455149200004,37.786275282800005
 01/23  05:00:00,58.8173861076,40.434178721
 01/23  06:00:00,58.822304756,49.4252219101
 01/23  07:00:00,66.2739832441,788.458019153
 01/23  08:00:00,127.29372351,487.388788453
 01/23  09:00:00,166.427137738,411.743485888
 01/23  10:00:00,166.385649713,380.772412261
 01/23  11:00:00,170.367415692,367.424741358
 01/23  12:00:00,171.12345746399998,336.25311834
 01/23  13:00:00,170.354287105,335.03864568299997
 01/23  14:00:00,166.372295668,328.65160884700003
 01/23  15:00:00,166.37448808,335.057103715
 01/23  16:00:00,164.347925118,325.181481923
 01/23  17:00:00,164.29005839,353.44558532300005
 01/23  18:00:00,129.652832754,405.907495321
 01/23  19:00:00,129.67489717,432.52061646199996
 01/23  20:00:00,129.905718751,446.68675369199997
 01/23  21:00:00,129.903058623,452.345010714
 01/23  22:00:00,55.409038826999996,11.8678073644
 01/23  23:00:00,56.3234302145,7.1934709237300005
 01/23  24:00:00,57.47250779270001,8.462758923119999
 01/24  01:00:00,57.8143069113,22.850228968200003
 01/24  02:00:00,58.954809107299994,57.4424177268
 01/24  03:00:00,59.4951614366,65.9499895827
 01/24  04:00:00,59.426896730200006,89.1617334556
 01/24  05:00:00,60.5772706747,91.9117175212
 01/24  06:00:00,60.3445592666,118.037562029
 01/24  07:00:00,66.7296159177,830.958006961
 01/24  08:00:00,127.869517036,620.759993174
 01/24  09:00:00,166.535323493,505.807193865
 01/24  10:00:00,166.43241826,452.433799159
 01/24  11:00:00,170.377654259,407.016140201
 01/24  12:00:00,171.119542465,362.844494582
 01/24  13:00:00,170.34029311700002,342.77933399799997
 01/24  14:00:00,166.353477207,329.179436427
 01/24  15:00:00,166.34898018299998,307.69749428299997
 01/24  16:00:00,164.327486758,298.842324378
 01/24  17:00:00,164.248407688,308.284989878
 01/24  18:00:00,128.179241872,370.261101135
 01/24  19:00:00,129.62445367,400.01531213199996
 01/24  20:00:00,129.640074619,406.499175943
 01/24  21:00:00,129.655810278,418.912389326
 01/24  22:00:00,55.2620103409,8.98757985174
 01/24  23:00:00,55.317469463900004,8.96813512242
 01/24  24:00:00,57.471242363,7.361121395830001
 01/25  01:00:00,57.0434654476,8.362946428189998
 01/25  02:00:00,56.7089654193,6.55486749642
 01/25  03:00:00,58.5327130005,37.3774324013
 01/25  04:00:00,58.8397558747,49.4229185059
 01/25  05:00:00,59.850108641599995,63.01306579
 01/25  06:00:00,59.3527425466,70.6066321929
 01/25  07:00:00,66.3367254234,775.756187297
 01/25  08:00:00,127.551453299,565.444777628
 01/25  09:00:00,166.489206469,466.788594221
 01/25  10:00:00,166.447389034,429.417018532
 01/25  11:00:00,170.411510451,405.118574961
 01/25  12:00:00,171.149776656,361.788020639
 01/25  13:00:00,170.36516587399998,339.576588427
 01/25  14:00:00,166.36837928399999,317.018010259
 01/25  15:00:00,166.358148395,298.493352057
 01/25  16:00:00,164.333093977,285.570413104
 01/25  17:00:00,164.25452808,290.127066686
 01/25  18:00:00,128.171481027,339.348340387
 01/25  19:00:00,129.616946786,367.76718276400004
 01/25  20:00:00,129.848586081,392.737135282
 01/25  21:00:00,129.84271561,394.248238277
 01/25  22:00:00,55.4269726618,11.867324011800001
 01/25  23:00:00,55.3271955872,6.0972941789199995
 01/25  24:00:00,56.4643847652,9.286472234289999
 01/26  01:00:00,57.0478060821,4.87621451142
 01/26  02:00:00,56.7107587644,7.910239742360001
 01/26  03:00:00,57.048612894399994,9.78922915138
 01/26  04:00:00,57.482269710699995,15.6337272978
 01/26  05:00:00,59.17481907649999,44.934810274700006
 01/26  06:00:00,59.342073936599995,55.563217235799996
 01/26  07:00:00,66.2992353615,713.80888718
 01/26  08:00:00,127.336290997,512.184204317
 01/26  09:00:00,166.443193882,415.850612647
 01/26  10:00:00,166.403950379,380.63859173300006
 01/26  11:00:00,170.374422879,355.242190739
 01/26  12:00:00,171.115253573,308.863438925
 01/26  13:00:00,170.351853987,301.153358921
 01/26  14:00:00,166.364299325,294.02775170900003
 01/26  15:00:00,166.359592232,285.069856415
 01/26  16:00:00,164.335571182,268.62543982200003
 01/26  17:00:00,164.249147125,272.91275188099996
 01/26  18:00:00,128.164011252,315.594640643
 01/26  19:00:00,129.602254082,333.286518983
 01/26  20:00:00,129.822928558,340.786486648
 01/26  21:00:00,129.812368811,343.85491789599996
 01/26  22:00:00,55.4372630254,11.868045244500001
 01/26  23:00:00,55.333999794899995,6.09733106887
 01/26  24:00:00,56.13444539859999,6.09441882531
 01/27  01:00:00,55.367817621,6.09061526888
 01/27  02:00:00,56.0444642142,6.617525958530001
 01/27  03:00:00,56.7149198755,4.41429034132
 01/27  04:00:00,56.711415001700004,7.592704573189999
 01/27  05:00:00,58.111885145600006,8.68323370887
 01/27  06:00:00,57.603501151,9.64166394811
 01/27  07:00:00,66.4880623145,605.703125654
 01/27  08:00:00,127.13337466799999,457.086547659
 01/27  09:00:00,166.38723053799998,371.688809783
 01/27  10:00:00,166.367890848,332.645115965
 01/27  11:00:00,170.352401846,312.150459359
 01/27  12:00:00,171.105303466,281.826832367
 01/27  13:00:00,170.343304942,272.352327033
 01/27  14:00:00,166.363329176,275.835655486
 01/27  15:00:00,166.356776152,263.668646562
 01/27  16:00:00,164.331999652,256.220127643
 01/27  17:00:00,164.224070934,241.816077053
 01/27  18:00:00,128.133704324,286.512491
 01/27  19:00:00,129.575654775,309.51242099
 01/27  20:00:00,129.58688147799998,323.938296768
 01/27  21:00:00,129.59616437,333.825809573
 01/27  22:00:00,55.289363736300004,11.8671906217
 01/27  23:00:00,55.340471659399995,6.0969240208099995
 01/27  24:00:00,56.139532383,6.0944670610500005
 01/28  01:00:00,55.371753723000005,6.0888599065
 01/28  02:00:00,56.3833403925,3.98924907872
 01/28  03:00:00,56.716088902399996,7.455053211
 01/28  04:00:00,57.0492487375,5.31384090128
 01/28  05:00:00,56.9258986213,6.373466475630001
 01/28  06:00:00,58.6431150173,31.7640840092
 01/28  07:00:00,58.8246288688,39.1545656677
 01/28  08:00:00,54.3483961979,33.188507244600004
 01/28  09:00:00,48.2824673874,10.8537570052
 01/28  10:00:00,48.6354952107,12.759800793599998
 01/28  11:00:00,48.284452057399996,10.5098207791
 01/28  12:00:00,49.3363565808,7.492956340269999
 01/28  13:00:00,48.2525856523,9.24483749548
 01/28  14:00:00,48.2875279351,9.009036134239999
 01/28  15:00:00,48.2991027517,6.216871300809999
 01/28  16:00:00,47.949077483100005,5.8154345660899995
 01/28  17:00:00,48.5273628176,12.0152686143
 01/28  18:00:00,55.33398428939999,9.35667402379
 01/28  19:00:00,58.3419961584,39.591658232
 01/28  20:00:00,58.0796887295,36.138674253299996
 01/28  21:00:00,59.4588419087,63.9236470229
 01/28  22:00:00,59.2217769222,77.36330388409999
 01/28  23:00:00,59.7624604585,109.50592172
 01/28  24:00:00,59.8928807858,90.924495084
 01/29  01:00:00,60.357187406899996,117.357164918
 01/29  02:00:00,59.687574007799995,104.184337898
 01/29  03:00:00,60.5692559663,126.13464756299999
 01/29  04:00:00,60.1017414626,112.231569397
 01/29  05:00:00,60.6657951054,139.75782573200001
 01/29  06:00:00,60.424822854700004,122.141740971
 01/29  07:00:00,60.7976415566,153.23713480000004
 01/29  08:00:00,55.964740347299994,99.2123835372
 01/29  09:00:00,51.8328819932,103.003049957
 01/29  10:00:00,51.3766068936,84.0111215005
 01/29  11:00:00,50.6153477858,69.2457139035
 01/29  12:00:00,50.3464835303,39.596083113
 01/29  13:00:00,49.8042322887,40.101911298699996
 01/29  14:00:00,49.228667968100005,32.5045554276
 01/29  15:00:00,48.615930571899995,13.7912739325
 01/29  16:00:00,49.09344004020001,30.040769726399997
 01/29  17:00:00,48.9256337266,25.7851681357
 01/29  18:00:00,56.8523403518,47.9115330988
 01/29  19:00:00,59.363423222799995,63.576020018
 01/29  20:00:00,58.8597755599,56.5234831601
 01/29  21:00:00,59.9534303715,89.2346424243
 01/29  22:00:00,59.672550931800004,98.0565283898
 01/29  23:00:00,60.8117941432,143.69774635
 01/29  24:00:00,60.490306019399995,107.93456892
 01/30  01:00:00,60.831720158900005,157.453635917
 01/30  02:00:00,59.85227104729999,120.275508695
 01/30  03:00:00,60.986609987200005,164.017151961
 01/30  04:00:00,59.8617746863,122.111849801
 01/30  05:00:00,61.3047042467,168.240504343
 01/30  06:00:00,60.1106509796,117.10483508700001
 01/30  07:00:00,66.3927014869,845.60035532
 01/30  08:00:00,126.56991648200001,621.003200934
 01/30  09:00:00,166.556019323,497.163053144
 01/30  10:00:00,166.45963600000002,453.745119444
 01/30  11:00:00,170.388146855,418.5136414
 01/30  12:00:00,171.1180585,368.23643761
 01/30  13:00:00,170.337571134,342.985895312
 01/30  14:00:00,166.35301661399998,333.986988172
 01/30  15:00:00,166.34841678200002,320.299125484
 01/30  16:00:00,164.325452913,317.752804894
 01/30  17:00:00,164.253563159,329.677640211
 01/30  18:00:00,128.187511519,394.215439086
 01/30  19:00:00,129.65600420799998,439.180091204
 01/30  20:00:00,129.896707821,462.66971243800003
 01/30  21:00:00,129.898155814,466.729629714
 01/30  22:00:00,55.4092711926,11.8680779205
 01/30  23:00:00,55.9844669227,6.807970070210001
 01/30  24:00:00,57.4682674415,7.98478181702
 01/31  01:00:00,57.770663159099996,27.8887963643
 01/31  02:00:00,58.9349415974,53.8674087182
 01/31  03:00:00,59.7547096679,77.530900003
 01/31  04:00:00,59.152113926700004,73.6904261188
 01/31  05:00:00,60.834802095200004,100.89231846
 01/31  06:00:00,60.058487458900004,92.12154941860001
 01/31  07:00:00,66.72365497979999,835.1209939910001
 01/31  08:00:00,126.363987764,604.0537564169999
 01/31  09:00:00,166.53253738,501.952141733
 01/31  10:00:00,166.47220664399998,472.242008295
 01/31  11:00:00,170.408856512,445.38224609300005
 01/31  12:00:00,171.15705443,408.247273249
 01/31  13:00:00,170.37913515399998,391.513321185
 01/31  14:00:00,166.381828908,386.236410098
 01/31  15:00:00,166.377276066,373.08218808699996
 01/31  16:00:00,164.357471075,372.01072400199996
 01/31  17:00:00,164.30411418399999,393.171476035
 01/31  18:00:00,128.245814964,445.44227531
 01/31  19:00:00,129.695627271,462.415672425
 01/31  20:00:00,129.714875302,473.62275711800004
 01/31  21:00:00,129.732519965,483.88846839900003
 01/31  22:00:00,55.2529788542,11.868484887100001
 01/31  23:00:00,55.3088528372,6.09718695857
 01/31  24:00:00,57.4662179138,7.48511730146
 02/01  01:00:00,56.700654642299995,7.545716612480001
 02/01  02:00:00,56.7102132984,7.48322934582
 02/01  03:00:00,55.38573428350001,3.22568
 02/01  04:00:00,55.414141531300004,6.090645196490001
 02/01  05:00:00,55.6416145568,6.09073603235
 02/01  06:00:00,55.6290462213,3.22568
 02/01  07:00:00,64.5382462564,345.790493328
 02/01  08:00:00,124.547194391,255.311286074
 02/01  09:00:00,165.387731089,211.935401701
 02/01  10:00:00,165.407912321,206.86012696900002
 02/01  11:00:00,169.443581839,218.762561779
 02/01  12:00:00,170.252500777,220.471560525
 02/01  13:00:00,169.55923350700002,214.821222113
 02/01  14:00:00,165.57574860399998,205.33316218
 02/01  15:00:00,165.60479181600002,198.40401753900002
 02/01  16:00:00,163.652675719,200.80573379
 02/01  17:00:00,163.575747041,182.89411369099997
 02/01  18:00:00,126.14861763200001,207.727279416
 02/01  19:00:00,129.20477571700002,235.37587710900002
 02/01  20:00:00,129.49141010399998,242.035415919
 02/01  21:00:00,129.481367124,245.363751391
 02/01  22:00:00,55.4831218117,11.8684199323
 02/01  23:00:00,55.3750154717,6.097434969349999
 02/01  24:00:00,56.159289496999996,6.09451910196
 02/02  01:00:00,55.3961805601,6.09070786666
 02/02  02:00:00,55.392988016800004,6.0907998900099996
 02/02  03:00:00,55.388033532799994,6.090623519069999
 02/02  04:00:00,55.3836149051,3.22568
 02/02  05:00:00,55.5936736514,6.09071555878
 02/02  06:00:00,55.5757346729,6.09080748015
 02/02  07:00:00,65.5287790221,456.68921254199995
 02/02  08:00:00,125.50687077799999,372.31975354599996
 02/02  09:00:00,166.351586167,302.115184645
 02/02  10:00:00,166.364607275,282.390020407
 02/02  11:00:00,170.36323900600001,284.48308259
 02/02  12:00:00,171.118863482,270.129355594
 02/02  13:00:00,170.356167933,268.26421001799997
 02/02  14:00:00,166.372279901,271.808600928
 02/02  15:00:00,166.365451125,266.66077773
 02/02  16:00:00,164.338655772,253.967645099
 02/02  17:00:00,164.226860109,244.973922515
 02/02  18:00:00,126.70389554799999,284.353343367
 02/02  19:00:00,129.574703978,309.992795841
 02/02  20:00:00,129.798264735,321.693989751
 02/02  21:00:00,129.793435256,332.450015072
 02/02  22:00:00,55.4432785846,11.868608143
 02/02  23:00:00,55.3412479574,6.0972059763
 02/02  24:00:00,56.1402633251,8.96313474829
 02/03  01:00:00,55.3744754094,3.22568
 02/03  02:00:00,55.3753699876,6.090628972009999
 02/03  03:00:00,57.0580038558,7.5596187940499995
 02/03  04:00:00,56.71516452149999,4.79650828391
 02/03  05:00:00,58.116014547,9.14203415563
 02/03  06:00:00,57.9120629567,10.412481377
 02/03  07:00:00,66.5690129534,634.873591327
 02/03  08:00:00,125.789627216,499.14860876800003
 02/03  09:00:00,166.427982023,421.026811565
 02/03  10:00:00,166.38882957200002,381.78408689099996
 02/03  11:00:00,170.364648845,352.663631121
 02/03  12:00:00,171.114561423,307.773557218
 02/03  13:00:00,170.342131885,286.281795822
 02/03  14:00:00,166.364921176,267.935854621
 02/03  15:00:00,166.363964557,258.53298564
 02/03  16:00:00,164.338377606,249.61699114799998
 02/03  17:00:00,164.22847701799998,237.822142816
 02/03  18:00:00,126.705359605,277.480873918
 02/03  19:00:00,129.576743506,303.53382586
 02/03  20:00:00,129.59033042,317.76670502
 02/03  21:00:00,129.59716804299998,321.028904403
 02/03  22:00:00,55.295769703400005,11.868423693399999
 02/03  23:00:00,55.344873599799996,8.9684672149
 02/03  24:00:00,56.141703873900006,6.09436199748
 02/04  01:00:00,55.3747638904,3.22568
 02/04  02:00:00,55.3727933735,6.08887794996
 02/04  03:00:00,56.989599517399995,4.469342431269999
 02/04  04:00:00,56.7129515598,7.40742871891
 02/04  05:00:00,57.2625588903,5.5061569850900005
 02/04  06:00:00,56.9098029324,6.084427883790001
 02/04  07:00:00,57.93179724350001,16.3696422287
 02/04  08:00:00,53.392395298400004,22.0509495796
 02/04  09:00:00,48.6173350145,11.471093953599999
 02/04  10:00:00,48.2886587984,9.71859277373
 02/04  11:00:00,48.6143456717,6.47037699975
 02/04  12:00:00,48.9952567487,7.91839409916
 02/04  13:00:00,46.903423966400005,6.090612337990001
 02/04  14:00:00,46.940473637,3.22568
 02/04  15:00:00,46.9530114417,6.0888717218599995
 02/04  16:00:00,46.9410666459,3.22568
 02/04  17:00:00,46.842365618,3.22568
 02/04  18:00:00,53.1771701549,6.8988201203
 02/04  19:00:00,56.7619311172,6.41922184825
 02/04  20:00:00,58.692708910600004,42.5505795158
 02/04  21:00:00,58.616196027200004,49.1817520387
 02/04  22:00:00,59.6129757688,82.44512923810001
 02/04  23:00:00,59.41198129399999,91.6678387462
 02/04  24:00:00,60.8047658021,116.91289971
 02/05  01:00:00,60.09535828520001,115.930394569
 02/05  02:00:00,60.5465831517,150.325391699
 02/05  03:00:00,60.2864305854,127.31052313
 02/05  04:00:00,60.7016238351,161.68954787299998
 02/05  05:00:00,60.653501800600004,142.92769436
 02/05  06:00:00,61.2919230487,183.863216899
 02/05  07:00:00,60.953597982299996,154.59231748
 02/05  08:00:00,56.8209942322,158.44042793
 02/05  09:00:00,51.1314605983,112.451849853
 02/05  10:00:00,51.04137042479999,101.508344226
 02/05  11:00:00,50.9131287143,79.1106785929
 02/05  12:00:00,51.4461162547,68.36695780640001
 02/05  13:00:00,49.15804058,36.2370098017
 02/05  14:00:00,49.568115967299995,32.6637703642
 02/05  15:00:00,48.2780421832,12.705829726600001
 02/05  16:00:00,49.8451308958,36.6074210229
 02/05  17:00:00,49.204583728900005,35.1805464707
 02/05  18:00:00,55.4729745272,45.755341037700006
 02/05  19:00:00,58.665613105,62.4388594637
 02/05  20:00:00,60.0461886975,91.6644574307
 02/05  21:00:00,59.3714555939,86.0977984017
 02/05  22:00:00,61.122404811,158.53896403299998
 02/05  23:00:00,59.8710759508,133.470666188
 02/05  24:00:00,61.8565038583,192.29132673400002
 02/06  01:00:00,59.9340334292,139.830762913
 02/06  02:00:00,61.4355732864,199.10002449
 02/06  03:00:00,60.159310907700004,147.269095798
 02/06  04:00:00,61.566725041000005,209.09089766900001
 02/06  05:00:00,60.5163028203,152.764372323
 02/06  06:00:00,61.779080252,211.959884671
 02/06  07:00:00,66.3953973111,854.4004130489999
 02/06  08:00:00,126.79200111600001,692.8358492389999
 02/06  09:00:00,166.770523588,588.760807411
 02/06  10:00:00,166.629541584,571.492998057
 02/06  11:00:00,170.56878094200002,554.334212536
 02/06  12:00:00,171.2985925,513.296229823
 02/06  13:00:00,170.487283606,480.73993044800005
 02/06  14:00:00,166.45720669899998,462.165775496
 02/06  15:00:00,166.404864729,428.06186414900003
 02/06  16:00:00,164.370726987,407.16351336400004
 02/06  17:00:00,164.334544049,430.835189119
 02/06  18:00:00,126.882302938,497.236948005
 02/06  19:00:00,129.781091666,520.850131161
 02/06  20:00:00,130.028392099,537.573657199
 02/06  21:00:00,130.039799472,548.531028965
 02/06  22:00:00,55.734777916599995,9.477752538010002
 02/06  23:00:00,57.1525519632,14.1448575078
 02/06  24:00:00,60.1719141253,72.5625490382
 02/07  01:00:00,59.3547853204,80.349494992
 02/07  02:00:00,59.5977878899,106.538394225
 02/07  03:00:00,59.383043586599996,110.206838512
 02/07  04:00:00,60.2707286884,154.609578938
 02/07  05:00:00,61.4994569097,144.481318268
 02/07  06:00:00,61.4099749375,172.142249577
 02/07  07:00:00,66.76206424819999,881.502372889
 02/07  08:00:00,125.32372857200001,702.8823574439999
 02/07  09:00:00,166.65322413799998,570.782432103
 02/07  10:00:00,166.550222504,532.775868873
 02/07  11:00:00,170.478875402,499.1306587
 02/07  12:00:00,171.179528194,449.82646634300005
 02/07  13:00:00,170.357812955,390.07668941199995
 02/07  14:00:00,166.356146973,345.510633985
 02/07  15:00:00,166.348226161,309.181138067
 02/07  16:00:00,164.326275759,290.955849199
 02/07  17:00:00,164.248896245,295.559175778
 02/07  18:00:00,126.73227128299999,329.422628896
 02/07  19:00:00,129.60721251200002,348.81263726099996
 02/07  20:00:00,129.62222095799999,366.76812489300005
 02/07  21:00:00,129.630546696,372.338343646
 02/07  22:00:00,55.278929965,11.868910359000001
 02/07  23:00:00,55.328966654300004,6.09705258035
 02/07  24:00:00,56.1295238755,8.96282929807
 02/08  01:00:00,56.3741292284,4.01434829846
 02/08  02:00:00,56.996803090600004,7.735782164960001
 02/08  03:00:00,56.7082249622,7.7877223310399994
 02/08  04:00:00,57.047926223999994,7.02389906903
 02/08  05:00:00,57.759083554200004,20.077026716600002
 02/08  06:00:00,59.5256174862,52.3825372257
 02/08  07:00:00,66.3082951176,708.681950356
 02/08  08:00:00,124.526683441,545.4631816240001
 02/08  09:00:00,166.42564490700002,437.192323804
 02/08  10:00:00,166.37435292700002,381.774054396
 02/08  11:00:00,170.352341659,353.58996037
 02/08  12:00:00,171.101154586,314.00909057900003
 02/08  13:00:00,170.32722494,303.844486076
 02/08  14:00:00,166.342064377,294.78130906900003
 02/08  15:00:00,166.340906034,289.55145334
 02/08  16:00:00,164.32054444899998,284.999449033
 02/08  17:00:00,164.226886597,281.479234598
 02/08  18:00:00,125.28075963200001,327.481505373
 02/08  19:00:00,129.585722361,360.126959149
 02/08  20:00:00,129.818489354,377.39374807699994
 02/08  21:00:00,129.822583735,393.399240605
 02/08  22:00:00,55.424641608900004,11.867832036300001
 02/08  23:00:00,55.325733935,8.968860274239999
 02/08  24:00:00,57.8162154378,7.87133491133
 02/09  01:00:00,56.714300188,8.68310986262
 02/09  02:00:00,59.0761406209,54.7459406574
 02/09  03:00:00,58.96665197310001,62.989871265699996
 02/09  04:00:00,59.9216092575,86.9325991967
 02/09  05:00:00,59.218102335,72.6159952413
 02/09  06:00:00,60.129215491800004,102.548127344
 02/09  07:00:00,66.3501445529,795.2101699780001
 02/09  08:00:00,124.70140311700001,547.38944444
 02/09  09:00:00,166.477372759,435.142026435
 02/09  10:00:00,166.419692407,392.82215875199995
 02/09  11:00:00,170.38076217100001,352.158677984
 02/09  12:00:00,171.121948651,291.18196232400004
 02/09  13:00:00,170.35447089299998,274.123730136
 02/09  14:00:00,166.371938126,267.22929716
 02/09  15:00:00,166.37019864299998,253.33981102400003
 02/09  16:00:00,164.343669665,244.589035675
 02/09  17:00:00,164.22906506700002,226.789607412
 02/09  18:00:00,125.27345188299999,268.877527382
 02/09  19:00:00,129.575430446,293.263901133
 02/09  20:00:00,129.801597081,312.241353472
 02/09  21:00:00,129.794231734,327.0542224
 02/09  22:00:00,55.442950216499995,9.69405468974
 02/09  23:00:00,55.339975325,8.26336987338
 02/09  24:00:00,56.1373112731,6.09447703314
 02/10  01:00:00,55.37223973930001,6.0907417113
 02/10  02:00:00,56.3851418171,6.86461573755
 02/10  03:00:00,56.717902491000004,4.63872928862
 02/10  04:00:00,57.0525034517,8.66204197954
 02/10  05:00:00,58.2942401425,15.3349027865
 02/10  06:00:00,60.262549201700004,50.8541994442
 02/10  07:00:00,66.65393789,702.183403268
 02/10  08:00:00,124.51291987,540.068187945
 02/10  09:00:00,166.425954113,435.69833935199995
 02/10  10:00:00,166.372318078,372.661388573
 02/10  11:00:00,170.35135592700001,342.50544000900004
 02/10  12:00:00,171.101376078,309.341185517
 02/10  13:00:00,170.331346871,286.078696729
 02/10  14:00:00,166.349145175,277.87562576700003
 02/10  15:00:00,166.345500639,271.149127955
 02/10  16:00:00,164.326949172,263.81413128099996
 02/10  17:00:00,164.226291194,268.730857007
 02/10  18:00:00,125.283029644,323.30246767799997
 02/10  19:00:00,129.593840984,365.247888419
 02/10  20:00:00,129.614332136,392.915760314
 02/10  21:00:00,129.638607087,417.33841194800004
 02/10  22:00:00,55.2709960128,11.868727316500001
 02/10  23:00:00,55.326789558,6.09723107472
 02/10  24:00:00,57.477847786999995,10.2568717124
 02/11  01:00:00,57.049675960900004,5.540128498830001
 02/11  02:00:00,56.712861957600005,9.52646505518
 02/11  03:00:00,58.677258398,38.4572917157
 02/11  04:00:00,58.810900984300005,47.4643821541
 02/11  05:00:00,59.8517950293,66.87557057640001
 02/11  06:00:00,59.352714742799996,66.8505102309
 02/11  07:00:00,59.964031380200005,83.1931047451
 02/11  08:00:00,53.256466036499994,57.4347609199
 02/11  09:00:00,50.9514848929,64.7987484041
 02/11  10:00:00,48.7445038463,18.5680960359
 02/11  11:00:00,48.6065107431,13.1425284779
 02/11  12:00:00,48.6509825573,8.51975535667
 02/11  13:00:00,46.898090713900004,3.22568
 02/11  14:00:00,46.9381918438,6.08887770349
 02/11  15:00:00,46.952623995699994,3.22568
 02/11  16:00:00,46.9431210635,6.08883566056
 02/11  17:00:00,46.847164317700006,3.22568
 02/11  18:00:00,51.138231329499995,6.08896870774
 02/11  19:00:00,55.43393049149999,3.22568
 02/11  20:00:00,55.648284786000005,6.08892658582
 02/11  21:00:00,55.6339264084,3.22568
 02/11  22:00:00,56.533474355699994,8.51749950484
 02/11  23:00:00,56.3743749789,5.957924875680001
 02/11  24:00:00,57.1086684828,6.1608587540799995
 02/12  01:00:00,56.7099776587,10.5149066817
 02/12  02:00:00,57.0445066275,9.41415197911
 02/12  03:00:00,56.7007446459,12.3556772671
 02/12  04:00:00,57.0380081297,12.189929453800001
 02/12  05:00:00,56.9162152257,13.8441423681
 02/12  06:00:00,57.2411568929,13.6594987087
 02/12  07:00:00,56.914057795299996,15.641861715
 02/12  08:00:00,51.1255962826,9.25821485999
 02/12  09:00:00,47.9334369961,9.5540822883
 02/12  10:00:00,47.890962673699995,6.29712897228
 02/12  11:00:00,47.48955927,7.878178215439999
 02/12  12:00:00,48.105037781499995,7.249799357030001
 02/12  13:00:00,46.900093947799995,6.090690992330001
 02/12  14:00:00,46.938181516899995,3.22568
 02/12  15:00:00,46.9502138207,6.08889265374
 02/12  16:00:00,46.9364205063,3.22568
 02/12  17:00:00,48.0797831903,9.78483455215
 02/12  18:00:00,52.7061028671,11.642478488699998
 02/12  19:00:00,57.83426138270001,36.297998752699996
 02/12  20:00:00,58.8894634743,55.953826570100006
 02/12  21:00:00,59.3584596226,69.6813488672
 02/12  22:00:00,59.3854358319,97.8304023157
 02/12  23:00:00,59.672677756300004,107.13884819
 02/12  24:00:00,59.980029763599994,108.964577708
 02/13  01:00:00,60.3024290039,121.04805538
 02/13  02:00:00,59.91077907729999,118.144305575
 02/13  03:00:00,60.355399482299994,130.684793347
 02/13  04:00:00,60.2287148408,124.72238518399999
 02/13  05:00:00,60.579743297600004,134.298610836
 02/13  06:00:00,60.4851126722,131.172026759
 02/13  07:00:00,66.3792674379,851.240158597
 02/13  08:00:00,125.062160441,598.892783648
 02/13  09:00:00,166.543484632,479.425071084
 02/13  10:00:00,166.50254588,455.146204354
 02/13  11:00:00,170.427149584,424.892101264
 02/13  12:00:00,171.15084175200002,378.002646189
 02/13  13:00:00,170.36911586,364.72093489800005
 02/13  14:00:00,166.365580095,340.469237966
 02/13  15:00:00,166.354462646,320.618491762
 02/13  16:00:00,164.332429668,309.59776206
 02/13  17:00:00,164.264556035,317.11060848700004
 02/13  18:00:00,125.329381654,363.33943750599997
 02/13  19:00:00,129.633288349,389.10450263300004
 02/13  20:00:00,129.858724489,395.991808587
 02/13  21:00:00,129.852695947,401.05971110900003
 02/13  22:00:00,55.423577665799996,8.98655765969
 02/13  23:00:00,55.320418079700005,8.96907185643
 02/13  24:00:00,57.1338559496,7.00029354957
 02/14  01:00:00,56.7074941725,7.724434919099999
 02/14  02:00:00,57.047703958199996,9.05566014783
 02/14  03:00:00,56.9808495821,8.73532777071
 02/14  04:00:00,59.261263270600004,51.1919134136
 02/14  05:00:00,60.41561016479999,62.7066925495
 02/14  06:00:00,60.2248106372,62.8866659776
 02/14  07:00:00,66.6687859638,759.6083076189999
 02/14  08:00:00,123.181464632,548.166632974
 02/14  09:00:00,166.45789259,449.1451478999999
 02/14  10:00:00,166.389687012,404.84092050199996
 02/14  11:00:00,170.357142768,361.28076987599997
 02/14  12:00:00,171.104465378,315.54223477799997
 02/14  13:00:00,170.327590625,284.933731305
 02/14  14:00:00,166.347178343,264.464209435
 02/14  15:00:00,166.382527461,239.52972413
 02/14  16:00:00,164.446344461,215.228055567
 02/14  17:00:00,163.833885194,189.08909367299998
 02/14  18:00:00,125.05283359999999,211.386063751
 02/14  19:00:00,129.459631196,226.136410978
 02/14  20:00:00,128.83564716,168.71399119
 02/14  21:00:00,128.58302022700002,148.179760239
 02/14  22:00:00,55.3676167264,11.869097328299999
 02/14  23:00:00,55.4260664209,6.0971274290999995
 02/14  24:00:00,56.2006886637,8.96298042381
 02/15  01:00:00,55.471556272700006,3.22568
 02/15  02:00:00,55.4717828537,6.09081733274
 02/15  03:00:00,55.4703339804,6.09064661484
 02/15  04:00:00,55.4605574525,3.22568
 02/15  05:00:00,55.6615172486,6.09074506231
 02/15  06:00:00,55.646259319399995,6.090843405759999
 02/15  07:00:00,64.164079588,269.802135783
 02/15  08:00:00,121.54530771600001,206.707022427
 02/15  09:00:00,165.311094537,172.24753409099998
 02/15  10:00:00,165.324520585,168.53424523200002
 02/15  11:00:00,169.33853438,181.437336758
 02/15  12:00:00,170.25096766,229.97459238
 02/15  13:00:00,169.743537178,249.999890538
 02/15  14:00:00,165.79997678,224.39633867
 02/15  15:00:00,165.804344256,209.507345236
 02/15  16:00:00,163.86276192,211.03459441200002
 02/15  17:00:00,163.87873790700002,198.63265882599998
 02/15  18:00:00,124.95700395700001,208.540404658
 02/15  19:00:00,129.393168595,236.797395733
 02/15  20:00:00,129.727953955,245.228955375
 02/15  21:00:00,129.718427281,246.836638462
 02/15  22:00:00,55.4710930933,11.86887664
 02/15  23:00:00,55.365305515,8.968647711869998
 02/15  24:00:00,56.1576476569,6.09429397205
 02/16  01:00:00,55.3931716696,6.09063925178
 02/16  02:00:00,55.3909115601,3.22568
 02/16  03:00:00,55.384673426300004,6.09073753643
 02/16  04:00:00,55.3788986892,6.090835708999999
 02/16  05:00:00,56.6003807583,3.81179963924
 02/16  06:00:00,56.582026991099994,6.8234822806099995
 02/16  07:00:00,65.8372693444,532.399693802
 02/16  08:00:00,122.740741736,441.561006192
 02/16  09:00:00,166.359724986,362.225784868
 02/16  10:00:00,166.350532727,317.97978106799997
 02/16  11:00:00,170.342617879,303.577127974
 02/16  12:00:00,171.09928272,268.171676006
 02/16  13:00:00,170.341511253,258.87730418900003
 02/16  14:00:00,166.362837145,262.812130026
 02/16  15:00:00,166.360545969,256.253030241
 02/16  16:00:00,164.334558041,250.477277846
 02/16  17:00:00,164.22453398,238.20941254
 02/16  18:00:00,123.84101794799999,281.506303268
 02/16  19:00:00,129.569501261,302.02932382
 02/16  20:00:00,129.791297224,309.9566285
 02/16  21:00:00,129.78374948299998,312.24033121
 02/16  22:00:00,55.448903530900004,11.8680800051
 02/16  23:00:00,55.3457339337,6.097186967490001
 02/16  24:00:00,56.1449291842,6.0942702974500005
 02/17  01:00:00,55.3788006298,6.090721499859999
 02/17  02:00:00,55.3801372622,6.0908193524900005
 02/17  03:00:00,55.375406830100005,3.22568
 02/17  04:00:00,55.3713029046,6.09064820396
 02/17  05:00:00,56.4319127657,6.09074616621
 02/17  06:00:00,57.212404470500005,3.76867670225
 02/17  07:00:00,65.5228454116,434.946291735
 02/17  08:00:00,122.19390833799999,345.367525799
 02/17  09:00:00,165.800376671,271.089079377
 02/17  10:00:00,165.709375095,235.18026139
 02/17  11:00:00,169.545031331,205.08587117599998
 02/17  12:00:00,170.253279322,177.367988587
 02/17  13:00:00,169.45569444,181.180519717
 02/17  14:00:00,165.558319788,202.936731762
 02/17  15:00:00,165.576288106,194.081353804
 02/17  16:00:00,163.615934111,191.23449676299998
 02/17  17:00:00,163.683451002,195.45980548
 02/17  18:00:00,123.462276806,208.30292529099998
 02/17  19:00:00,129.252055777,218.08045178
 02/17  20:00:00,129.400898018,242.087796955
 02/17  21:00:00,129.363221597,231.38207928900002
 02/17  22:00:00,55.3275504546,11.868183011
 02/17  23:00:00,55.3714437896,8.96782074912
 02/17  24:00:00,56.161676595500005,6.094201490669999
 02/18  01:00:00,55.3962774158,3.22568
 02/18  02:00:00,55.39286670479999,6.08888423875
 02/18  03:00:00,55.3869868617,3.22568
 02/18  04:00:00,55.3813109712,6.08884160085
 02/18  05:00:00,55.5906551924,3.22568
 02/18  06:00:00,55.57220503640001,3.22568
 02/18  07:00:00,56.5948241223,6.67081720253
 02/18  08:00:00,48.3709832355,3.22568
 02/18  09:00:00,46.9400476895,6.088931304069999
 02/18  10:00:00,46.952380757200004,3.22568
 02/18  11:00:00,46.941561274399994,6.090808706290001
 02/18  12:00:00,47.6688075426,6.09063723436
 02/18  13:00:00,46.938220200399996,6.0907348271099995
 02/18  14:00:00,46.986976569,3.22568
 02/18  15:00:00,47.00761742939999,3.22568
 02/18  16:00:00,46.9954775355,6.0889008355800005
 02/18  17:00:00,46.890505427200004,3.22568
 02/18  18:00:00,49.735110319200004,6.08885820022
 02/18  19:00:00,55.446255180200005,3.22568
 02/18  20:00:00,55.656925335,6.08881558064
 02/18  21:00:00,55.638954705100005,3.22568
 02/18  22:00:00,55.520099953999996,6.08894804475
 02/18  23:00:00,55.360949055,3.22568
 02/18  24:00:00,57.1086854166,6.56332148169
 02/19  01:00:00,56.7008287887,4.0966050663699995
 02/19  02:00:00,57.0367432226,4.96088236976
 02/19  03:00:00,57.7996654675,26.435146410300003
 02/19  04:00:00,58.2741437384,26.849382330900003
 02/19  05:00:00,58.3912822744,33.5540410665
 02/19  06:00:00,58.6554675076,30.5067089599
 02/19  07:00:00,58.998458346099994,38.3354242862
 02/19  08:00:00,50.598898900500004,16.2773396049
 02/19  09:00:00,47.9339538296,8.90282587888
 02/19  10:00:00,47.9735528602,7.88893370045
 02/19  11:00:00,46.9646766921,3.22568
 02/19  12:00:00,47.6720806103,6.090822677439999
 02/19  13:00:00,46.9573869408,6.0906507637
 02/19  14:00:00,46.9850563009,3.22568
 02/19  15:00:00,46.999041866099994,6.08894610207
 02/19  16:00:00,46.9902963672,3.22568
 02/19  17:00:00,46.881240453500006,6.08890300616
 02/19  18:00:00,49.7321674807,3.22568
 02/19  19:00:00,55.448152865,6.0888599312
 02/19  20:00:00,55.6649324317,3.22568
 02/19  21:00:00,55.6592181313,6.088816881560001
 02/19  22:00:00,55.553025838900005,3.22568
 02/19  23:00:00,55.40003262810001,3.22568
 02/19  24:00:00,56.1210792984,6.08894888362
 02/20  01:00:00,55.40522603189999,3.22568
 02/20  02:00:00,55.4012957295,6.08890532711
 02/20  03:00:00,55.384896938599994,3.22568
 02/20  04:00:00,56.37962604649999,7.885051406260001
 02/20  05:00:00,56.5850785175,5.18719311952
 02/20  06:00:00,56.571073141899994,8.17066926148
 02/20  07:00:00,56.922012700399996,6.35164873616
 02/20  08:00:00,49.0332194951,4.35034641392
 02/20  09:00:00,46.9341110458,6.0908318909500005
 02/20  10:00:00,46.9518847512,6.090659480119999
 02/20  11:00:00,46.9489677525,6.0907559964199995
 02/20  12:00:00,47.662714263000005,3.22568
 02/20  13:00:00,46.9386049,6.09085239533
 02/20  14:00:00,46.991497987399995,6.09067994767
 02/20  15:00:00,46.997346225600005,3.22568
 02/20  16:00:00,46.967370466300004,6.0889392547800005
 02/20  17:00:00,46.8699334203,3.22568
 02/20  18:00:00,49.728883950699995,3.22568
 02/20  19:00:00,55.4318335786,6.08889564426
 02/20  20:00:00,55.6406935132,3.22568
 02/20  21:00:00,55.6223007625,6.08885205951
 02/20  22:00:00,57.1590658963,8.118145594560001
 02/20  23:00:00,57.527900453,28.885454589699997
 02/20  24:00:00,59.9021629679,53.9027070435
 02/21  01:00:00,58.783328013,58.874466122799994
 02/21  02:00:00,59.9049007784,91.2742234771
 02/21  03:00:00,58.9990451928,83.7408266863
 02/21  04:00:00,59.9310777312,120.33725948899999
 02/21  05:00:00,60.654025972700005,106.16648340799999
 02/21  06:00:00,61.831871730100005,152.13530496799999
 02/21  07:00:00,66.7425462132,883.243989692
 02/21  08:00:00,122.30334987100001,656.762392922
 02/21  09:00:00,166.580093232,530.50272038
 02/21  10:00:00,166.484859225,488.771391931
 02/21  11:00:00,170.409887414,444.34307649
 02/21  12:00:00,171.15427191,407.717285296
 02/21  13:00:00,170.365116085,380.634543866
 02/21  14:00:00,166.370732148,361.22347352699995
 02/21  15:00:00,166.369465769,346.429800634
 02/21  16:00:00,164.349548445,346.420931234
 02/21  17:00:00,164.280893854,360.768826172
 02/21  18:00:00,123.923174026,401.520967946
 02/21  19:00:00,129.660478313,421.039148053
 02/21  20:00:00,129.676086876,431.685128048
 02/21  21:00:00,129.68779282100002,440.34354934
 02/21  22:00:00,55.2579094987,11.868750652200001
 02/21  23:00:00,55.65091751640001,6.44363879926
 02/21  24:00:00,57.8068118093,8.03737288074
 02/22  01:00:00,56.7055225992,8.6823415806
 02/22  02:00:00,57.202082813900006,11.945581951700001
 02/22  03:00:00,58.46136424189999,36.3840715377
 02/22  04:00:00,59.3820748499,47.6702164956
 02/22  05:00:00,58.790674090500005,40.8729104598
 02/22  06:00:00,59.6175381041,51.7488558528
 02/22  07:00:00,66.2109625928,674.0559735090001
 02/22  08:00:00,121.44817897799999,426.358293294
 02/22  09:00:00,166.144707339,304.558865901
 02/22  10:00:00,165.750223392,240.52852915
 02/22  11:00:00,169.508355205,206.50208738700002
 02/22  12:00:00,170.071679271,149.325630008
 02/22  13:00:00,169.283416776,131.672044096
 02/22  14:00:00,165.497346609,111.10649960100001
 02/22  15:00:00,165.77606980000002,92.25008183959999
 02/22  16:00:00,163.75946676200002,76.5822472453
 02/22  17:00:00,163.114277688,42.9813312097
 02/22  18:00:00,122.911266133,34.055596100100004
 02/22  19:00:00,129.230328695,35.2085138092
 02/22  20:00:00,128.877755777,43.6551513951
 02/22  21:00:00,128.627924467,59.906292393
 02/22  22:00:00,55.580564522799996,11.8673446841
 02/22  23:00:00,55.4591546713,8.96825947463
 02/22  24:00:00,56.2093472159,6.09425881645
 02/23  01:00:00,55.4588461996,3.22568
 02/23  02:00:00,55.4446584572,6.0906874150400006
 02/23  03:00:00,55.427465341,6.09078146838
 02/23  04:00:00,55.41709544,6.090606955090001
 02/23  05:00:00,55.6298403845,3.22568
 02/23  06:00:00,55.617156091999995,6.09070113592
 02/23  07:00:00,64.47169545199999,401.97377810300003
 02/23  08:00:00,120.379042485,277.656277854
 02/23  09:00:00,165.635087135,253.54134377900002
 02/23  10:00:00,165.691423757,237.96928235599998
 02/23  11:00:00,170.095522134,279.124241604
 02/23  12:00:00,171.119872846,248.719656457
 02/23  13:00:00,170.347462037,244.24727483700002
 02/23  14:00:00,166.371934563,242.59243382
 02/23  15:00:00,166.248705876,224.107170551
 02/23  16:00:00,164.05265678700002,212.997664956
 02/23  17:00:00,164.157143003,210.378732776
 02/23  18:00:00,122.38975870799999,222.538920483
 02/23  19:00:00,129.548505446,245.67772310799998
 02/23  20:00:00,129.77663064,263.273092942
 02/23  21:00:00,129.768099198,278.592518618
 02/23  22:00:00,55.4593596802,8.98763089749
 02/23  23:00:00,55.355158986400006,8.96793930995
 02/23  24:00:00,56.1509132586,6.094323179
 02/24  01:00:00,55.38492594270001,6.09067073632
 02/24  02:00:00,55.383173518599996,3.22568
 02/24  03:00:00,56.388862973500004,6.76164458755
 02/24  04:00:00,57.0591066792,7.629142946989999
 02/24  05:00:00,57.7799492384,4.81104297161
 02/24  06:00:00,57.947177794,9.42936469478
 02/24  07:00:00,66.4961076797,617.842346076
 02/24  08:00:00,121.43470240299999,479.43805538199996
 02/24  09:00:00,166.389557365,390.403497524
 02/24  10:00:00,166.364504532,338.699956237
 02/24  11:00:00,170.357673641,324.646899609
 02/24  12:00:00,171.112887458,294.131832618
 02/24  13:00:00,170.342853147,276.01261232900004
 02/24  14:00:00,166.364001668,276.022493429
 02/24  15:00:00,166.354200007,262.385927873
 02/24  16:00:00,164.325279385,244.617672999
 02/24  17:00:00,164.214609808,227.120995872
 02/24  18:00:00,122.405109405,276.22315906299997
 02/24  19:00:00,129.571253693,310.526224979
 02/24  20:00:00,129.582330702,324.652399043
 02/24  21:00:00,129.592720055,333.120972888
 02/24  22:00:00,55.2895536146,8.98708248558
 02/24  23:00:00,55.3402301557,8.968975808239998
 02/24  24:00:00,56.138276832799995,6.09429933799
 02/25  01:00:00,55.3705420613,6.088849805720001
 02/25  02:00:00,57.056515995299996,4.57361929885
 02/25  03:00:00,56.7135339483,5.54615141748
 02/25  04:00:00,57.050013765900005,8.26477875103
 02/25  05:00:00,57.4918238541,15.920724290899999
 02/25  06:00:00,59.4964716063,47.838547022600004
 02/25  07:00:00,58.961816668800004,46.1160710103
 02/25  08:00:00,50.426887084200004,45.548844735699994
 02/25  09:00:00,48.432237551499995,11.7113283199
 02/25  10:00:00,48.630988788500005,12.894813066
 02/25  11:00:00,48.2800074263,10.440408718099999
 02/25  12:00:00,49.281335515,7.43964665011
 02/25  13:00:00,48.251605123400005,8.830409133789999
 02/25  14:00:00,46.939794171,3.22568
 02/25  15:00:00,47.646128300600004,7.138159008300001
 02/25  16:00:00,46.9399374234,3.22568
 02/25  17:00:00,46.841555388,6.08895817147
 02/25  18:00:00,48.552779267700004,3.88093075379
 02/25  19:00:00,57.100568544,11.4905862081
 02/25  20:00:00,56.9775680591,10.0361694058
 02/25  21:00:00,58.543364923199995,41.4725891408
 02/25  22:00:00,59.5619019166,68.9307949553
 02/25  23:00:00,59.3249635642,73.7299270944
 02/25  24:00:00,60.303377662299994,88.6945201225
 02/26  01:00:00,59.330855184700006,82.62341071520001
 02/26  02:00:00,59.565786146499995,100.309611538
 02/26  03:00:00,59.333642839300005,90.35220987049999
 02/26  04:00:00,60.1880682929,108.321139283
 02/26  05:00:00,60.065055693000005,96.4203369466
 02/26  06:00:00,60.53129222689999,122.35657608
 02/26  07:00:00,60.4884201038,109.011332729
 02/26  08:00:00,50.91808801649999,91.79887325780001
 02/26  09:00:00,50.6836344492,70.2537584774
 02/26  10:00:00,50.1427216988,60.271457082
 02/26  11:00:00,50.1689774939,51.3109180426
 02/26  12:00:00,49.1341830703,17.4912681287
 02/26  13:00:00,48.2346952638,15.278542135799999
 02/26  14:00:00,47.7217037457,9.8255504305
 02/26  15:00:00,47.166788473000004,4.118652207609999
 02/26  16:00:00,46.9254845131,6.08893687518
 02/26  17:00:00,46.8296321467,3.22568
 02/26  18:00:00,48.259426292200004,6.08888843526
 02/26  19:00:00,56.754356073400004,8.33115312407
 02/26  20:00:00,56.9698507683,10.603786080199999
 02/26  21:00:00,56.956665509,15.3227199622
 02/26  22:00:00,58.8899534379,44.839018386999996
 02/26  23:00:00,58.3094922554,44.1910870957
 02/26  24:00:00,59.6842235082,51.442293311499995
 02/27  01:00:00,58.0697671209,43.1066827825
 02/27  02:00:00,58.8060053567,52.953718273199996
 02/27  03:00:00,58.344952911499995,44.6578005079
 02/27  04:00:00,58.9946373562,56.2831972106
 02/27  05:00:00,59.089485169700005,58.70799634189999
 02/27  06:00:00,59.625018538,67.12255083550001
 02/27  07:00:00,66.28738165899999,830.240543103
 02/27  08:00:00,121.55908165,454.844408
 02/27  09:00:00,166.416903645,368.581627754
 02/27  10:00:00,166.389046497,330.35499020099996
 02/27  11:00:00,170.369257561,315.098522827
 02/27  12:00:00,171.11610506899999,288.808085727
 02/27  13:00:00,170.351245992,283.09902807099996
 02/27  14:00:00,166.366222669,280.865561968
 02/27  15:00:00,166.362256263,267.003968543
 02/27  16:00:00,164.335802218,256.74443495599996
 02/27  17:00:00,164.226290575,237.86180386400002
 02/27  18:00:00,122.413894058,276.940836283
 02/27  19:00:00,129.574837161,302.31545052900003
 02/27  20:00:00,129.80470425299998,327.98306757299997
 02/27  21:00:00,129.805968335,350.24968363199997
 02/27  22:00:00,55.4369233117,11.8683240519
 02/27  23:00:00,55.336884358199995,6.0971329254999995
 02/27  24:00:00,56.1337843685,6.094219654040001
 02/28  01:00:00,56.6007300741,7.21896027675
 02/28  02:00:00,57.0529333033,8.21729002485
 02/28  03:00:00,56.907000557399996,7.34580028452
 02/28  04:00:00,59.091528170699995,48.6231323946
 02/28  05:00:00,60.6368950586,74.3196729129
 02/28  06:00:00,60.2398968211,72.391411862
 02/28  07:00:00,65.28183138600001,790.338469246
 02/28  08:00:00,121.913104389,582.263254812
 02/28  09:00:00,166.464713653,446.09307271800003
 02/28  10:00:00,166.376156324,357.394876991
 02/28  11:00:00,170.34989816200002,302.847780528
 02/28  12:00:00,171.101467964,261.913872958
 02/28  13:00:00,170.62434217700002,249.10964588099998
 02/28  14:00:00,167.011232097,251.821861088
 02/28  15:00:00,167.09328675700002,242.743302785
 02/28  16:00:00,164.986469984,230.516093282
 02/28  17:00:00,164.149532986,200.766897597
 02/28  18:00:00,122.36738321700001,212.24667371700002
 02/28  19:00:00,129.525742465,232.993039309
 02/28  20:00:00,129.535922734,251.962788223
 02/28  21:00:00,129.547987645,268.06292413200003
 02/28  22:00:00,55.3012368319,11.8674736105
 02/28  23:00:00,55.352074396599996,6.09715078749
 02/28  24:00:00,56.1499388046,6.09423756429
 03/01  01:00:00,55.3833544266,6.09069474824
 03/01  02:00:00,55.3808727154,6.0907813520300005
 03/01  03:00:00,56.385112899999996,3.72590894292
 03/01  04:00:00,57.0551262839,7.394243645439999
 03/01  05:00:00,56.927147318100005,7.7056621083
 03/01  06:00:00,58.4915623812,32.1710815585
 03/01  07:00:00,64.7364017281,623.421574941
 03/01  08:00:00,121.456881603,477.141434365
 03/01  09:00:00,166.381622124,376.73432980300004
 03/01  10:00:00,166.357285863,315.38931578
 03/01  11:00:00,170.345506529,291.77113258099996
 03/01  12:00:00,171.109306901,262.95857429
 03/01  13:00:00,170.674192527,254.917770345
 03/01  14:00:00,167.02756321799998,253.657300299
 03/01  15:00:00,167.126498367,239.170854553
 03/01  16:00:00,164.976218666,226.049776197
 03/01  17:00:00,163.678008374,168.49207689899998
 03/01  18:00:00,121.84832808,187.042463742
 03/01  19:00:00,129.278945253,220.642500805
 03/01  20:00:00,129.69029692700002,231.501373617
 03/01  21:00:00,129.739842801,241.212244896
 03/01  22:00:00,55.462826942,11.8675359111
 03/01  23:00:00,55.3624638442,6.09703186327
 03/01  24:00:00,56.165340640299995,6.09457442214
 03/02  01:00:00,55.4078471469,6.09020078814
 03/02  02:00:00,55.406047353000005,6.090662554930001
 03/02  03:00:00,55.3985188274,3.22568
 03/02  04:00:00,55.3942175757,6.09074771531
 03/02  05:00:00,55.6045335833,6.09083281753
 03/02  06:00:00,55.587186313900006,3.22568
 03/02  07:00:00,63.546374541999995,391.25207779199997
 03/02  08:00:00,120.699482998,325.416539986
 03/02  09:00:00,165.664464302,239.380280205
 03/02  10:00:00,165.540777186,204.158006075
 03/02  11:00:00,169.489603451,197.88495171
 03/02  12:00:00,170.532803792,184.268534225
 03/02  13:00:00,170.30005064,189.48615714099998
 03/02  14:00:00,166.60194283,195.117631254
 03/02  15:00:00,166.763857107,195.931040553
 03/02  16:00:00,164.59476803200002,188.348339496
 03/02  17:00:00,163.44411427,155.393128904
 03/02  18:00:00,121.66255768200001,175.836833153
 03/02  19:00:00,128.901801543,187.79881737
 03/02  20:00:00,129.238988806,206.620050545
 03/02  21:00:00,129.378949345,221.56644592700002
 03/02  22:00:00,55.4823209187,8.98689730153
 03/02  23:00:00,55.370712165,8.96901395672
 03/02  24:00:00,56.163918411400005,6.09431698923
 03/03  01:00:00,55.4023465072,6.0905897630400005
 03/03  02:00:00,55.401141726300004,6.090673293169999
 03/03  03:00:00,55.3926109096,3.22568
 03/03  04:00:00,55.3867174929,6.09075679822
 03/03  05:00:00,56.44384416,6.09046936829
 03/03  06:00:00,56.2695542684,3.22568
 03/03  07:00:00,64.4968637419,494.419883617
 03/03  08:00:00,121.225781397,409.63017522900003
 03/03  09:00:00,166.336739178,328.110498614
 03/03  10:00:00,166.34151782799998,293.306792367
 03/03  11:00:00,170.34137751,279.485436023
 03/03  12:00:00,171.100926465,260.39963698099996
 03/03  13:00:00,170.416525023,257.768157587
 03/03  14:00:00,166.52795653,264.532022905
 03/03  15:00:00,166.411083639,257.395633505
 03/03  16:00:00,164.32713193,250.45540609
 03/03  17:00:00,164.215394056,236.15736394599998
 03/03  18:00:00,120.96597979100001,274.157820044
 03/03  19:00:00,129.56084162,312.235178174
 03/03  20:00:00,129.578820111,337.037060453
 03/03  21:00:00,129.592602235,356.463160539
 03/03  22:00:00,55.276977592899996,8.9876224277
 03/03  23:00:00,55.3292376647,8.96815046573
 03/03  24:00:00,56.1319731304,6.0943404575199995
 03/04  01:00:00,57.0513660593,4.62584932727
 03/04  02:00:00,56.7163777612,7.717124089330001
 03/04  03:00:00,57.0517767745,6.61432910549
 03/04  04:00:00,58.341335266099996,39.9729899265
 03/04  05:00:00,59.7966400424,59.7318942995
 03/04  06:00:00,59.344978052399995,61.6285732301
 03/04  07:00:00,58.544108594300006,81.6332875553
 03/04  08:00:00,50.294273249700005,55.3905307977
 03/04  09:00:00,50.1701490525,43.5494404679
 03/04  10:00:00,48.293368944899996,15.593122158599998
 03/04  11:00:00,48.617321573699996,13.4525691892
 03/04  12:00:00,48.9924305126,11.4556969743
 03/04  13:00:00,48.247741833199996,9.664318029219999
 03/04  14:00:00,47.6114243521,4.42545204824
 03/04  15:00:00,46.95292027359999,6.08889106579
 03/04  16:00:00,46.943046921800004,3.22568
 03/04  17:00:00,46.8466106274,6.08883482459
 03/04  18:00:00,46.845675488999994,3.22568
 03/04  19:00:00,55.755264903500006,3.8869301597500003
 03/04  20:00:00,56.9780939425,9.33969915755
 03/04  21:00:00,56.963260892799994,8.24534818775
 03/04  22:00:00,58.433755208,41.6032918823
 03/04  23:00:00,58.392450638599996,48.2014804226
 03/04  24:00:00,60.4051648424,71.753260553
 03/05  01:00:00,58.9464021268,66.4668509506
 03/05  02:00:00,59.901169546999995,99.7471506502
 03/05  03:00:00,58.9915053758,87.52426972100001
 03/05  04:00:00,59.9202433204,123.571246817
 03/05  05:00:00,60.0589793933,106.563373002
 03/05  06:00:00,61.1193934037,146.314194473
 03/05  07:00:00,58.523269443100006,129.61965129799998
 03/05  08:00:00,51.8688961813,122.34335186700001
 03/05  09:00:00,48.795785942200006,45.2129559779
 03/05  10:00:00,48.955666453599996,34.1578093964
 03/05  11:00:00,48.7437342995,18.544816229000002
 03/05  12:00:00,49.3329824338,16.968904154300002
 03/05  13:00:00,48.2491979084,11.3404530713
 03/05  14:00:00,47.9509465445,5.55121332091
 03/05  15:00:00,46.9567937188,6.08892926001
 03/05  16:00:00,46.9482494445,3.22568
 03/05  17:00:00,46.8526249292,6.08887146676
 03/05  18:00:00,46.852235227600005,3.22568
 03/05  19:00:00,55.4242321984,6.0888136811899995
 03/05  20:00:00,56.272560723599995,4.49544466077
 03/05  21:00:00,56.965291050699996,11.0353943852
 03/05  22:00:00,58.4362255758,45.3587308042
 03/05  23:00:00,58.768263841999996,67.8955269726
 03/05  24:00:00,59.9662733668,82.4953017656
 03/06  01:00:00,59.5551816123,99.3620807987
 03/06  02:00:00,59.3534061971,112.54902613200001
 03/06  03:00:00,60.0575535062,118.406175518
 03/06  04:00:00,60.1028370155,142.52954775799998
 03/06  05:00:00,60.7998932799,131.87731880799998
 03/06  06:00:00,60.3858299668,157.327798684
 03/06  07:00:00,63.5323783916,862.4432816039999
 03/06  08:00:00,122.17033204,600.656182514
 03/06  09:00:00,166.513386933,457.79720410000004
 03/06  10:00:00,166.411951588,403.107195616
 03/06  11:00:00,170.36458556600002,366.70131777
 03/06  12:00:00,171.107732511,326.712160418
 03/06  13:00:00,170.331015214,316.202627946
 03/06  14:00:00,166.343829178,301.485336626
 03/06  15:00:00,166.338242264,285.034223325
 03/06  16:00:00,164.314367962,270.881905554
 03/06  17:00:00,164.216552734,268.699132121
 03/06  18:00:00,120.979011481,313.26290788
 03/06  19:00:00,129.582095076,357.76740059
 03/06  20:00:00,129.818390536,387.41921153
 03/06  21:00:00,129.826975739,409.365122821
 03/06  22:00:00,55.420236153999994,11.8684579679
 03/06  23:00:00,55.3213527634,6.0971894436800005
 03/06  24:00:00,57.1365105915,9.87164348542
 03/07  01:00:00,57.0481824317,6.0761890883500005
 03/07  02:00:00,58.1484708309,41.8238978234
 03/07  03:00:00,59.905717683999995,72.99261136300001
 03/07  04:00:00,59.001865916999996,66.91251645279999
 03/07  05:00:00,61.001955982,102.454839614
 03/07  06:00:00,59.9168076282,96.9944302093
 03/07  07:00:00,63.8813696877,833.2787351
 03/07  08:00:00,122.078421893,612.726014437
 03/07  09:00:00,166.49799480000001,464.928832974
 03/07  10:00:00,166.402206591,399.758189954
 03/07  11:00:00,170.35787883700002,351.949173914
 03/07  12:00:00,171.099983528,306.234286178
 03/07  13:00:00,170.32706438600002,274.734506747
 03/07  14:00:00,166.531248453,266.719853963
 03/07  15:00:00,166.674447244,254.429635552
 03/07  16:00:00,164.606498093,241.259155898
 03/07  17:00:00,164.208627771,211.434653995
 03/07  18:00:00,120.94319378700001,233.80318697599998
 03/07  19:00:00,129.53905427,270.812506843
 03/07  20:00:00,129.561833201,313.245249026
 03/07  21:00:00,129.576053215,335.571468248
 03/07  22:00:00,55.2850673723,8.98627582102
 03/07  23:00:00,55.3371901534,8.96887984891
 03/07  24:00:00,56.13851957479999,6.09424911026
 03/08  01:00:00,56.0432610687,6.51862383832
 03/08  02:00:00,56.7189522009,7.1945810001899995
 03/08  03:00:00,57.052944805900005,5.561471472869999
 03/08  04:00:00,57.9518266131,36.5510849808
 03/08  05:00:00,59.1850071395,45.0906357113
 03/08  06:00:00,59.6049047977,65.83374071760001
 03/08  07:00:00,63.476727358299996,731.73527025
 03/08  08:00:00,121.658207174,514.9130518430001
 03/08  09:00:00,166.40891519,381.39666157199997
 03/08  10:00:00,166.235512871,284.633978727
 03/08  11:00:00,169.635639889,213.562842287
 03/08  12:00:00,170.184838052,167.02042816
 03/08  13:00:00,169.770313625,158.72646811799999
 03/08  14:00:00,166.180550015,150.916834763
 03/08  15:00:00,166.30064308299998,135.984938507
 03/08  16:00:00,164.35312038799998,128.47238823799998
 03/08  17:00:00,163.235615282,99.2086355662
 03/08  18:00:00,119.932870443,124.57123815
 03/08  19:00:00,128.791755658,206.59311631
 03/08  20:00:00,129.367514464,224.055469373
 03/08  21:00:00,129.42269083600002,212.19781442200002
 03/08  22:00:00,55.476614920699994,11.8675786232
 03/08  23:00:00,55.3714331051,6.09712458288
 03/08  24:00:00,56.171168298599994,8.96296453333
 03/09  01:00:00,55.4097644921,3.22568
 03/09  02:00:00,55.42339970729999,6.090810984
 03/09  03:00:00,55.419503508999995,6.09061644018
 03/09  04:00:00,55.4124159466,3.22568
 03/09  05:00:00,55.6244994401,6.0906881038
 03/09  06:00:00,55.6068832141,6.0907597311
 03/09  07:00:00,61.6579973099,315.786803242
 03/09  08:00:00,120.389620386,293.302629389
 03/09  09:00:00,165.70796928299998,267.2198026
 03/09  10:00:00,165.668357338,227.593159733
 03/09  11:00:00,169.535178578,203.782230924
 03/09  12:00:00,170.144167784,163.793101974
 03/09  13:00:00,169.357532676,149.136851283
 03/09  14:00:00,165.37129749,144.630444421
 03/09  15:00:00,165.39705477200002,140.841653034
 03/09  16:00:00,163.381395959,133.569082864
 03/09  17:00:00,163.209310413,99.38455966709999
 03/09  18:00:00,119.93763847,107.103730346
 03/09  19:00:00,128.53637019200002,127.992340348
 03/09  20:00:00,128.762063727,134.96068295700002
 03/09  21:00:00,128.748601173,136.19697980700002
 03/09  22:00:00,55.566848434700006,8.98734528498
 03/09  23:00:00,55.4400927916,8.96794633436
 03/09  24:00:00,56.1995945296,6.094234667239999
 03/10  01:00:00,55.4498899491,6.090597621290001
 03/10  02:00:00,55.4384540977,3.22568
 03/10  03:00:00,55.427378789799995,6.09066691287
 03/10  04:00:00,55.42017243229999,6.090736210040001
 03/10  05:00:00,56.481068344099995,3.22568
 03/10  06:00:00,56.3119471095,6.0903703155499995
 03/10  07:00:00,62.1063251693,413.05772038699996
 03/10  08:00:00,120.567499179,302.625568075
 03/10  09:00:00,165.66201487,239.304187555
 03/10  10:00:00,165.584808355,213.604312255
 03/10  11:00:00,169.500775893,199.98703351700001
 03/10  12:00:00,170.189569267,174.05764844799998
 03/10  13:00:00,169.434762555,172.37552109
 03/10  14:00:00,165.43879903200002,152.382369518
 03/10  15:00:00,165.442199063,136.391262644
 03/10  16:00:00,163.52577541600002,127.58784610200001
 03/10  17:00:00,163.214423191,102.268960679
 03/10  18:00:00,119.930395625,105.25552835100001
 03/10  19:00:00,128.510494148,111.308296293
 03/10  20:00:00,128.51856767200002,121.22933643399999
 03/10  21:00:00,128.518547039,123.598915491
 03/10  22:00:00,55.4235932966,11.866659504100001
 03/10  23:00:00,55.4649170996,6.09690024049
 03/10  24:00:00,56.2249160116,6.09444543814
 03/11  01:00:00,55.5135926134,6.088859739909999
 03/11  02:00:00,55.517046703599995,3.22568
 03/11  03:00:00,55.490313923,6.088790994369999
 03/11  04:00:00,55.46200793,3.22568
 03/11  05:00:00,55.6669890322,3.22568
 03/11  06:00:00,55.6465920771,6.08889518992
 03/11  07:00:00,52.7969874923,3.22568
 03/11  08:00:00,47.0156226703,6.08882624556
 03/11  09:00:00,47.0198963034,3.22568
 03/11  10:00:00,47.040198348800004,6.09079844219
 03/11  11:00:00,47.0395429373,6.0905998725
 03/11  12:00:00,47.7334474562,3.22568
 03/11  13:00:00,47.0324293468,6.09066694108
 03/11  14:00:00,47.07710831560001,3.22568
 03/11  15:00:00,47.0914821101,6.08885436947
 03/11  16:00:00,47.0773471659,3.22568
 03/11  17:00:00,46.974610829899994,6.088785318919999
 03/11  18:00:00,46.971386241000005,3.22568
 03/11  19:00:00,54.1150391945,6.08888932155
 03/11  20:00:00,55.7558587561,3.22568
 03/11  21:00:00,55.7391418476,6.08882026579
 03/11  22:00:00,55.6179829584,3.22568
 03/11  23:00:00,55.4619155616,3.22568
 03/11  24:00:00,56.179331311400006,6.088924205930001
 03/12  01:00:00,55.4942078884,3.22568
 03/12  02:00:00,55.4761950751,6.088853379240001
 03/12  03:00:00,55.44688150020001,3.22568
 03/12  04:00:00,55.651661410900005,6.08878246957
 03/12  05:00:00,55.639723735699995,3.22568
 03/12  06:00:00,55.655250303500004,6.08888435107
 03/12  07:00:00,51.306554913,3.22568
 03/12  08:00:00,47.0273444936,6.090598633049999
 03/12  09:00:00,47.0525781839,3.22568
 03/12  10:00:00,47.0667123442,6.09066317016
 03/12  11:00:00,47.7716590345,6.09072766561
 03/12  12:00:00,47.0746274638,3.22568
 03/12  13:00:00,47.1725266429,6.090792102640001
 03/12  14:00:00,47.2051983372,6.08889845614
 03/12  15:00:00,47.181979252,3.22568
 03/12  16:00:00,47.0891288048,6.0888272504900005
 03/12  17:00:00,47.0945179373,3.22568
 03/12  18:00:00,47.0845043298,3.22568
 03/12  19:00:00,54.4152123506,6.08892886233
 03/12  20:00:00,55.810959607200004,3.22568
 03/12  21:00:00,55.683328087,6.08885765331
 03/12  22:00:00,55.5227929771,3.22568
 03/12  23:00:00,56.225511213400004,6.08878646806
 03/12  24:00:00,55.52698375560001,3.22568
 03/13  01:00:00,55.5461533737,6.09067087201
 03/13  02:00:00,55.5510776081,3.22568
 03/13  03:00:00,55.5389785015,6.09073256444
 03/13  04:00:00,55.749844513199996,6.09052945495
 03/13  05:00:00,55.705071150100004,6.09059146625
 03/13  06:00:00,63.9191209935,181.674747003
 03/13  07:00:00,124.345499575,160.691238549
 03/13  08:00:00,165.32208838100001,171.065245322
 03/13  09:00:00,165.35462981,177.52827692
 03/13  10:00:00,169.344944303,168.105948982
 03/13  11:00:00,170.046677173,138.03414031100002
 03/13  12:00:00,169.349020297,131.646945164
 03/13  13:00:00,165.418334407,122.380713306
 03/13  14:00:00,165.77848266200002,98.3673618391
 03/13  15:00:00,164.033179461,82.9041792101
 03/13  16:00:00,163.186267014,55.0439577079
 03/13  17:00:00,119.902554261,54.945861545
 03/13  18:00:00,119.901364982,63.2069837244
 03/13  19:00:00,127.26343602,58.833757276499995
 03/13  20:00:00,128.691455548,49.3522662513
 03/13  21:00:00,55.68965229,11.867323913599998
 03/13  22:00:00,55.568433435100005,6.09672310883
 03/13  23:00:00,56.298788761000004,6.094407218740001
 03/13  24:00:00,55.592134675,6.0906183692499996
 03/14  01:00:00,55.586192687200004,6.09067783768
 03/14  02:00:00,55.574753515699996,3.22568
 03/14  03:00:00,55.5637622441,6.090736859269999
 03/14  04:00:00,56.6437084084,6.09053138722
 03/14  05:00:00,56.4743515297,6.0905907363
 03/14  06:00:00,64.17994238050001,99.6286183378
 03/14  07:00:00,124.30392519899999,62.1498629816
 03/14  08:00:00,167.862287281,62.7197062576
 03/14  09:00:00,172.965576529,59.360116846800004
 03/14  10:00:00,187.46090405299998,55.345728668199996
 03/14  11:00:00,204.396794576,58.4439167738
 03/14  12:00:00,218.539838165,58.48349037770001
 03/14  13:00:00,223.504720798,43.5313637736
 03/14  14:00:00,229.711949844,38.3900799011
 03/14  15:00:00,222.914649108,23.6969774702
 03/14  16:00:00,205.250174654,8.9858159366
 03/14  17:00:00,151.537613449,6.095392404990001
 03/14  18:00:00,146.041923618,8.98137011983
 03/14  19:00:00,147.194515122,11.8751321869
 03/14  20:00:00,144.481318097,11.8661843649
 03/14  21:00:00,55.6556312758,11.8671503228
 03/14  22:00:00,55.6759598284,6.09708677104
 03/14  23:00:00,56.3694849909,6.094183353509999
 03/14  24:00:00,55.6571086992,6.0906613187
 03/15  01:00:00,55.6522030868,6.0907176525
 03/15  02:00:00,55.640410807600006,3.22568
 03/15  03:00:00,55.634701238999995,6.09077388766
 03/15  04:00:00,55.8732239728,6.09056595653
 03/15  05:00:00,55.8577990083,3.22568
 03/15  06:00:00,70.4794502174,50.4948896901
 03/15  07:00:00,131.764093046,26.9449761946
 03/15  08:00:00,174.01321902200002,43.973597599399994
 03/15  09:00:00,179.048440324,50.8410072903
 03/15  10:00:00,193.86365151099997,52.509749103800004
 03/15  11:00:00,206.794037668,55.494860618100006
 03/15  12:00:00,214.98925678400002,61.4260124634
 03/15  13:00:00,217.236113946,42.509173253600004
 03/15  14:00:00,228.43550476,39.3896265273
 03/15  15:00:00,228.22188932900002,23.6954224533
 03/15  16:00:00,210.900444719,6.11605493123
 03/15  17:00:00,157.37508393,8.96453109135
 03/15  18:00:00,153.567250209,8.98036060171
 03/15  19:00:00,153.58721044,11.873655400699999
 03/15  20:00:00,150.701340445,11.883492296300002
 03/15  21:00:00,55.88933170520001,8.985885853460001
 03/15  22:00:00,55.7009594747,8.96866944927
 03/15  23:00:00,56.4243121454,6.094141657890001
 03/15  24:00:00,55.7151731334,6.09070222934
 03/16  01:00:00,55.709957557299994,3.22568
 03/16  02:00:00,55.7175602938,6.09075501191
 03/16  03:00:00,55.7224919163,6.09054452215
 03/16  04:00:00,55.9862562133,6.0905982416499995
 03/16  05:00:00,55.9111702007,3.22568
 03/16  06:00:00,65.8606523501,46.496989298500004
 03/16  07:00:00,124.26771965100001,54.5854949071
 03/16  08:00:00,165.31786621700002,86.46871019129999
 03/16  09:00:00,165.831310895,80.8429656709
 03/16  10:00:00,173.436225199,73.93713499569999
 03/16  11:00:00,175.80651972099997,55.93728665770001
 03/16  12:00:00,175.881189427,58.615483105900005
 03/16  13:00:00,174.394525458,55.8218719158
 03/16  14:00:00,185.11212585400003,38.906234248000004
 03/16  15:00:00,191.66200234099998,26.59753571
 03/16  16:00:00,179.568684542,10.0317973333
 03/16  17:00:00,121.64911103200001,38.8272413194
 03/16  18:00:00,119.904360585,71.8409775022
 03/16  19:00:00,127.262560637,61.988382799300005
 03/16  20:00:00,128.683208047,51.0507956
 03/16  21:00:00,55.6917481487,11.867224376300001
 03/16  22:00:00,55.565375822,8.96832064367
 03/16  23:00:00,56.2924315059,6.09427821028
 03/16  24:00:00,55.577533703,3.22568
 03/17  01:00:00,55.5648231747,6.090735631059999
 03/17  02:00:00,55.559805251899995,6.0905224551499995
 03/17  03:00:00,55.5595378558,6.09057320257
 03/17  04:00:00,56.6329550667,3.22568
 03/17  05:00:00,56.4558397714,6.090623986930001
 03/17  06:00:00,64.1378282677,130.18222793200002
 03/17  07:00:00,122.85515155600001,104.84682358
 03/17  08:00:00,165.278623476,114.997860999
 03/17  09:00:00,165.308804191,123.111819252
 03/17  10:00:00,169.330493825,121.610176289
 03/17  11:00:00,170.450280955,94.3378542966
 03/17  12:00:00,169.985317625,75.2090288624
 03/17  13:00:00,166.244929077,69.9123829448
 03/17  14:00:00,166.482656579,65.2866704063
 03/17  15:00:00,164.39732945,117.056622025
 03/17  16:00:00,163.228117056,136.930832284
 03/17  17:00:00,119.946121998,136.056004089
 03/17  18:00:00,119.943207268,131.64752057799998
 03/17  19:00:00,127.144229945,157.429162142
 03/17  20:00:00,128.592426171,158.544905479
 03/17  21:00:00,55.3939048982,11.8673283075
 03/17  22:00:00,55.4394699063,6.097167666590001
 03/17  23:00:00,56.2040544738,6.09426657011
 03/17  24:00:00,55.4591811228,6.0907503506800005
 03/18  01:00:00,55.454614748800005,6.08876290224
 03/18  02:00:00,55.4515897647,3.22568
 03/18  03:00:00,55.445010884300004,3.22568
 03/18  04:00:00,55.6485827808,6.08884939696
 03/18  05:00:00,55.6281986289,3.22568
 03/18  06:00:00,55.6351039971,6.0887639638
 03/18  07:00:00,49.8474622021,3.22568
 03/18  08:00:00,46.9881293386,6.088850222940001
 03/18  09:00:00,46.995669308000004,3.22568
 03/18  10:00:00,46.9720247132,6.0905561302999995
 03/18  11:00:00,47.6919564313,6.09060401613
 03/18  12:00:00,46.9588083134,3.22568
 03/18  13:00:00,47.001517336199996,6.08889297194
 03/18  14:00:00,47.0209032534,3.22568
 03/18  15:00:00,47.013876328500004,6.08880734876
 03/18  16:00:00,46.917615687899996,3.22568
 03/18  17:00:00,46.917964445500004,6.08889340935
 03/18  18:00:00,46.9132253882,3.22568
 03/18  19:00:00,54.2648846516,3.22568
 03/18  20:00:00,55.677619583500004,6.08880777028
 03/18  21:00:00,55.56543350649999,3.22568
 03/18  22:00:00,55.4103555346,6.0888938196
 03/18  23:00:00,56.1292356733,3.22568
 03/18  24:00:00,55.3948646101,6.0888081745800005
 03/19  01:00:00,55.3944084654,3.22568
 03/19  02:00:00,55.3918029497,6.08889132355
 03/19  03:00:00,55.3798264104,3.22568
 03/19  04:00:00,55.5807696219,3.22568
 03/19  05:00:00,55.5616183107,6.088803305040001
 03/19  06:00:00,55.5738038629,3.22568
 03/19  07:00:00,49.7955871558,6.0888866735
 03/19  08:00:00,46.942919050600004,3.22568
 03/19  09:00:00,46.9702951021,6.09066807838
 03/19  10:00:00,46.9683010674,6.09071272338
 03/19  11:00:00,47.670955693100005,6.090494445009999
 03/19  12:00:00,46.94275084939999,3.22568
 03/19  13:00:00,46.9785792191,6.09053931314
 03/19  14:00:00,46.9934505898,3.22568
 03/19  15:00:00,46.985801056599996,6.0888060013
 03/19  16:00:00,46.890491342299995,3.22568
 03/19  17:00:00,46.881590531099995,6.0888891558000005
 03/19  18:00:00,46.8712179364,3.22568
 03/19  19:00:00,54.224356615699996,6.088800835210001
 03/19  20:00:00,55.634838732,3.22568
 03/19  21:00:00,55.5180758849,3.22568
 03/19  22:00:00,55.360332029700004,6.08888400655
 03/19  23:00:00,57.448289326099996,5.10869872267
 03/19  24:00:00,57.04176487229999,8.69460257173
 03/20  01:00:00,56.702813910500005,5.8309089728
 03/20  02:00:00,57.041399256800005,10.5309889387
 03/20  03:00:00,56.7034290101,11.0176913081
 03/20  04:00:00,57.7159948318,11.7392712625
 03/20  05:00:00,58.465829604300005,32.662356048
 03/20  06:00:00,66.172752432,661.609240776
 03/20  07:00:00,124.290942126,438.431926962
 03/20  08:00:00,166.392869885,356.78939637400003
 03/20  09:00:00,166.378982495,320.541678646
 03/20  10:00:00,170.362490017,301.23715778
 03/20  11:00:00,171.118587601,269.04958706599996
 03/20  12:00:00,170.35337922,261.511849078
 03/20  13:00:00,166.368159723,253.67742985900003
 03/20  14:00:00,166.352465035,235.929711323
 03/20  15:00:00,164.130460595,211.622771134
 03/20  16:00:00,163.827305607,188.156159453
 03/20  17:00:00,120.412104324,186.179861804
 03/20  18:00:00,120.31289664399999,191.28301456
 03/20  19:00:00,126.26912264399999,210.113573353
 03/20  20:00:00,129.108599839,211.759993994
 03/20  21:00:00,55.4883048847,11.866547091700001
 03/20  22:00:00,55.37432823020001,6.09692350076
 03/20  23:00:00,56.1615646665,6.09402675176
 03/20  24:00:00,55.3948812368,6.090516839269999
 03/21  01:00:00,55.3926429195,6.090555022030001
 03/21  02:00:00,55.3861417042,3.22568
 03/21  03:00:00,55.3800234209,6.09059313572
 03/21  04:00:00,56.4379507759,6.090631333509999
 03/21  05:00:00,57.2760458442,4.142766963480001
 03/21  06:00:00,66.07698960020001,520.257543554
 03/21  07:00:00,124.111233212,390.77581488
 03/21  08:00:00,166.254886651,285.388204933
 03/21  09:00:00,165.88052146200002,231.00057369299998
 03/21  10:00:00,169.668787069,216.715378603
 03/21  11:00:00,170.310528537,187.702429474
 03/21  12:00:00,169.883472711,189.640366673
 03/21  13:00:00,166.38073850799998,189.04607042799998
 03/21  14:00:00,166.63476033700002,173.082894692
 03/21  15:00:00,164.766048802,166.259108986
 03/21  16:00:00,163.526572149,132.88337189
 03/21  17:00:00,120.04869329,141.805158434
 03/21  18:00:00,120.103599796,156.85949618799998
 03/21  19:00:00,125.92310931799999,177.356909592
 03/21  20:00:00,128.849787397,182.19175166
 03/21  21:00:00,55.3526327695,11.8667023159
 03/21  22:00:00,55.4002252973,6.09709725391
 03/21  23:00:00,56.1851338715,6.09420066974
 03/21  24:00:00,55.4348688288,6.090693062200001
 03/22  01:00:00,55.4423462891,6.09072770899
 03/22  02:00:00,55.4435873501,3.22568
 03/22  03:00:00,55.4438712775,6.0905005246099995
 03/22  04:00:00,55.654054377799994,6.09053547049
 03/22  05:00:00,55.6431780726,3.22568
 03/22  06:00:00,64.0931712505,218.473468652
 03/22  07:00:00,122.883894056,158.152345796
 03/22  08:00:00,165.24587197600002,134.244149935
 03/22  09:00:00,165.245818939,107.324742115
 03/22  10:00:00,169.245528173,90.7219640907
 03/22  11:00:00,171.794520278,60.7388239616
 03/22  12:00:00,175.70105777900002,58.5324549989
 03/22  13:00:00,176.096895423,48.4220907388
 03/22  14:00:00,177.250386306,39.259251870300005
 03/22  15:00:00,172.617051781,36.7179551361
 03/22  16:00:00,166.857721366,21.1335400791
 03/22  17:00:00,120.40774177200001,31.3281171434
 03/22  18:00:00,119.849870585,44.8427067677
 03/22  19:00:00,125.78758369200001,49.5037680716
 03/22  20:00:00,128.63673331799998,46.6129762015
 03/22  21:00:00,55.629205761499996,11.866610426800001
 03/22  22:00:00,55.504232052,6.09696545866
 03/22  23:00:00,56.247904544399994,6.09407070754
 03/22  24:00:00,55.524353872700004,6.09056535789
 03/23  01:00:00,55.5198784424,6.09059672541
 03/23  02:00:00,55.5066009084,3.22568
 03/23  03:00:00,55.495656151999995,6.09062803265
 03/23  04:00:00,55.6994710424,6.090659436619999
 03/23  05:00:00,55.675123115,3.22568
 03/23  06:00:00,64.1141731673,326.65366587299997
 03/23  07:00:00,121.673559404,242.966799455
 03/23  08:00:00,165.84011930100002,289.695164897
 03/23  09:00:00,166.362722942,271.944810396
 03/23  10:00:00,170.353901925,259.487541657
 03/23  11:00:00,171.06032692899998,234.12284898400003
 03/23  12:00:00,170.14133442,209.29750294599998
 03/23  13:00:00,166.25973751200002,224.71857449599997
 03/23  14:00:00,166.324606938,228.47656025700002
 03/23  15:00:00,164.495984762,219.366627406
 03/23  16:00:00,163.90891675,186.378013028
 03/23  17:00:00,120.86327708399999,205.469682302
 03/23  18:00:00,120.943362362,213.82468434400002
 03/23  19:00:00,126.88052712700001,225.590916807
 03/23  20:00:00,129.73480244,242.07286630299998
 03/23  21:00:00,55.4572205409,11.8654208034
 03/23  22:00:00,55.355874907700006,6.09657272924
 03/23  23:00:00,56.1578739625,6.0941232992
 03/23  24:00:00,55.3903414045,6.09070033693
 03/24  01:00:00,55.3929703785,6.09046624469
 03/24  02:00:00,55.3864802821,3.22568
 03/24  03:00:00,55.3797180197,6.0904942248000005
 03/24  04:00:00,57.4493793446,6.63447012644
 03/24  05:00:00,57.950237049799995,4.436754398500001
 03/24  06:00:00,66.19684680270001,539.395061525
 03/24  07:00:00,122.741858316,441.729791604
 03/24  08:00:00,166.36597560299998,360.887494442
 03/24  09:00:00,166.361810371,322.091310115
 03/24  10:00:00,170.350737288,305.013170683
 03/24  11:00:00,171.107660649,276.151302164
 03/24  12:00:00,170.337114831,255.871119925
 03/24  13:00:00,166.355792539,243.157892468
 03/24  14:00:00,166.354703734,236.96909716099998
 03/24  15:00:00,164.407172515,221.306456051
 03/24  16:00:00,163.999131917,185.08259343900002
 03/24  17:00:00,120.88814762,209.92147872599998
 03/24  18:00:00,120.94359671299999,222.59905368900002
 03/24  19:00:00,126.672838975,242.927674498
 03/24  20:00:00,129.540566978,258.500389553
 03/24  21:00:00,55.301920164399995,8.98641500314
 03/24  22:00:00,55.35426966,8.96838836557
 03/24  23:00:00,56.15520391810001,6.09430488704
 03/24  24:00:00,55.3864285722,6.090521352940001
 03/25  01:00:00,55.386501448599994,3.22568
 03/25  02:00:00,55.3782993037,3.22568
 03/25  03:00:00,56.3834602096,6.6265051146500005
 03/25  04:00:00,56.8139913364,4.11612579027
 03/25  05:00:00,57.2489745647,7.630293165539999
 03/25  06:00:00,56.9238514926,5.3346232997500005
 03/25  07:00:00,50.0466185444,8.17699111542
 03/25  08:00:00,48.2899952466,5.0790092666
 03/25  09:00:00,48.3144194385,7.52441819962
 03/25  10:00:00,47.3020522946,3.4613743495300002
 03/25  11:00:00,47.6913006587,6.09048096495
 03/25  12:00:00,46.9499732859,6.090505596130001
 03/25  13:00:00,46.991419172200004,3.22568
 03/25  14:00:00,47.0116922841,6.08885056329
 03/25  15:00:00,47.002162300100004,3.22568
 03/25  16:00:00,46.9079494264,6.08874479262
 03/25  17:00:00,46.9082298764,3.22568
 03/25  18:00:00,46.9052040084,3.22568
 03/25  19:00:00,52.8270709595,6.08880919936
 03/25  20:00:00,55.6630085354,3.22568
 03/25  21:00:00,55.547027301499995,6.088873492359999
 03/25  22:00:00,55.3938578125,3.22568
 03/25  23:00:00,56.124778955500005,6.08876771551
 03/25  24:00:00,55.3881036972,3.22568
 03/26  01:00:00,55.3844581599,3.22568
 03/26  02:00:00,55.377609327600005,6.088829678130001
 03/26  03:00:00,55.371885845600005,3.22568
 03/26  04:00:00,55.5834978425,6.08872117059
 03/26  05:00:00,56.578552307200006,4.07432208103
 03/26  06:00:00,56.863379979099996,7.37669568156
 03/26  07:00:00,49.047383525200004,3.7309864859
 03/26  08:00:00,46.9478868342,6.090590135009999
 03/26  09:00:00,46.952252224,3.22568
 03/26  10:00:00,46.9414258566,6.09061096643
 03/26  11:00:00,47.6656143947,6.090631811360001
 03/26  12:00:00,46.9239034534,3.22568
 03/26  13:00:00,46.9640954391,6.09065265448
 03/26  14:00:00,46.9799571608,6.08875751117
 03/26  15:00:00,46.9719402648,3.22568
 03/26  16:00:00,46.8780497848,3.22568
 03/26  17:00:00,46.8802237243,6.088818488069999
 03/26  18:00:00,46.879967300299995,3.22568
 03/26  19:00:00,52.8083863707,6.088879846
 03/26  20:00:00,55.6487357855,3.22568
 03/26  21:00:00,55.5282913797,6.08877052289
 03/26  22:00:00,55.367414814899995,3.22568
 03/26  23:00:00,56.7763887993,6.690839477590001
 03/26  24:00:00,56.70460384890001,5.02044887833
 03/27  01:00:00,58.2820242418,33.6783100293
 03/27  02:00:00,57.8043997742,28.6845093284
 03/27  03:00:00,58.801233015200005,48.111027259
 03/27  04:00:00,58.967817051400004,46.471562286
 03/27  05:00:00,59.944602687,60.691815710200004
 03/27  06:00:00,66.27764170479999,723.593677015
 03/27  07:00:00,123.05990793,493.359984338
 03/27  08:00:00,166.422735695,388.727201332
 03/27  09:00:00,166.386926708,339.342858196
 03/27  10:00:00,170.363436265,320.341970206
 03/27  11:00:00,171.110338316,277.494386788
 03/27  12:00:00,170.343255527,261.323417131
 03/27  13:00:00,166.359152147,250.699567013
 03/27  14:00:00,166.357597789,246.01915409999998
 03/27  15:00:00,164.335026097,239.620875203
 03/27  16:00:00,164.21516345,209.696068768
 03/27  17:00:00,120.949846631,221.76791976
 03/27  18:00:00,120.95450128200001,238.561567693
 03/27  19:00:00,126.89595540200001,246.98076664
 03/27  20:00:00,129.751240402,260.636461407
 03/27  21:00:00,55.455296474499995,11.8659435362
 03/27  22:00:00,55.352619531,6.09698119854
 03/27  23:00:00,56.1517121861,8.96265235364
 03/27  24:00:00,55.384149986800004,3.22568
 03/28  01:00:00,55.384395571899994,6.09066696416
 03/28  02:00:00,55.377773561400005,6.09067989833
 03/28  03:00:00,55.593550773000004,3.36891473527
 03/28  04:00:00,57.7802589505,6.933362411160001
 03/28  05:00:00,57.6059169909,7.126365763839999
 03/28  06:00:00,66.2494087824,519.37165443
 03/28  07:00:00,122.72574469,407.43425878
 03/28  08:00:00,166.265809864,298.78870462599997
 03/28  09:00:00,165.802702883,225.34348532099997
 03/28  10:00:00,169.58927743799998,212.10874106
 03/28  11:00:00,170.181412056,167.180290055
 03/28  12:00:00,169.446921221,161.403878338
 03/28  13:00:00,165.909901209,160.538485282
 03/28  14:00:00,166.203855737,141.96524762200002
 03/28  15:00:00,164.29241750399999,125.308827111
 03/28  16:00:00,163.296616471,102.514525474
 03/28  17:00:00,119.915686814,113.922836726
 03/28  18:00:00,119.92829675200001,120.848468451
 03/28  19:00:00,124.266185202,144.11854858700002
 03/28  20:00:00,128.648091054,168.209233369
 03/28  21:00:00,55.354036520600005,10.768801851400001
 03/28  22:00:00,55.3851931351,8.96776484321
 03/28  23:00:00,56.1739358963,6.09399080584
 03/28  24:00:00,55.406235936499996,3.22568
 03/29  01:00:00,55.4096867629,6.09047756665
 03/29  02:00:00,55.4030896994,6.0904867754900005
 03/29  03:00:00,55.3955114237,3.22568
 03/29  04:00:00,55.602598882399995,6.09049615961
 03/29  05:00:00,55.5826515983,6.090505640680001
 03/29  06:00:00,65.4384611894,481.976668921
 03/29  07:00:00,121.173867269,366.45734556800005
 03/29  08:00:00,166.15275492,265.468612222
 03/29  09:00:00,165.655580403,204.44191681700002
 03/29  10:00:00,169.439591997,178.637330411
 03/29  11:00:00,170.046984269,128.97369515
 03/29  12:00:00,169.608338886,106.69994221299999
 03/29  13:00:00,166.018480041,97.49401068809999
 03/29  14:00:00,166.147087295,91.7522634819
 03/29  15:00:00,164.439855821,82.2373923738
 03/29  16:00:00,163.16800217,70.7477506827
 03/29  17:00:00,119.895636738,101.700575185
 03/29  18:00:00,119.921582411,118.95371172700001
 03/29  19:00:00,124.48931530799999,151.644693833
 03/29  20:00:00,128.841111814,170.40405268
 03/29  21:00:00,55.538846591,9.97083846778
 03/29  22:00:00,55.4332065249,8.96770393205
 03/29  23:00:00,56.2144309328,6.09395945783
 03/29  24:00:00,55.475245301899996,3.22568
 03/30  01:00:00,55.4717368523,6.09044903903
 03/30  02:00:00,55.4608777393,6.09045432676
 03/30  03:00:00,55.45662870859999,3.22568
 03/30  04:00:00,55.67223499560001,6.09045979704
 03/30  05:00:00,55.6572017218,6.09046537022
 03/30  06:00:00,64.1413781407,267.214188778
 03/30  07:00:00,120.19021985,231.25104319099998
 03/30  08:00:00,165.42423753100002,211.41442678299998
 03/30  09:00:00,165.42313078700002,195.106338261
 03/30  10:00:00,169.374417822,175.727082911
 03/30  11:00:00,170.07971989700002,151.988160741
 03/30  12:00:00,169.3529268,147.61369519
 03/30  13:00:00,165.383789249,145.618128089
 03/30  14:00:00,165.392893084,132.45550690299999
 03/30  15:00:00,163.60063396,116.19061786200001
 03/30  16:00:00,163.179829057,82.2018134652
 03/30  17:00:00,119.908264692,87.8830973734
 03/30  18:00:00,119.919115389,100.18186831700001
 03/30  19:00:00,124.43214188700001,109.404497249
 03/30  20:00:00,128.720628747,119.160220294
 03/30  21:00:00,55.5907318566,11.8648762021
 03/30  22:00:00,55.4742399704,6.0969001490100005
 03/30  23:00:00,56.2243947202,8.96248533354
 03/30  24:00:00,55.497644902,3.22568
 03/31  01:00:00,55.49027821399999,6.09058584412
 03/31  02:00:00,55.4828021899,6.0905870199
 03/31  03:00:00,55.4784564802,3.22568
 03/31  04:00:00,56.5362598045,6.090588364789999
 03/31  05:00:00,56.3665773892,6.0905898068
 03/31  06:00:00,64.3797903527,254.911128723
 03/31  07:00:00,120.097147846,191.49297557900002
 03/31  08:00:00,165.342666917,179.666632577
 03/31  09:00:00,165.352044024,169.566033221
 03/31  10:00:00,169.336780679,162.555828758
 03/31  11:00:00,170.062843362,140.261972641
 03/31  12:00:00,169.364150068,134.080082586
 03/31  13:00:00,165.64675616899999,125.339619776
 03/31  14:00:00,166.02883408600002,107.633481285
 03/31  15:00:00,164.283458677,94.67738712159999
 03/31  16:00:00,163.185644705,63.4036185828
 03/31  17:00:00,119.894550879,69.3353822612
 03/31  18:00:00,119.90250172799999,83.2526345074
 03/31  19:00:00,124.19963312600001,97.8526524361
 03/31  20:00:00,128.49782339700002,110.324456381
 03/31  21:00:00,55.4322483246,11.8655390127
 03/31  22:00:00,55.464816963500006,6.09668501298
 03/31  23:00:00,56.217737384799996,6.0942401307
 03/31  24:00:00,55.4784585958,6.0905779551100006
 04/01  01:00:00,55.468265828599996,3.22568
 04/01  02:00:00,55.4552739921,6.08883766747
 04/01  03:00:00,55.442658055699994,3.22568
 04/01  04:00:00,55.6445219824,6.0887089266
 04/01  05:00:00,55.6158464035,3.22568
 04/01  06:00:00,55.6162895243,6.08874840325
 04/01  07:00:00,46.9784976272,3.22568
 04/01  08:00:00,47.0028719571,3.22568
 04/01  09:00:00,47.0481736207,6.09041358368
 04/01  10:00:00,47.072512537600005,6.090411198180001
 04/01  11:00:00,47.7758462965,3.22568
 04/01  12:00:00,47.0835010837,6.090408838359999
 04/01  13:00:00,47.1427568977,3.6857730643199997
 04/01  14:00:00,47.165105806999996,5.62841070916
 04/01  15:00:00,47.138309188,3.22568
 04/01  16:00:00,47.020873155,6.08872053086
 04/01  17:00:00,47.0042887778,3.22568
 04/01  18:00:00,46.9967433679,6.0887597046
 04/01  19:00:00,51.4939985551,3.22568
 04/01  20:00:00,55.7662900712,6.08879882842
 04/01  21:00:00,55.6483133866,3.22568
 04/01  22:00:00,55.489390585900004,3.22568
 04/01  23:00:00,56.1898418912,6.08883790327
 04/01  24:00:00,55.4740972913,3.22568
 04/02  01:00:00,55.4671878806,6.08870690099
 04/02  02:00:00,55.4612522421,3.22568
 04/02  03:00:00,55.4542255551,6.08874282469
 04/02  04:00:00,55.666302620699994,3.22568
 04/02  05:00:00,55.6487505491,3.22568
 04/02  06:00:00,55.657992258,6.08877846085
 04/02  07:00:00,47.0188344845,3.22568
 04/02  08:00:00,47.018864717,6.09052568876
 04/02  09:00:00,47.0313779227,6.090519014319999
 04/02  10:00:00,47.027761005,3.22568
 04/02  11:00:00,47.7282004875,6.090512380730001
 04/02  12:00:00,47.0192305823,6.090505773509999
 04/02  13:00:00,47.054910419799995,3.22568
 04/02  14:00:00,47.0785418595,6.08878783344
 04/02  15:00:00,47.084667514399996,3.22568
 04/02  16:00:00,46.996668333100004,6.08882308214
 04/02  17:00:00,46.9908213338,3.22568
 04/02  18:00:00,46.981945700000004,6.0886903524000004
 04/02  19:00:00,51.4670755683,3.22568
 04/02  20:00:00,55.7242940427,3.22568
 04/02  21:00:00,55.601452719300006,6.08872571005
 04/02  22:00:00,55.4420005162,3.22568
 04/02  23:00:00,56.159188830699996,6.088761018169999
 04/02  24:00:00,55.419756291999995,3.22568
 04/03  01:00:00,55.404213862700004,6.09051370345
 04/03  02:00:00,55.3918958648,3.22568
 04/03  03:00:00,55.384485356899994,6.090502502710001
 04/03  04:00:00,55.5935749955,6.09049148204
 04/03  05:00:00,55.5749502696,3.22568
 04/03  06:00:00,64.083169946,571.786624822
 04/03  07:00:00,121.201548714,383.655427083
 04/03  08:00:00,166.341073606,291.047262563
 04/03  09:00:00,165.778474838,205.95230659700002
 04/03  10:00:00,169.415173458,163.851811532
 04/03  11:00:00,170.027693689,123.634194486
 04/03  12:00:00,169.29697466,107.02996128
 04/03  13:00:00,165.697862836,90.941513725
 04/03  14:00:00,166.300537867,71.47754714220001
 04/03  15:00:00,164.76015758100002,54.0571796133
 04/03  16:00:00,163.332635329,31.6780141765
 04/03  17:00:00,119.852867179,45.7476514532
 04/03  18:00:00,119.87857913,79.07166385010001
 04/03  19:00:00,124.405972229,108.75630657200001
 04/03  20:00:00,128.70874782299998,125.117684092
 04/03  21:00:00,55.5540482047,11.865149739300001
 04/03  22:00:00,55.448780582,8.96717131366
 04/03  23:00:00,56.2218911188,6.09412321904
 04/03  24:00:00,55.4828752269,3.22568
 04/04  01:00:00,55.4865760701,6.09044912147
 04/04  02:00:00,55.491329141499996,6.0904336549
 04/04  03:00:00,55.4945006366,3.22568
 04/04  04:00:00,56.557931340900005,6.09041839048
 04/04  05:00:00,56.394773639200004,6.09040324894
 04/04  06:00:00,62.8280166466,175.834565029
 04/04  07:00:00,120.053908329,157.031682166
 04/04  08:00:00,165.34530168,177.993074777
 04/04  09:00:00,165.401478511,198.738230633
 04/04  10:00:00,169.418721185,198.470938728
 04/04  11:00:00,170.146357356,170.716698822
 04/04  12:00:00,169.45696931,178.141212284
 04/04  13:00:00,165.492709327,175.611340031
 04/04  14:00:00,165.508665019,163.228240556
 04/04  15:00:00,163.58480805899998,163.364453728
 04/04  16:00:00,163.358164797,150.977409679
 04/04  17:00:00,120.167239495,171.090744048
 04/04  18:00:00,120.264229449,189.69346552599998
 04/04  19:00:00,124.639601455,200.920255969
 04/04  20:00:00,128.912440186,195.024759972
 04/04  21:00:00,55.357201035799996,8.98515747111
 04/04  22:00:00,55.3994163578,8.967346819380001
 04/04  23:00:00,56.179937295500004,6.09377507221
 04/04  24:00:00,55.4238444115,3.22568
 04/05  01:00:00,55.4199012048,6.090538178819999
 04/05  02:00:00,55.4146053092,6.09051827119
 04/05  03:00:00,55.4165086709,3.22568
 04/05  04:00:00,55.631576464700004,6.0904985731300005
 04/05  05:00:00,55.6109990712,6.09047900398
 04/05  06:00:00,63.341831237200005,375.13155891599996
 04/05  07:00:00,120.61035983299999,299.974781728
 04/05  08:00:00,165.612851815,219.77633523400002
 04/05  09:00:00,165.456506111,177.942394241
 04/05  10:00:00,169.344586375,149.224227242
 04/05  11:00:00,170.065904943,112.391949294
 04/05  12:00:00,169.85866087,117.252204731
 04/05  13:00:00,166.352208256,150.380206676
 04/05  14:00:00,166.792553647,148.435601435
 04/05  15:00:00,165.062250823,137.598683258
 04/05  16:00:00,163.407038132,108.790740515
 04/05  17:00:00,119.945890012,114.45974280600001
 04/05  18:00:00,119.97680063899999,128.8187656
 04/05  19:00:00,124.551174032,156.00693349899998
 04/05  20:00:00,128.90015141799998,167.763065729
 04/05  21:00:00,55.531044372299995,11.8644707155
 04/05  22:00:00,55.4163067641,6.09681461806
 04/05  23:00:00,56.1962928263,8.96230258411
 04/05  24:00:00,55.4436711175,3.22568
 04/06  01:00:00,55.446997342299994,6.0904993532
 04/06  02:00:00,55.4429240033,6.09047508463
 04/06  03:00:00,55.4333440455,3.22568
 04/06  04:00:00,55.636333423100005,6.090451023180001
 04/06  05:00:00,55.6114293834,6.09042709072
 04/06  06:00:00,63.32940367,381.17911855
 04/06  07:00:00,120.60360683799999,290.590027961
 04/06  08:00:00,165.544072375,204.480734234
 04/06  09:00:00,165.400945754,165.564054529
 04/06  10:00:00,169.321443875,141.789105075
 04/06  11:00:00,170.13313773299998,107.363076315
 04/06  12:00:00,170.012149225,84.6776338126
 04/06  13:00:00,166.7621095,68.3023977001
 04/06  14:00:00,169.121332358,52.8889135681
 04/06  15:00:00,171.094061719,38.6394727679
 04/06  16:00:00,169.735066784,18.1662958059
 04/06  17:00:00,124.523534133,18.5935383351
 04/06  18:00:00,121.081290974,31.698731422199998
 04/06  19:00:00,122.941547525,47.5272662345
 04/06  20:00:00,128.646845268,67.17434086
 04/06  21:00:00,55.5964819541,11.8649132071
 04/06  22:00:00,55.482699512299995,6.09664003436
 04/06  23:00:00,56.2405227562,6.093766614430001
 04/06  24:00:00,55.505865876499996,6.090556858230001
 04/07  01:00:00,55.514597013199996,6.0905275434899995
 04/07  02:00:00,55.5099245568,3.22568
 04/07  03:00:00,55.4944333021,6.090498849369999
 04/07  04:00:00,56.5477825612,6.09047033508
 04/07  05:00:00,56.4089240473,3.22568
 04/07  06:00:00,62.738552451800004,131.509012029
 04/07  07:00:00,119.95185555200001,80.6095372742
 04/07  08:00:00,165.753858146,65.6217874325
 04/07  09:00:00,169.344968711,60.252216439899996
 04/07  10:00:00,176.04373770900003,61.431158142200005
 04/07  11:00:00,181.976710616,55.4813147377
 04/07  12:00:00,188.065098827,58.4569500259
 04/07  13:00:00,188.39489821599997,42.482256131999996
 04/07  14:00:00,192.122321366,36.4472704137
 04/07  15:00:00,188.140130458,23.7010907431
 04/07  16:00:00,177.62894316599997,8.99772330862
 04/07  17:00:00,129.20083270799998,8.79348769615
 04/07  18:00:00,127.397290633,15.264649540499999
 04/07  19:00:00,129.695226704,19.6494889413
 04/07  20:00:00,136.637344419,17.918971117799998
 04/07  21:00:00,55.5834869721,8.98451254642
 04/07  22:00:00,55.6153158758,8.96776456444
 04/07  23:00:00,56.348883113,6.09397952791
 04/07  24:00:00,55.6306757653,3.22568
 04/08  01:00:00,55.6306692088,6.088726789680001
 04/08  02:00:00,55.619922680100004,3.22568
 04/08  03:00:00,55.6106228638,6.08873831873
 04/08  04:00:00,55.8293192972,3.22568
 04/08  05:00:00,55.793781545200005,6.08874954208
 04/08  06:00:00,54.3641209166,3.22568
 04/08  07:00:00,47.1624727139,3.22568
 04/08  08:00:00,47.195775177200005,6.0887605773899995
 04/08  09:00:00,47.2595817853,6.0904790471800005
 04/08  10:00:00,47.278618121499996,3.22568
 04/08  11:00:00,47.9712225926,6.09044614054
 04/08  12:00:00,47.2885293723,6.090413299780001
 04/08  13:00:00,47.3432812624,3.22568
 04/08  14:00:00,47.3654648988,3.22568
 04/08  15:00:00,47.3418936836,6.08874376095
 04/08  16:00:00,47.2224335864,3.22568
 04/08  17:00:00,47.1952588232,6.088754590060001
 04/08  18:00:00,47.1872020254,3.22568
 04/08  19:00:00,50.29150850560001,6.08876538681
 04/08  20:00:00,55.980481486,3.22568
 04/08  21:00:00,55.8325917141,3.22568
 04/08  22:00:00,55.6371229509,6.08877615962
 04/08  23:00:00,56.3154529463,3.22568
 04/08  24:00:00,55.611095830100005,6.088786913530001
 04/09  01:00:00,55.587522211099994,3.22568
 04/09  02:00:00,55.580723190600004,6.08879330115
 04/09  03:00:00,55.579968166,3.22568
 04/09  04:00:00,55.794959838100006,3.22568
 04/09  05:00:00,55.7731979097,6.088800222940001
 04/09  06:00:00,52.92478927729999,3.22568
 04/09  07:00:00,47.147588629,6.0886410814400005
 04/09  08:00:00,47.1548316897,3.22568
 04/09  09:00:00,47.186981757299996,6.09052579462
 04/09  10:00:00,47.1981798233,6.09048825544
 04/09  11:00:00,47.8797493732,3.22568
 04/09  12:00:00,47.198455108800005,6.09045078531
 04/09  13:00:00,47.242789790500005,6.090413368609999
 04/09  14:00:00,47.2741039005,3.22568
 04/09  15:00:00,47.2671689973,6.08866467473
 04/09  16:00:00,47.161940711599996,3.22568
 04/09  17:00:00,47.140025048599995,3.22568
 04/09  18:00:00,47.0942756599,6.08867126916
 04/09  19:00:00,50.142370979700004,3.22568
 04/09  20:00:00,55.837256543500004,6.08867784861
 04/09  21:00:00,55.7087449098,3.22568
 04/09  22:00:00,55.542156948199995,6.08868441321
 04/09  23:00:00,56.2324488265,3.22568
 04/09  24:00:00,55.526568053000005,3.22568
 04/10  01:00:00,55.5252041403,6.09053774535
 04/10  02:00:00,55.4962838987,6.0904951572099995
 04/10  03:00:00,55.4678191437,3.22568
 04/10  04:00:00,55.6713465945,6.09045280526
 04/10  05:00:00,55.653916170900004,6.090410605030001
 04/10  06:00:00,61.238725763400005,323.503855867
 04/10  07:00:00,120.14937442700001,215.96424709
 04/10  08:00:00,165.431414751,209.068009381
 04/10  09:00:00,165.462878059,203.364162334
 04/10  10:00:00,169.38777893399998,173.434178703
 04/10  11:00:00,170.05767073200002,129.976336786
 04/10  12:00:00,169.33794213,122.76153064299999
 04/10  13:00:00,165.401698214,119.054331457
 04/10  14:00:00,165.605957439,143.350274798
 04/10  15:00:00,163.77386173600001,185.344403244
 04/10  16:00:00,163.410113757,166.581072875
 04/10  17:00:00,120.19070019899999,171.586399556
 04/10  18:00:00,120.21486715200001,175.915978079
 04/10  19:00:00,123.28764927799999,179.009583105
 04/10  20:00:00,128.989855767,180.88047506599997
 04/10  21:00:00,55.5208478486,8.985000820389999
 04/10  22:00:00,55.414821223500006,8.96730716502
 04/10  23:00:00,56.194730799,6.09374831153
 04/10  24:00:00,55.457029176199995,3.22568
 04/11  01:00:00,55.4559839703,6.09052773247
 04/11  02:00:00,55.452003713,6.09048042175
 04/11  03:00:00,55.4471908809,3.22568
 04/11  04:00:00,56.503591533000005,6.09043336086
 04/11  05:00:00,56.3295864481,6.09038646081
 04/11  06:00:00,61.833336027200005,301.18894598400004
 04/11  07:00:00,120.30827358799999,259.665461133
 04/11  08:00:00,165.493833642,217.600024867
 04/11  09:00:00,165.433586768,189.05040314299998
 04/11  10:00:00,169.402432046,182.480187855
 04/11  11:00:00,170.10122569799998,154.404519269
 04/11  12:00:00,169.513463538,144.126321708
 04/11  13:00:00,165.90460289700002,132.82862267
 04/11  14:00:00,166.24537157,117.81805226600001
 04/11  15:00:00,164.529824174,96.0306545407
 04/11  16:00:00,163.21787645700002,63.2598031895
 04/11  17:00:00,119.87448123200001,71.06177219930001
 04/11  18:00:00,119.895344418,93.6326158735
 04/11  19:00:00,122.81469723200001,133.366804822
 04/11  20:00:00,128.573836989,146.047421855
 04/11  21:00:00,55.4004598994,11.8639289878
 04/11  22:00:00,55.450309843199996,6.09669062628
 04/11  23:00:00,56.216433879200004,8.96204260899
 04/11  24:00:00,55.4787667012,3.22568
 04/12  01:00:00,55.4800152725,6.09037494387
 04/12  02:00:00,55.474046936499995,6.09032302814
 04/12  03:00:00,55.468829763500004,3.22568
 04/12  04:00:00,55.6821374624,6.0905233277
 04/12  05:00:00,55.667159678699996,3.22568
 04/12  06:00:00,61.148825672600005,223.95657267599998
 04/12  07:00:00,120.03810669299999,147.084973128
 04/12  08:00:00,165.270684671,124.409254689
 04/12  09:00:00,165.279663605,115.56656963799999
 04/12  10:00:00,169.283080377,108.239589187
 04/12  11:00:00,170.014730114,81.217635674
 04/12  12:00:00,169.361053381,81.0909130026
 04/12  13:00:00,165.68441716,78.5939844803
 04/12  14:00:00,165.93665650100002,69.2789205416
 04/12  15:00:00,164.073415968,75.4277960467
 04/12  16:00:00,163.180682715,60.639812173900005
 04/12  17:00:00,119.90110010299999,68.2432072724
 04/12  18:00:00,119.922431905,104.213170151
 04/12  19:00:00,123.07585383,167.571053782
 04/12  20:00:00,128.83778999,181.24462184900003
 04/12  21:00:00,55.5528418662,11.863749244700001
 04/12  22:00:00,55.4378653614,6.096371588509999
 04/12  23:00:00,56.1993226793,6.093934775399999
 04/12  24:00:00,55.46119787600001,6.090314345580001
 04/13  01:00:00,55.46197552979999,3.22568
 04/13  02:00:00,55.456359989,6.0905084917900005
 04/13  03:00:00,55.451315562,6.09045173792
 04/13  04:00:00,55.6545448108,3.22568
 04/13  05:00:00,55.6316173853,6.09039519033
 04/13  06:00:00,61.5728611487,362.12582353199997
 04/13  07:00:00,120.389266744,263.196976338
 04/13  08:00:00,165.515423142,209.22498462099998
 04/13  09:00:00,165.528338849,202.69693706700002
 04/13  10:00:00,169.520019076,199.00934509400003
 04/13  11:00:00,170.200329093,163.168932913
 04/13  12:00:00,169.799089904,150.258811587
 04/13  13:00:00,166.085120578,138.2566937
 04/13  14:00:00,166.415632413,143.82532979
 04/13  15:00:00,164.593851889,157.747623468
 04/13  16:00:00,163.284010524,122.55244682700001
 04/13  17:00:00,119.96012535700001,114.248951711
 04/13  18:00:00,119.970268641,123.50800864700001
 04/13  19:00:00,123.11690815600001,152.317209536
 04/13  20:00:00,128.895238611,169.26748631700002
 04/13  21:00:00,55.5282549549,8.98442173984
 04/13  22:00:00,55.415120262799995,8.96679969777
 04/13  23:00:00,56.1946870675,6.09391690711
 04/13  24:00:00,55.441641580100004,3.22568
 04/14  01:00:00,55.441441482200005,6.09027992733
 04/14  02:00:00,55.435556373400004,6.09046924717
 04/14  03:00:00,55.435445745900005,3.22568
 04/14  04:00:00,56.495060461899996,6.0904077461399995
 04/14  05:00:00,56.32670807109999,6.0903464163
 04/14  06:00:00,61.850162606400005,314.477788594
 04/14  07:00:00,120.360263119,269.015617383
 04/14  08:00:00,165.583531368,239.33772898400002
 04/14  09:00:00,165.60781012299998,224.899230052
 04/14  10:00:00,169.61187738,220.807685053
 04/14  11:00:00,170.321627154,195.410780794
 04/14  12:00:00,169.527127218,184.242978012
 04/14  13:00:00,165.511344743,174.00833535200002
 04/14  14:00:00,165.46405720799999,152.682865198
 04/14  15:00:00,163.409349396,126.33973346799999
 04/14  16:00:00,163.20058787,88.6156769263
 04/14  17:00:00,119.891574121,64.1805698909
 04/14  18:00:00,121.26961653,37.1107538308
 04/14  19:00:00,127.700919901,31.986252211900002
 04/14  20:00:00,133.260548841,32.6044818133
 04/14  21:00:00,55.5104014534,8.983575714019999
 04/14  22:00:00,55.5059500049,8.96684336199
 04/14  23:00:00,56.2338641111,6.09364218966
 04/14  24:00:00,55.4923999711,6.0903589255199995
 04/15  01:00:00,55.4767763954,3.22568
 04/15  02:00:00,55.4678672745,3.22568
 04/15  03:00:00,55.462569955,6.08868204837
 04/15  04:00:00,55.6718536025,3.22568
 04/15  05:00:00,55.653309435699995,6.088662287030001
 04/15  06:00:00,51.3761068346,3.22568
 04/15  07:00:00,47.0284014272,6.08864234693
 04/15  08:00:00,47.0385261564,3.22568
 04/15  09:00:00,47.0522086243,6.09046332908
 04/15  10:00:00,47.0322313714,3.22568
 04/15  11:00:00,47.7280853766,6.09039709386
 04/15  12:00:00,47.0072633062,6.09033095691
 04/15  13:00:00,47.0482607112,3.22568
 04/15  14:00:00,47.0545835995,3.22568
 04/15  15:00:00,47.0367543085,6.0886587743
 04/15  16:00:00,46.9389439582,3.22568
 04/15  17:00:00,46.9373010584,6.08863859674
 04/15  18:00:00,46.9386117957,3.22568
 04/15  19:00:00,48.5747179027,6.088618414219999
 04/15  20:00:00,55.6941090454,3.22568
 04/15  21:00:00,55.5760533739,3.22568
 04/15  22:00:00,55.4169205165,6.08876214306
 04/15  23:00:00,56.140637241,3.22568
 04/15  24:00:00,55.403864408900006,6.08874184051
 04/16  01:00:00,55.401350146999995,3.22568
 04/16  02:00:00,55.390663420699994,3.22568
 04/16  03:00:00,55.3744119657,6.08871653694
 04/16  04:00:00,55.583929732799994,3.22568
 04/16  05:00:00,56.578687423000005,7.726349133210001
 04/16  06:00:00,52.3031200876,5.0897242483300005
 04/16  07:00:00,47.634344218100004,7.0733129972399995
 04/16  08:00:00,46.939875849399996,3.22568
 04/16  09:00:00,46.9523885013,6.0904086800199995
 04/16  10:00:00,46.9455722351,6.09033754786
 04/16  11:00:00,47.6680957055,3.22568
 04/16  12:00:00,46.9254235429,6.09026650336
 04/16  13:00:00,46.9649024714,3.22568
 04/16  14:00:00,46.9807360554,6.088713037560001
 04/16  15:00:00,46.9790859221,3.22568
 04/16  16:00:00,46.896922098299996,6.08868819479
 04/16  17:00:00,46.9019328132,3.22568
 04/16  18:00:00,46.897140899600004,6.08866334254
 04/16  19:00:00,48.527969900600006,3.22568
 04/16  20:00:00,55.6536539179,3.22568
 04/16  21:00:00,55.53456654399999,6.0887207532200005
 04/16  22:00:00,55.37490576689999,3.22568
 04/16  23:00:00,56.1104284321,6.088613652159999
 04/16  24:00:00,55.363642016499995,3.22568
 04/17  01:00:00,56.3711709613,7.784767758380001
 04/17  02:00:00,57.0435333653,6.926270683230001
 04/17  03:00:00,56.703898967,10.2647468777
 04/17  04:00:00,57.6713208413,20.579710102
 04/17  05:00:00,58.641979883000005,33.4990024977
 04/17  06:00:00,61.917147424300005,688.3507679060001
 04/17  07:00:00,121.448403131,445.411500653
 04/17  08:00:00,166.383720773,338.531764964
 04/17  09:00:00,166.269407725,273.09794369
 04/17  10:00:00,169.814520955,227.502883249
 04/17  11:00:00,170.376051807,197.12520414
 04/17  12:00:00,169.552701956,187.10515380099997
 04/17  13:00:00,165.6339695,167.947778296
 04/17  14:00:00,165.81629810200002,138.05599704600002
 04/17  15:00:00,163.885508915,121.868702587
 04/17  16:00:00,163.20316840700002,106.46569334799999
 04/17  17:00:00,119.94086717,120.070929373
 04/17  18:00:00,119.958791408,128.425931001
 04/17  19:00:00,121.696997903,161.649591888
 04/17  20:00:00,128.862780202,160.616513247
 04/17  21:00:00,55.5206368084,11.8635469224
 04/17  22:00:00,55.416521208999995,6.09630117658
 04/17  23:00:00,56.1981184099,6.09386813048
 04/17  24:00:00,55.4487104598,6.090266782940001
 04/18  01:00:00,55.455855270200004,3.22568
 04/18  02:00:00,55.4517516968,6.09043323553
 04/18  03:00:00,55.4477035616,6.090351689369999
 04/18  04:00:00,56.5081284285,3.22568
 04/18  05:00:00,56.34063728939999,6.090270369930001
 04/18  06:00:00,60.22680520270001,262.418845961
 04/18  07:00:00,120.152550189,212.200683385
 04/18  08:00:00,165.346373736,180.50625835099999
 04/18  09:00:00,165.359302975,172.73721295599998
 04/18  10:00:00,169.33057518299998,162.52205459700002
 04/18  11:00:00,170.037948874,135.20265151200002
 04/18  12:00:00,169.33349971200002,125.72493208600001
 04/18  13:00:00,165.552057681,113.695653612
 04/18  14:00:00,166.096892457,96.76782416399999
 04/18  15:00:00,165.124384359,55.6028095549
 04/18  16:00:00,166.56781964799998,23.1680830687
 04/18  17:00:00,123.566377727,22.331926083400003
 04/18  18:00:00,120.285648513,39.5084959884
 04/18  19:00:00,121.312714589,79.3587477725
 04/18  20:00:00,128.48457954399998,108.338714037
 04/18  21:00:00,55.42451199,8.983384461810001
 04/18  22:00:00,55.4717215072,8.966852319500001
 04/18  23:00:00,56.2309340565,6.09351174886
 04/18  24:00:00,55.4926592817,3.22568
 04/19  01:00:00,55.4879269276,6.09031526484
 04/19  02:00:00,55.474314327399995,6.09022857666
 04/19  03:00:00,55.456188823299996,3.22568
 04/19  04:00:00,55.6556059572,6.09039022849
 04/19  05:00:00,55.6330492091,6.09030381742
 04/19  06:00:00,60.179237854600004,381.189558079
 04/19  07:00:00,120.33401640700001,234.111131901
 04/19  08:00:00,165.365017996,159.642348229
 04/19  09:00:00,165.31637482899998,127.493324158
 04/19  10:00:00,169.348849603,105.73666703100001
 04/19  11:00:00,170.443497681,66.518296261
 04/19  12:00:00,174.000233567,55.736004728999994
 04/19  13:00:00,173.87161692799998,51.674549416000005
 04/19  14:00:00,179.108793474,40.2334793625
 04/19  15:00:00,181.364640952,26.924986249
 04/19  16:00:00,176.07797343400003,9.22469163847
 04/19  17:00:00,129.029808978,10.2030458016
 04/19  18:00:00,125.899075185,21.7287731287
 04/19  19:00:00,123.205342445,27.492179453200002
 04/19  20:00:00,128.66772753700002,37.0751317863
 04/19  21:00:00,55.6765062046,8.98374737939
 04/19  22:00:00,55.564769694300004,8.96711948229
 04/19  23:00:00,56.3030476,6.09377083507
 04/19  24:00:00,55.5930167395,6.090255029090001
 04/20  01:00:00,55.592007153999994,3.22568
 04/20  02:00:00,55.582706967,6.090408797769999
 04/20  03:00:00,55.5814991515,6.0903170513300005
 04/20  04:00:00,55.7984513391,3.22568
 04/20  05:00:00,55.7693205789,6.0902255191
 04/20  06:00:00,59.4847897689,107.40761010899999
 04/20  07:00:00,119.98383142899999,98.8515096361
 04/20  08:00:00,165.45369935,71.1268589368
 04/20  09:00:00,168.818551167,61.8023241016
 04/20  10:00:00,175.150822769,66.21113712020001
 04/20  11:00:00,179.725329587,55.454670406800005
 04/20  12:00:00,182.397875183,55.5031689832
 04/20  13:00:00,173.66275481,50.771780587399995
 04/20  14:00:00,171.055248097,50.673296791999995
 04/20  15:00:00,173.10704651,38.1745230407
 04/20  16:00:00,171.770858349,17.8365612979
 04/20  17:00:00,126.662403092,19.8928896806
 04/20  18:00:00,123.26313190100001,24.7896682573
 04/20  19:00:00,121.54545159799999,41.8285947284
 04/20  20:00:00,128.676148225,76.1126056301
 04/20  21:00:00,55.6123543283,11.862578695
 04/20  22:00:00,55.497198995299996,6.09601342316
 04/20  23:00:00,56.252371879399995,6.0935826638199995
 04/20  24:00:00,55.5245089882,6.09024131179
 04/21  01:00:00,55.516178843,3.22568
 04/21  02:00:00,55.492247346400006,6.0903899058099995
 04/21  03:00:00,55.474780468999995,6.0902929542
 04/21  04:00:00,56.5221101364,3.22568
 04/21  05:00:00,56.345248645299996,6.090196229380001
 04/21  06:00:00,58.879770829499996,363.12342997400003
 04/21  07:00:00,120.297512466,242.544716815
 04/21  08:00:00,165.364357799,159.448497126
 04/21  09:00:00,165.29381524299998,106.06571649799999
 04/21  10:00:00,169.366332678,85.3805443217
 04/21  11:00:00,172.240007297,57.0609572024
 04/21  12:00:00,174.96596883,55.5021665493
 04/21  13:00:00,174.913138796,49.3040097969
 04/21  14:00:00,176.21667912400002,44.1236126951
 04/21  15:00:00,175.08121068,34.7777167559
 04/21  16:00:00,169.16507831299998,19.9421744101
 04/21  17:00:00,122.78758711399999,24.3520244893
 04/21  18:00:00,120.991176985,27.5173542525
 04/21  19:00:00,121.28593426200001,41.8543785715
 04/21  20:00:00,128.445262918,67.00771199569999
 04/21  21:00:00,55.436933463500004,11.862194165
 04/21  22:00:00,55.4783192587,6.09634041104
 04/21  23:00:00,56.2395380326,6.093782475599999
 04/21  24:00:00,55.4990476014,6.090274304659999
 04/22  01:00:00,55.4978375302,3.22568
 04/22  02:00:00,55.4862121578,3.22568
 04/22  03:00:00,55.4727404645,6.088678939049999
 04/22  04:00:00,55.6739791404,3.22568
 04/22  05:00:00,55.6479411391,6.08862586881
 04/22  06:00:00,49.925702223,3.22568
 04/22  07:00:00,47.025168989099996,6.088572617530001
 04/22  08:00:00,47.0692493521,3.22568
 04/22  09:00:00,47.121046325600005,6.0902404697899994
 04/22  10:00:00,47.138975605,3.22568
 04/22  11:00:00,47.830149179399996,6.090384953150001
 04/22  12:00:00,47.1534585032,6.0902830646099995
 04/22  13:00:00,47.216104943999994,3.22568
 04/22  14:00:00,47.254226420100004,3.22568
 04/22  15:00:00,47.2582948602,6.08860790472
 04/22  16:00:00,47.172322663,3.22568
 04/22  17:00:00,47.17030135270001,6.088715882490001
 04/22  18:00:00,47.1544413813,3.22568
 04/22  19:00:00,48.7795550305,3.22568
 04/22  20:00:00,55.8603480883,6.08866230554
 04/22  21:00:00,55.7138040955,3.22568
 04/22  22:00:00,55.543683441300004,6.08860873505
 04/22  23:00:00,56.232867483999996,3.22568
 04/22  24:00:00,55.519272057799995,6.08824904007
 04/23  01:00:00,55.509231855900005,3.22568
 04/23  02:00:00,55.4937779829,3.22568
 04/23  03:00:00,55.4792030735,6.08865745958
 04/23  04:00:00,55.685066159099996,3.22568
 04/23  05:00:00,55.65941224979999,6.08859947673
 04/23  06:00:00,49.948162915699996,3.22568
 04/23  07:00:00,47.050457350600006,3.22568
 04/23  08:00:00,47.088168961099996,6.0904028623199995
 04/23  09:00:00,47.1375817767,6.09029565237
 04/23  10:00:00,47.1786727194,3.22568
 04/23  11:00:00,47.8769323058,6.090188567439999
 04/23  12:00:00,47.195102928900006,6.09032730648
 04/23  13:00:00,47.2574642375,3.22568
 04/23  14:00:00,47.2725549321,6.088596718940001
 04/23  15:00:00,47.250086707600005,3.22568
 04/23  16:00:00,47.1536442227,6.0886994009899995
 04/23  17:00:00,47.151209101899994,3.22568
 04/23  18:00:00,47.131514183,3.22568
 04/23  19:00:00,47.330587137100004,6.08864089464
 04/23  20:00:00,55.8499539633,3.22568
 04/23  21:00:00,55.6976025259,6.088582402999999
 04/23  22:00:00,55.5233152172,3.22568
 04/23  23:00:00,56.2165240555,3.22568
 04/23  24:00:00,55.4912675982,6.08868509517
 04/24  01:00:00,55.4721870674,6.09025895587
 04/24  02:00:00,55.4586144982,3.22568
 04/24  03:00:00,55.4494380553,6.09039127173
 04/24  04:00:00,55.6452881834,3.22568
 04/24  05:00:00,55.614944539899994,6.09027860774
 04/24  06:00:00,59.026158011099994,415.30379279199997
 04/24  07:00:00,120.46542428299999,251.85799241700002
 04/24  08:00:00,165.459160834,184.04964258599998
 04/24  09:00:00,165.370771075,152.02306045
 04/24  10:00:00,169.370420177,143.713523545
 04/24  11:00:00,170.099123269,100.420407528
 04/24  12:00:00,169.867753076,81.5420012213
 04/24  13:00:00,166.588311613,77.0332508019
 04/24  14:00:00,167.543835116,57.387990520100004
 04/24  15:00:00,167.993237247,41.5732541652
 04/24  16:00:00,166.12357539200002,23.2135751895
 04/24  17:00:00,120.34774480799999,27.3786998187
 04/24  18:00:00,119.88218052799999,35.0787982049
 04/24  19:00:00,120.101273689,56.02835369
 04/24  20:00:00,128.67940877700002,83.7181286933
 04/24  21:00:00,55.6100520751,8.98345022379
 04/24  22:00:00,55.490865482299995,6.09596342495
 04/24  23:00:00,56.247030932600005,8.96164445926
 04/24  24:00:00,55.5170810646,3.22568
 04/25  01:00:00,55.51852561810001,6.0901888164199995
 04/25  02:00:00,55.511746136999996,3.22568
 04/25  03:00:00,55.5058192398,6.090315178049999
 04/25  04:00:00,56.5614740966,6.09019718718
 04/25  05:00:00,56.392417401,3.22568
 04/25  06:00:00,58.5252288955,196.130472186
 04/25  07:00:00,120.06181474899999,167.078698956
 04/25  08:00:00,165.339438666,172.524595003
 04/25  09:00:00,165.341333285,156.600111805
 04/25  10:00:00,169.333713236,147.650923281
 04/25  11:00:00,170.078093824,134.624031817
 04/25  12:00:00,169.447128798,138.634589634
 04/25  13:00:00,165.934297906,120.081503702
 04/25  14:00:00,166.36511342100002,84.5054640103
 04/25  15:00:00,164.355662954,91.9301484218
 04/25  16:00:00,163.178423376,70.0277366431
 04/25  17:00:00,119.872679535,58.759650308699996
 04/25  18:00:00,119.88083254700001,79.2563550254
 04/25  19:00:00,119.92482062299999,119.043839544
 04/25  20:00:00,128.55451794799998,147.279508246
 04/25  21:00:00,55.406396173000005,8.98280458747
 04/25  22:00:00,55.4509253768,8.966422972230001
 04/25  23:00:00,56.2162690407,6.09370102689
 04/25  24:00:00,55.4806783129,3.22568
 04/26  01:00:00,55.4798424038,6.09035792854
 04/26  02:00:00,55.4772430777,6.09023430107
 04/26  03:00:00,55.4746180554,3.22568
 04/26  04:00:00,55.680528733500005,6.0903548354299994
 04/26  05:00:00,55.6560444767,3.22568
 04/26  06:00:00,58.418698190200004,287.84063568
 04/26  07:00:00,120.149223643,208.03321020599998
 04/26  08:00:00,165.310550521,149.96994520799998
 04/26  09:00:00,165.285724295,107.683230307
 04/26  10:00:00,169.354027213,87.086260789
 04/26  11:00:00,170.710542414,59.8859312654
 04/26  12:00:00,173.6347122,55.6373933817
 04/26  13:00:00,174.17842087,49.931686716499996
 04/26  14:00:00,178.525647692,39.9053842207
 04/26  15:00:00,176.78322479,31.739923506700002
 04/26  16:00:00,170.237441838,17.8299134921
 04/26  17:00:00,122.36502217799999,22.187912742800002
 04/26  18:00:00,120.15173722200001,29.315679397100002
 04/26  19:00:00,120.102449514,36.770668949699996
 04/26  20:00:00,128.65469101,49.7601177221
 04/26  21:00:00,55.636680256000005,8.98310226278
 04/26  22:00:00,55.5254676081,6.095820170569999
 04/26  23:00:00,56.2674124358,8.96134708737
 04/26  24:00:00,55.5441274139,3.22568
 04/27  01:00:00,55.5339899158,6.0902860720800005
 04/27  02:00:00,55.5152406801,3.22568
 04/27  03:00:00,55.4969234055,6.0901571045
 04/27  04:00:00,55.699664608999996,6.09027170885
 04/27  05:00:00,55.6796436079,3.22568
 04/27  06:00:00,58.27533703939999,252.952506822
 04/27  07:00:00,120.050251748,164.129872866
 04/27  08:00:00,165.25226848100002,112.592856701
 04/27  09:00:00,165.263466362,81.404880993
 04/27  10:00:00,170.261243132,75.716029086
 04/27  11:00:00,171.666770401,60.8018379678
 04/27  12:00:00,171.99447471599998,57.9959987107
 04/27  13:00:00,169.047024198,57.9642112256
 04/27  14:00:00,169.38524326299998,51.860050105
 04/27  15:00:00,166.78161096600002,43.8799620888
 04/27  16:00:00,164.286507696,26.4134848267
 04/27  17:00:00,119.971660968,30.440884261599997
 04/27  18:00:00,119.87679919600001,41.5204022431
 04/27  19:00:00,120.10212286,63.1019058292
 04/27  20:00:00,128.677651588,78.1965519071
 04/27  21:00:00,55.6328399913,11.8612908848
 04/27  22:00:00,55.5193717183,6.09609216227
 04/27  23:00:00,56.2591857511,6.0936672463
 04/27  24:00:00,55.543858843,6.090350183080001
 04/28  01:00:00,55.539610304600004,3.22568
 04/28  02:00:00,55.5348666781,6.090214292130001
 04/28  03:00:00,55.5305780451,6.090322658130001
 04/28  04:00:00,56.5877705543,3.22568
 04/28  05:00:00,56.419911613800004,6.09018848279
 04/28  06:00:00,57.024409513900004,149.395753829
 04/28  07:00:00,119.996178308,105.962006018
 04/28  08:00:00,165.267505114,101.05009948799999
 04/28  09:00:00,165.298122689,108.492684162
 04/28  10:00:00,169.325726717,114.799493205
 04/28  11:00:00,170.13022479100002,104.150936016
 04/28  12:00:00,169.729302719,108.04620756899999
 04/28  13:00:00,166.007675069,110.010674202
 04/28  14:00:00,166.210455926,99.7822586568
 04/28  15:00:00,164.311395251,95.40442998479999
 04/28  16:00:00,163.192371975,69.6890744161
 04/28  17:00:00,119.898840388,70.8085035143
 04/28  18:00:00,119.90376790799999,83.3756350387
 04/28  19:00:00,119.90581554799999,85.4057023586
 04/28  20:00:00,128.48002985899998,89.6627969841
 04/28  21:00:00,55.4645669149,8.98258707548
 04/28  22:00:00,55.499580534799996,8.96627171413
 04/28  23:00:00,56.2405715009,6.0936180879499995
 04/28  24:00:00,55.523966912700004,3.22568
 04/29  01:00:00,55.5191599936,6.0886051173
 04/29  02:00:00,55.5108255773,3.22568
 04/29  03:00:00,55.5041430746,6.0885172238
 04/29  04:00:00,55.710987157,3.22568
 04/29  05:00:00,55.6909993279,3.22568
 04/29  06:00:00,48.5566504126,6.088588106
 04/29  07:00:00,47.0637630099,3.22568
 04/29  08:00:00,47.0620437683,6.08865865469
 04/29  09:00:00,47.0810917972,3.22568
 04/29  10:00:00,47.0816684451,6.09010923019
 04/29  11:00:00,47.7715067696,3.22568
 04/29  12:00:00,47.101603446000006,6.090211967949999
 04/29  13:00:00,47.169692316,3.22568
 04/29  14:00:00,47.1937172581,6.08862922296
 04/29  15:00:00,47.1474965586,3.22568
 04/29  16:00:00,47.0306716042,6.088540535980001
 04/29  17:00:00,47.0302068067,3.22568
 04/29  18:00:00,47.028336144399994,6.088610867409999
 04/29  19:00:00,47.23723408359999,3.22568
 04/29  20:00:00,55.792458701099996,3.22568
 04/29  21:00:00,55.6762458408,6.08852218403
 04/29  22:00:00,55.517193964899995,3.22568
 04/29  23:00:00,56.2099217859,6.08859254806
 04/29  24:00:00,55.5062430301,3.22568
 04/30  01:00:00,55.502500974899995,3.22568
 04/30  02:00:00,55.5026422932,6.08865875372
 04/30  03:00:00,55.5023470233,3.22568
 04/30  04:00:00,55.7102976492,6.088565610519999
 04/30  05:00:00,55.6912785302,3.22568
 04/30  06:00:00,48.554759533100004,3.22568
 04/30  07:00:00,47.0599875203,6.08863082467
 04/30  08:00:00,47.0573564796,6.09014188279
 04/30  09:00:00,47.0697646571,3.22568
 04/30  10:00:00,47.0676559559,6.0902383885
 04/30  11:00:00,47.7667702231,3.22568
 04/30  12:00:00,47.096460493500004,6.09009344615
 04/30  13:00:00,47.1575746731,6.0901900829499995
 04/30  14:00:00,47.188354044700006,3.22568
 04/30  15:00:00,47.2011060317,3.22568
 04/30  16:00:00,47.120867146,6.08859375474
 04/30  17:00:00,47.1261543795,3.22568
 04/30  18:00:00,47.1193860138,6.088377085
 04/30  19:00:00,47.3376640941,3.22568
 04/30  20:00:00,55.858884348400004,6.08856473214
 04/30  21:00:00,55.700199804700006,3.22568
 04/30  22:00:00,55.529388064799996,3.22568
 04/30  23:00:00,56.2179599472,6.0886295187599995
 04/30  24:00:00,55.5037993717,3.22568
 05/01  01:00:00,55.491316401700004,6.090286293589999
 05/01  02:00:00,55.4794900941,3.22568
 05/01  03:00:00,55.4680589769,6.09013537758
 05/01  04:00:00,55.6707471554,6.0902255552
 05/01  05:00:00,55.6359767636,3.22568
 05/01  06:00:00,57.3435675291,418.811355444
 05/01  07:00:00,120.23468170000001,201.00235504900002
 05/01  08:00:00,165.299974093,130.09337899
 05/01  09:00:00,165.289126663,93.40492440940001
 05/01  10:00:00,169.346210622,82.05806677220001
 05/01  11:00:00,170.596682629,57.94945497609999
 05/01  12:00:00,171.243035931,59.674410118100006
 05/01  13:00:00,169.619731289,55.829353045699996
 05/01  14:00:00,171.300956243,45.1446389629
 05/01  15:00:00,169.87492472899999,38.251508596
 05/01  16:00:00,167.726605688,19.8944386362
 05/01  17:00:00,123.546599926,19.3710836558
 05/01  18:00:00,122.400333679,24.741558511199997
 05/01  19:00:00,121.28571883,30.699050204299997
 05/01  20:00:00,128.640918935,40.8557898756
 05/01  21:00:00,55.6257230816,8.98208352254
 05/01  22:00:00,55.5115589254,6.0959199679900005
 05/01  23:00:00,56.2593757378,6.093622948559999
 05/01  24:00:00,55.5329503159,6.09024489685
 05/02  01:00:00,55.5277953379,6.09008830727
 05/02  02:00:00,55.5105368034,3.22568
 05/02  03:00:00,55.4948090771,6.09017218359
 05/02  04:00:00,56.556688697,3.22568
 05/02  05:00:00,56.397505725900004,6.090256169419999
 05/02  06:00:00,57.0503975366,175.771256469
 05/02  07:00:00,119.972430373,119.43942648299999
 05/02  08:00:00,165.231178068,94.19875367770001
 05/02  09:00:00,166.826237118,66.6978836749
 05/02  10:00:00,174.927994746,63.779201953000005
 05/02  11:00:00,179.367656058,52.5181658584
 05/02  12:00:00,181.20291562900002,58.4127246428
 05/02  13:00:00,177.755134929,40.738253555300005
 05/02  14:00:00,177.774716103,39.3956678128
 05/02  15:00:00,176.42690919700001,29.9712819089
 05/02  16:00:00,171.922181475,12.8501586562
 05/02  17:00:00,124.99784158799999,16.8075098363
 05/02  18:00:00,123.19209693799999,23.7683965217
 05/02  19:00:00,122.10151523799999,29.17854739
 05/02  20:00:00,128.224625215,28.739911473600003
 05/02  21:00:00,55.5053636233,11.8606522486
 05/02  22:00:00,55.5382525565,6.09604501862
 05/02  23:00:00,56.2688169626,6.093500038869999
 05/02  24:00:00,55.5480644344,6.090277180529999
 05/03  01:00:00,55.5460456807,3.22568
 05/03  02:00:00,55.5308644533,6.09011230152
 05/03  03:00:00,55.5162409296,3.22568
 05/03  04:00:00,55.72216618109999,6.09019004729
 05/03  05:00:00,55.6992882526,6.09026785852
 05/03  06:00:00,56.760650062299995,228.14597159
 05/03  07:00:00,120.02473398,148.70490324899998
 05/03  08:00:00,165.25949413,117.380734125
 05/03  09:00:00,165.274887629,100.193497419
 05/03  10:00:00,169.330354679,92.7722763136
 05/03  11:00:00,170.621032526,66.6312196799
 05/03  12:00:00,172.761896027,56.8261348669
 05/03  13:00:00,174.42982645200001,50.2431327941
 05/03  14:00:00,179.526703797,35.4406436673
 05/03  15:00:00,178.37538255599998,28.8106468611
 05/03  16:00:00,170.85322927200002,15.164004761800001
 05/03  17:00:00,125.714824745,14.7129334119
 05/03  18:00:00,124.63173652799999,19.83496584
 05/03  19:00:00,122.58708282299999,28.041873697800003
 05/03  20:00:00,127.340155331,44.8955493309
 05/03  21:00:00,55.63096281,8.981894260939999
 05/03  22:00:00,55.5198839411,6.09585277268
 05/03  23:00:00,56.265885617200006,6.09355657576
 05/03  24:00:00,55.5418818889,6.09018621928
 05/04  01:00:00,55.5401480611,6.090257309249999
 05/04  02:00:00,55.52748011600001,3.22568
 05/04  03:00:00,55.5150510151,6.09008974959
 05/04  04:00:00,55.717201825100005,3.22568
 05/04  05:00:00,55.6845741578,6.090161383180001
 05/04  06:00:00,56.865902990200006,283.486186624
 05/04  07:00:00,120.066350918,168.265984293
 05/04  08:00:00,165.25762221899998,108.501406573
 05/04  09:00:00,165.470462441,77.30073480680001
 05/04  10:00:00,172.150846612,64.9774555148
 05/04  11:00:00,175.904033301,55.4355355192
 05/04  12:00:00,177.030858226,55.482191312
 05/04  13:00:00,176.326352661,46.256314538000005
 05/04  14:00:00,180.516284803,35.0988460143
 05/04  15:00:00,180.447300524,28.366925679899996
 05/04  16:00:00,173.92539287900001,12.609562753599999
 05/04  17:00:00,125.94397102100001,17.663163050399998
 05/04  18:00:00,124.24520375200001,20.332035956
 05/04  19:00:00,123.25091713299999,22.883834091999997
 05/04  20:00:00,128.283524693,30.8418196162
 05/04  21:00:00,55.6706992135,8.98172485333
 05/04  22:00:00,55.552863728199995,6.09572478356
 05/04  23:00:00,56.292690573,8.96111484459
 05/04  24:00:00,55.57193089850001,3.22568
 05/05  01:00:00,55.5731579659,6.09017390796
 05/05  02:00:00,55.5686295657,3.22568
 05/05  03:00:00,55.567935448,6.09023893923
 05/05  04:00:00,56.63983510560001,6.090065924099999
 05/05  05:00:00,56.4709895716,3.22568
 05/05  06:00:00,55.507590119300005,95.01652430889999
 05/05  07:00:00,119.93492152,70.3087761784
 05/05  08:00:00,165.42460200899998,65.3003964154
 05/05  09:00:00,168.634099135,57.4433365233
 05/05  10:00:00,176.910014397,61.891342475100004
 05/05  11:00:00,180.496784232,52.51357752
 05/05  12:00:00,183.54667202299999,55.4822841621
 05/05  13:00:00,184.806616366,42.4427242854
 05/05  14:00:00,184.517638328,33.8809624383
 05/05  15:00:00,180.462498358,29.5951590197
 05/05  16:00:00,173.65329488,14.5123241027
 05/05  17:00:00,125.673169503,19.9170919693
 05/05  18:00:00,121.342556468,27.874536297
 05/05  19:00:00,119.88600019399999,40.0780063849
 05/05  20:00:00,127.028539724,55.3187953351
 05/05  21:00:00,55.4898921189,8.98200042246
 05/05  22:00:00,55.527436486899994,6.09563553166
 05/05  23:00:00,56.27071978319999,6.570176882309999
 05/05  24:00:00,55.559196700200005,5.613691103990001
 05/06  01:00:00,55.5671054954,6.08851444523
 05/06  02:00:00,55.5534960384,3.22568
 05/06  03:00:00,55.5454643246,3.22568
 05/06  04:00:00,55.7432049068,6.0885465543
 05/06  05:00:00,55.71145996479999,3.22568
 05/06  06:00:00,47.150699915299995,6.088578288940001
 05/06  07:00:00,47.1099261444,3.22568
 05/06  08:00:00,47.1385377509,3.22568
 05/06  09:00:00,47.173869893100004,6.090171391189999
 05/06  10:00:00,47.183692000200004,6.09023056619
 05/06  11:00:00,47.8757738676,3.22568
 05/06  12:00:00,47.1724308349,6.09005213987
 05/06  13:00:00,47.205786270699996,3.22568
 05/06  14:00:00,47.2255710613,6.08833035087
 05/06  15:00:00,47.2177874219,3.22568
 05/06  16:00:00,47.1337582762,3.22568
 05/06  17:00:00,47.138372865,6.088488441290001
 05/06  18:00:00,47.118442620500005,3.22568
 05/06  19:00:00,47.3168307232,6.088519782940001
 05/06  20:00:00,54.423302816,3.22568
 05/06  21:00:00,55.7131592809,3.22568
 05/06  22:00:00,55.5401048003,6.088551080369999
 05/06  23:00:00,56.2323546912,3.22568
 05/06  24:00:00,55.5166524831,6.08858234102
 05/07  01:00:00,55.5080929055,3.22568
 05/07  02:00:00,55.49526188390001,3.22568
 05/07  03:00:00,55.4828179595,6.08860779547
 05/07  04:00:00,55.684782572799996,3.22568
 05/07  05:00:00,55.6597737139,6.08847806892
 05/07  06:00:00,47.099500723199995,3.22568
 05/07  07:00:00,47.0647040526,6.08850414262
 05/07  08:00:00,47.107892586700004,3.22568
 05/07  09:00:00,47.1643668321,6.0901089303100004
 05/07  10:00:00,47.176267129399996,3.22568
 05/07  11:00:00,47.8615335266,6.0901619147
 05/07  12:00:00,47.181112856999995,6.09021486128
 05/07  13:00:00,47.2267301123,3.22568
 05/07  14:00:00,47.2514155198,6.08854949714
 05/07  15:00:00,47.25080661609999,3.22568
 05/07  16:00:00,47.1602130712,3.22568
 05/07  17:00:00,47.165457101099996,6.0885751073500005
 05/07  18:00:00,47.1576255609,3.22568
 05/07  19:00:00,47.374382957899996,6.08860068639
 05/07  20:00:00,54.470419121000006,3.22568
 05/07  21:00:00,55.742966637200006,3.22568
 05/07  22:00:00,55.5698794901,6.088470370619999
 05/07  23:00:00,56.2487103434,3.22568
 05/07  24:00:00,55.530283819,6.08849607705
 05/08  01:00:00,55.5095993512,3.22568
 05/08  02:00:00,55.4879653836,6.09016685122
 05/08  03:00:00,55.4669876132,3.22568
 05/08  04:00:00,55.672690723500004,6.090213158280001
 05/08  05:00:00,55.654863059200004,6.09002329121
 05/08  06:00:00,55.5696305171,340.18530041
 05/08  07:00:00,120.107753928,193.618494761
 05/08  08:00:00,165.28712859,146.834185414
 05/08  09:00:00,165.30985104200002,124.396544849
 05/08  10:00:00,169.369539086,111.215656115
 05/08  11:00:00,170.302399394,71.0704332959
 05/08  12:00:00,170.646033959,61.0763089365
 05/08  13:00:00,169.631818198,52.2646572454
 05/08  14:00:00,172.75699865200002,43.4047918083
 05/08  15:00:00,171.918845265,36.6369959876
 05/08  16:00:00,168.194115696,19.7336871942
 05/08  17:00:00,122.116838909,21.0469787909
 05/08  18:00:00,121.45767512100001,28.0915779304
 05/08  19:00:00,120.612368033,28.2641416773
 05/08  20:00:00,127.202956756,36.5348233563
 05/08  21:00:00,55.633202651400005,8.9815197045
 05/08  22:00:00,55.519572125299995,6.095737353169999
 05/08  23:00:00,56.27121396020001,6.0934433942799995
 05/08  24:00:00,55.5475866588,6.09009243523
 05/09  01:00:00,55.547547038699996,6.09013213597
 05/09  02:00:00,55.541763180100006,3.22568
 05/09  03:00:00,55.5353631417,6.090172085160001
 05/09  04:00:00,56.5902855037,3.22568
 05/09  05:00:00,56.4223291471,6.09021217923
 05/09  06:00:00,55.5430458517,134.905864998
 05/09  07:00:00,119.938864521,85.58404725310001
 05/09  08:00:00,165.222520537,74.3157210509
 05/09  09:00:00,165.963578716,70.8840946932
 05/09  10:00:00,174.782920311,62.2757252488
 05/09  11:00:00,180.189504753,55.4294195094
 05/09  12:00:00,183.912366406,55.474175580600004
 05/09  13:00:00,182.27642056,39.5083265893
 05/09  14:00:00,183.34794169900002,36.4189320746
 05/09  15:00:00,183.70545741900003,20.7157889442
 05/09  16:00:00,177.818926052,6.12030206625
 05/09  17:00:00,130.067388153,10.284937754
 05/09  18:00:00,128.831200784,13.3811191503
 05/09  19:00:00,128.339245019,14.66256306
 05/09  20:00:00,135.245384307,18.0130039467
 05/09  21:00:00,55.586439113999994,8.98189487006
 05/09  22:00:00,55.5919915563,6.095420338069999
 05/09  23:00:00,56.3010935015,6.093247699480001
 05/09  24:00:00,55.586160776899995,6.090062388659999
 05/10  01:00:00,55.5927870534,6.09009645414
 05/10  02:00:00,55.59191262109999,3.22568
 05/10  03:00:00,55.58702743520001,6.09013007429
 05/10  04:00:00,55.797716323900005,3.22568
 05/10  05:00:00,55.7746630512,6.09016386245
 05/10  06:00:00,55.1983680042,85.5262444909
 05/10  07:00:00,121.006833663,44.5381509622
 05/10  08:00:00,170.515211494,48.9232942723
 05/10  09:00:00,178.773510175,49.7665105071
 05/10  10:00:00,193.643530782,49.5414351888
 05/10  11:00:00,205.900454221,55.4276134362
 05/10  12:00:00,213.96337626,55.475247321000005
 05/10  13:00:00,220.858231193,39.5051763424
 05/10  14:00:00,234.635837825,36.4283999181
 05/10  15:00:00,242.86630535700002,20.7264183246
 05/10  16:00:00,224.43916358799999,6.11746034481
 05/10  17:00:00,162.413862047,8.903876641939998
 05/10  18:00:00,143.865748436,9.743662841699999
 05/10  19:00:00,131.405970379,14.270572704300001
 05/10  20:00:00,136.756020628,20.2666623782
 05/10  21:00:00,55.812367603999995,8.98123305339
 05/10  22:00:00,55.678305951300004,6.095622291769999
 05/10  23:00:00,56.400143695299995,6.093329371219999
 05/10  24:00:00,55.6895841214,6.08998642165
 05/11  01:00:00,55.6864514519,6.09001353904
 05/11  02:00:00,55.67434089100001,3.22568
 05/11  03:00:00,55.656147983500006,6.090040940260001
 05/11  04:00:00,55.880905786199996,3.22568
 05/11  05:00:00,55.861980645,6.09006850166
 05/11  06:00:00,60.6414474676,43.207473724399996
 05/11  07:00:00,124.94712909399999,30.6525652077
 05/11  08:00:00,165.965548087,69.71735820880001
 05/11  09:00:00,165.721236008,113.94997999899999
 05/11  10:00:00,170.028521776,122.748058175
 05/11  11:00:00,170.967046466,87.6333757459
 05/11  12:00:00,170.451357196,74.6176930961
 05/11  13:00:00,166.543957002,98.5590366537
 05/11  14:00:00,166.58485332799998,110.499484106
 05/11  15:00:00,164.583834193,109.71507698
 05/11  16:00:00,163.208808447,78.569696477
 05/11  17:00:00,119.90790911399999,78.8654990619
 05/11  18:00:00,119.90825456600001,82.7765515968
 05/11  19:00:00,120.123043559,86.8230345412
 05/11  20:00:00,125.823738024,85.00504899020001
 05/11  21:00:00,55.6278238829,11.8594304772
 05/11  22:00:00,55.514934061000005,6.09579110819
 05/11  23:00:00,56.252736408900006,6.093257363609999
 05/11  24:00:00,55.546441931400004,6.09006743664
 05/12  01:00:00,55.545905763,3.22568
 05/12  02:00:00,55.542004525500005,6.09008538825
 05/12  03:00:00,55.5349876811,3.22568
 05/12  04:00:00,56.5870013479,6.090106457180001
 05/12  05:00:00,56.4174892635,6.09012764722
 05/12  06:00:00,55.5994970974,155.779350083
 05/12  07:00:00,120.000404067,110.10679887299999
 05/12  08:00:00,165.270394446,104.37581064
 05/12  09:00:00,165.301019604,99.6569093957
 05/12  10:00:00,169.33848902100002,100.102497429
 05/12  11:00:00,170.276876615,79.888478413
 05/12  12:00:00,169.865062356,93.3822409315
 05/12  13:00:00,166.261842459,83.02628089529999
 05/12  14:00:00,166.533741763,73.6388362485
 05/12  15:00:00,165.13440150600002,49.3208655441
 05/12  16:00:00,167.244453932,26.249567097800004
 05/12  17:00:00,125.23886618,20.8985323841
 05/12  18:00:00,124.469623877,24.700922342800002
 05/12  19:00:00,122.256121555,27.8817830292
 05/12  20:00:00,125.72842918299999,36.694755506199996
 05/12  21:00:00,55.5124952961,8.98143316643
 05/12  22:00:00,55.5408632629,6.09575186195
 05/12  23:00:00,56.26944253,6.09306570364
 05/12  24:00:00,55.5617778542,6.090124357660001
 05/13  01:00:00,55.556530592399994,3.22568
 05/13  02:00:00,55.546070917799995,6.08844540954
 05/13  03:00:00,55.530947705500004,3.22568
 05/13  04:00:00,55.73848231979999,6.08843768158
 05/13  05:00:00,54.2933366322,3.22568
 05/13  06:00:00,47.159042232,3.22568
 05/13  07:00:00,47.127614827399995,6.08842965805
 05/13  08:00:00,47.185059323199994,3.22568
 05/13  09:00:00,47.243146473900005,6.090107338589999
 05/13  10:00:00,47.2714281134,3.22568
 05/13  11:00:00,47.9675706172,6.090122254500001
 05/13  12:00:00,47.301834532200004,6.0901371953100005
 05/13  13:00:00,47.3681416401,3.22568
 05/13  14:00:00,47.3965386601,3.22568
 05/13  15:00:00,47.4032509482,6.0884524422599995
 05/13  16:00:00,47.3214980449,3.22568
 05/13  17:00:00,52.886754125500005,6.088536897899999
 05/13  18:00:00,47.297705569899996,3.22568
 05/13  19:00:00,47.5429349666,3.22568
 05/13  20:00:00,53.214816948999996,6.08843559834
 05/13  21:00:00,55.9056216025,3.22568
 05/13  22:00:00,55.7222657282,6.088427161499999
 05/13  23:00:00,56.408511876999995,3.22568
 05/13  24:00:00,55.7121589522,3.22568
 05/14  01:00:00,55.697967560500004,6.08841632727
 05/14  02:00:00,55.684612283199996,3.22568
 05/14  03:00:00,55.680940505600006,6.08788748043
 05/14  04:00:00,55.9277416549,3.22568
 05/14  05:00:00,54.4789936774,3.22568
 05/14  06:00:00,47.337945465699995,6.088542675469999
 05/14  07:00:00,47.2582157946,3.22568
 05/14  08:00:00,47.2539944038,6.090056023300001
 05/14  09:00:00,47.2726777841,3.22568
 05/14  10:00:00,47.2876839987,6.09006460505
 05/14  11:00:00,47.9851129727,6.0900732291
 05/14  12:00:00,47.325974991,3.22568
 05/14  13:00:00,47.3995610374,6.09008187252
 05/14  14:00:00,47.4405612821,3.22568
 05/14  15:00:00,47.4533473392,6.08820249829
 05/14  16:00:00,47.3599598879,3.22568
 05/14  17:00:00,47.270715179300005,3.22568
 05/14  18:00:00,47.2389757539,6.08854013617
 05/14  19:00:00,47.4706449467,3.22568
 05/14  20:00:00,53.1035896347,6.08852587406
 05/14  21:00:00,55.7964629016,3.22568
 05/14  22:00:00,55.615734494899996,3.22568
 05/14  23:00:00,56.2892879308,6.08851162156
 05/14  24:00:00,55.5906903833,3.22568
 05/15  01:00:00,55.585585516,6.09001825064
 05/15  02:00:00,55.6049169582,3.22568
 05/15  03:00:00,55.5943682909,6.09002014154
 05/15  04:00:00,55.78621905439999,6.090022243
 05/15  05:00:00,54.3405676005,3.22568
 05/15  06:00:00,55.1838916681,77.8059122098
 05/15  07:00:00,119.976740599,43.2562631103
 05/15  08:00:00,167.48544329799998,49.129111863
 05/15  09:00:00,169.969602393,58.565053633199994
 05/15  10:00:00,177.667102158,58.555331297600006
 05/15  11:00:00,182.405644929,52.5012228067
 05/15  12:00:00,185.305249183,55.4629575241
 05/15  13:00:00,184.59259773099998,42.4273008908
 05/15  14:00:00,185.53923199099998,33.5110175634
 05/15  15:00:00,186.04929326599998,22.1342075647
 05/15  16:00:00,180.90341706,11.016608966400002
 05/15  17:00:00,131.29863906,10.442537696799999
 05/15  18:00:00,129.069133059,15.636327724700001
 05/15  19:00:00,126.386121164,19.5162319716
 05/15  20:00:00,127.696519028,29.6995084018
 05/15  21:00:00,55.6989244859,8.98091531843
 05/15  22:00:00,55.5743788475,6.09553684227
 05/15  23:00:00,56.3076177422,6.09324628956
 05/15  24:00:00,55.5969373346,6.089923003130001
 05/16  01:00:00,55.5950731438,6.089918330980001
 05/16  02:00:00,55.5929738117,3.22568
 05/16  03:00:00,55.571591902899996,6.0899140163
 05/16  04:00:00,56.6065772584,3.22568
 05/16  05:00:00,55.0273752707,6.08990988967
 05/16  06:00:00,55.526713767299995,94.9531678654
 05/16  07:00:00,119.95358367700001,51.2965121517
 05/16  08:00:00,167.14175453200002,50.506708775
 05/16  09:00:00,171.455444121,52.5459181519
 05/16  10:00:00,179.055641517,58.4932661628
 05/16  11:00:00,184.57146959,52.4995561291
 05/16  12:00:00,189.882566039,55.46132598689999
 05/16  13:00:00,193.38327893599998,39.4726510008
 05/16  14:00:00,202.88138477,33.5030981966
 05/16  15:00:00,211.93278115900003,23.622056424
 05/16  16:00:00,201.701599507,6.10783406522
 05/16  17:00:00,146.238341188,6.093715914040001
 05/16  18:00:00,141.847267314,8.97573083505
 05/16  19:00:00,138.646380661,11.865350796500001
 05/16  20:00:00,141.775861699,8.980976680860001
 05/16  21:00:00,55.6532704029,11.8582858294
 05/16  22:00:00,55.682058869399995,6.09546020099
 05/16  23:00:00,56.4118459745,6.092934091440001
 05/16  24:00:00,55.6963065145,3.22568
 05/17  01:00:00,55.6939174454,6.08999041631
 05/17  02:00:00,55.684541263999996,6.08997954044
 05/17  03:00:00,55.673020576300004,3.22568
 05/17  04:00:00,55.907551131000005,6.08996891288
 05/17  05:00:00,54.4627773994,3.22568
 05/17  06:00:00,66.23655614890001,19.0976263542
 05/17  07:00:00,134.246029553,7.513101328360001
 05/17  08:00:00,182.661835499,35.619953064200004
 05/17  09:00:00,187.052236364,41.5018997539
 05/17  10:00:00,193.27899417400002,49.535033086700004
 05/17  11:00:00,190.934163451,52.497794909899994
 05/17  12:00:00,188.79314778,55.461720622799994
 05/17  13:00:00,188.50838794400002,42.6272587452
 05/17  14:00:00,190.517629314,34.2569744475
 05/17  15:00:00,188.911943269,25.1728196256
 05/17  16:00:00,180.722074411,14.0100612991
 05/17  17:00:00,127.493056151,18.6694828925
 05/17  18:00:00,124.054397814,25.732825644299997
 05/17  19:00:00,127.45755609,21.6170769314
 05/17  20:00:00,131.470572109,25.9422623444
 05/17  21:00:00,55.71742623310001,8.98105110575
 05/17  22:00:00,55.5810521249,6.095183223819999
 05/17  23:00:00,56.298278983100005,6.092893885700001
 05/17  24:00:00,55.5869024955,6.09004002328
 05/18  01:00:00,55.5688124204,3.22568
 05/18  02:00:00,55.550124719399996,6.09002114129
 05/18  03:00:00,55.5461377925,6.090004055950001
 05/18  04:00:00,55.7600331518,3.22568
 05/18  05:00:00,54.3052392807,6.08998714268
 05/18  06:00:00,55.2058073432,157.638253505
 05/18  07:00:00,119.961213144,112.80817015
 05/18  08:00:00,165.24850066,117.450028837
 05/18  09:00:00,165.29913117,117.88909902200001
 05/18  10:00:00,169.44105312,117.59562377600001
 05/18  11:00:00,170.57288084,96.03025899149999
 05/18  12:00:00,170.455618166,77.4488141292
 05/18  13:00:00,167.360309568,59.32742903770001
 05/18  14:00:00,169.498849891,48.6150823779
 05/18  15:00:00,168.815300219,40.7059909776
 05/18  16:00:00,167.144940786,21.9538261323
 05/18  17:00:00,122.38735058399999,22.4870486061
 05/18  18:00:00,120.578984596,29.0669471671
 05/18  19:00:00,120.100746104,39.509275136599996
 05/18  20:00:00,125.794620439,52.8528720017
 05/18  21:00:00,55.642352337,8.980475058
 05/18  22:00:00,55.5249849531,6.09536046154
 05/18  23:00:00,56.2621539508,6.0930716144099994
 05/18  24:00:00,55.5409348516,6.08999026528
 05/19  01:00:00,55.5446307712,3.22568
 05/19  02:00:00,55.5372639461,6.08996573252
 05/19  03:00:00,55.532671452399995,6.0899423094500005
 05/19  04:00:00,56.5911589244,3.22568
 05/19  05:00:00,54.994100136099995,6.08991907723
 05/19  06:00:00,55.5726758374,157.383437736
 05/19  07:00:00,119.983926305,111.540794901
 05/19  08:00:00,165.268609151,92.5540236674
 05/19  09:00:00,167.105802691,64.5553130254
 05/19  10:00:00,176.220721032,59.3602399142
 05/19  11:00:00,179.67566291400001,55.413395343400005
 05/19  12:00:00,179.25051143299999,53.888584350100004
 05/19  13:00:00,176.38807804400003,45.4129102837
 05/19  14:00:00,178.938597192,36.8194725468
 05/19  15:00:00,179.197014145,26.4733126377
 05/19  16:00:00,173.2315251,17.2197689306
 05/19  17:00:00,125.33949517299999,17.3850650641
 05/19  18:00:00,123.13062544299999,23.7640892321
 05/19  19:00:00,121.379958784,27.0990985633
 05/19  20:00:00,125.61026209100001,43.315803896300004
 05/19  21:00:00,55.5172074521,8.98075743509
 05/19  22:00:00,55.5651231579,6.095571520549999
 05/19  23:00:00,56.292462263599994,6.093165043609999
 05/19  24:00:00,55.572267091,6.0899309764
 05/20  01:00:00,55.5640889792,3.22568
 05/20  02:00:00,55.5529880317,6.08839347833
 05/20  03:00:00,55.530273345699996,3.22568
 05/20  04:00:00,55.7307721983,3.22568
 05/20  05:00:00,54.280762678500004,6.08849653423
 05/20  06:00:00,47.1475825305,3.22568
 05/20  07:00:00,47.112458730600004,3.22568
 05/20  08:00:00,47.151448983,6.08844836149
 05/20  09:00:00,47.211400661800006,3.22568
 05/20  10:00:00,47.2426733955,6.089977974069999
 05/20  11:00:00,47.9230184051,6.08994848535
 05/20  12:00:00,47.2459596374,3.22568
 05/20  13:00:00,47.302091842299994,6.088500744959999
 05/20  14:00:00,47.3412887924,3.22568
 05/20  15:00:00,47.3485661671,3.22568
 05/20  16:00:00,47.264161746099994,6.08845225226
 05/20  17:00:00,47.2524673292,3.22568
 05/20  18:00:00,47.228388313900005,6.088403764040001
 05/20  19:00:00,47.464310849200004,3.22568
 05/20  20:00:00,53.160472085600006,3.22568
 05/20  21:00:00,55.894508343599995,6.088344693940001
 05/20  22:00:00,55.7195286371,3.22568
 05/20  23:00:00,56.3874986777,6.08845762695
 05/20  24:00:00,55.6732588081,3.22568
 05/21  01:00:00,55.648348371000004,3.22568
 05/21  02:00:00,55.6382256885,6.088404529580001
 05/21  03:00:00,55.6304298721,3.22568
 05/21  04:00:00,55.8484135371,4.31061390491
 05/21  05:00:00,54.3893699071,5.002954324519999
 05/21  06:00:00,47.238644926599996,3.22568
 05/21  07:00:00,47.17836452939999,6.08844782234
 05/21  08:00:00,47.2195260624,3.22568
 05/21  09:00:00,47.277941472399995,6.08996980477
 05/21  10:00:00,47.279026897200005,3.22568
 05/21  11:00:00,47.9493532908,6.089933985090001
 05/21  12:00:00,47.277414854499995,6.08989823144
 05/21  13:00:00,47.3287734183,3.22568
 05/21  14:00:00,47.3556331172,6.08844918341
 05/21  15:00:00,47.3557303912,3.22568
 05/21  16:00:00,47.2575399925,3.22568
 05/21  17:00:00,47.2454653897,6.08839498752
 05/21  18:00:00,47.2264320967,3.22568
 05/21  19:00:00,47.447317473199995,6.08849128528
 05/21  20:00:00,51.6896343402,3.22568
 05/21  21:00:00,55.8308857295,3.22568
 05/21  22:00:00,55.6560643359,6.088437063580001
 05/21  23:00:00,56.3132727816,3.22568
 05/21  24:00:00,55.6006597258,6.08838286039
 05/22  01:00:00,55.58363733149999,3.22568
 05/22  02:00:00,55.5697740471,6.09004738717
 05/22  03:00:00,55.5564262455,3.22568
 05/22  04:00:00,55.7622079532,6.090004960190001
 05/22  05:00:00,54.3108512957,3.22568
 05/22  06:00:00,55.1952776808,128.157235096
 05/22  07:00:00,119.96440416,69.80212781670001
 05/22  08:00:00,165.5781733,59.874854834
 05/22  09:00:00,168.200514474,57.0254899674
 05/22  10:00:00,174.88275543400002,61.164293811899995
 05/22  11:00:00,179.02683678900001,52.4922591899
 05/22  12:00:00,181.453194212,55.451892998299996
 05/22  13:00:00,180.11750337400002,40.5942230652
 05/22  14:00:00,183.43931258400002,33.8421858081
 05/22  15:00:00,185.19578251599998,25.1977320256
 05/22  16:00:00,181.425595313,7.10373621323
 05/22  17:00:00,133.458409917,7.29113123881
 05/22  18:00:00,130.92538037100002,12.739270295999999
 05/22  19:00:00,128.34288244200002,15.9616421054
 05/22  20:00:00,128.692943785,25.131443924699997
 05/22  21:00:00,55.7079906258,8.9805534496
 05/22  22:00:00,55.5774771568,6.09501355117
 05/22  23:00:00,56.305811013900005,6.09310828153
 05/22  24:00:00,55.5873371543,6.0898856913
 05/23  01:00:00,55.5741832366,3.22568
 05/23  02:00:00,55.557293459300006,6.0898352277
 05/23  03:00:00,55.540330401700004,3.22568
 05/23  04:00:00,56.588231980299994,6.090013202540001
 05/23  05:00:00,54.9899878583,6.089964585770001
 05/23  06:00:00,55.571298447299995,175.25922636299998
 05/23  07:00:00,119.96144443899999,74.3267812791
 05/23  08:00:00,169.379628874,49.4448052583
 05/23  09:00:00,178.135203613,43.8931016683
 05/23  10:00:00,189.37007931099998,49.5285600009
 05/23  11:00:00,197.849267793,52.4902956927
 05/23  12:00:00,204.678750019,55.45225897899999
 05/23  13:00:00,204.789180762,39.4607859346
 05/23  14:00:00,213.25020352299998,33.4932568593
 05/23  15:00:00,218.22733589599997,23.621560136
 05/23  16:00:00,206.88905229,6.106925717619999
 05/23  17:00:00,152.617952675,6.09372309136
 05/23  18:00:00,149.316905394,8.97582905578
 05/23  19:00:00,145.776530958,8.98468675856
 05/23  20:00:00,146.67254878399999,11.857185456500002
 05/23  21:00:00,55.7116620381,8.98041316856
 05/23  22:00:00,55.746864244099996,6.0954561139
 05/23  23:00:00,56.514870767299996,6.093053242509999
 05/23  24:00:00,55.8116987167,6.089834530580001
 05/24  01:00:00,55.8137201308,3.22568
 05/24  02:00:00,55.776610489300005,6.090003733910001
 05/24  03:00:00,55.72649880189999,3.22568
 05/24  04:00:00,55.962197000299994,6.089948679680001
 05/24  05:00:00,53.1044762453,6.0898938174
 05/24  06:00:00,72.09462222239999,5.65996395511
 05/24  07:00:00,134.799048077,7.428969949089999
 05/24  08:00:00,180.63139846599998,40.9086695312
 05/24  09:00:00,182.963070278,49.199179281000006
 05/24  10:00:00,179.02812847200002,62.8139346284
 05/24  11:00:00,173.57477135599999,53.6276770343
 05/24  12:00:00,171.63255686600002,57.91958175600001
 05/24  13:00:00,166.738291046,65.2822475647
 05/24  14:00:00,166.871214538,63.7572445971
 05/24  15:00:00,165.039694856,54.213689057399996
 05/24  16:00:00,163.370402138,38.806493273200005
 05/24  17:00:00,119.911194874,35.9130959831
 05/24  18:00:00,119.90951746200001,39.0284593586
 05/24  19:00:00,120.12911596200001,39.2863735909
 05/24  20:00:00,124.40646325899999,36.1945256607
 05/24  21:00:00,55.702330096800004,11.8565871472
 05/24  22:00:00,55.572569116400004,6.0954245588100004
 05/24  23:00:00,56.290438931000004,6.09290739461
 05/24  24:00:00,55.5807948473,3.22568
 05/25  01:00:00,55.575397805,6.0899879211300005
 05/25  02:00:00,55.5705904704,6.089926404349999
 05/25  03:00:00,55.5660621699,3.22568
 05/25  04:00:00,55.7758475805,6.08986516664
 05/25  05:00:00,52.8891929315,3.22568
 05/25  06:00:00,55.2101158385,125.850821776
 05/25  07:00:00,119.98424277,81.409317609
 05/25  08:00:00,165.496600979,68.1753899171
 05/25  09:00:00,169.19615799299999,61.1506985727
 05/25  10:00:00,180.120843143,61.335645086199996
 05/25  11:00:00,187.767054749,52.4994059559
 05/25  12:00:00,190.190674397,52.5250766119
 05/25  13:00:00,189.082270306,42.4016124647
 05/25  14:00:00,191.678162562,33.483670510100005
 05/25  15:00:00,188.02171653,20.9179818283
 05/25  16:00:00,176.413226573,11.009685102999999
 05/25  17:00:00,125.642041215,17.894413013599998
 05/25  18:00:00,124.00425628200001,24.035591011199998
 05/25  19:00:00,124.181851208,27.5335834397
 05/25  20:00:00,127.453906193,26.5334350542
 05/25  21:00:00,55.7221189004,8.980065813360001
 05/25  22:00:00,55.5976281711,6.095200930630001
 05/25  23:00:00,56.3304779679,6.093030432949999
 05/25  24:00:00,55.619954628900004,6.0898995008200005
 05/26  01:00:00,55.6085736909,6.08983213175
 05/26  02:00:00,55.5997021421,3.22568
 05/26  03:00:00,55.5951181562,6.08998921281
 05/26  04:00:00,56.7002425073,3.22568
 05/26  05:00:00,53.679631359700004,6.089921702610001
 05/26  06:00:00,55.866432396899995,74.0504613224
 05/26  07:00:00,120.479630431,42.324809923800004
 05/26  08:00:00,167.89995087399998,49.626546473199994
 05/26  09:00:00,172.84361028400002,51.2062676018
 05/26  10:00:00,185.191497887,50.4543254859
 05/26  11:00:00,191.95202986599998,52.504301570900004
 05/26  12:00:00,196.362647197,55.4477563545
 05/26  13:00:00,196.375354138,39.4644713936
 05/26  14:00:00,203.718267867,33.491954663200005
 05/26  15:00:00,208.30534984,20.7052677695
 05/26  16:00:00,200.748248622,6.10653578514
 05/26  17:00:00,148.61546182700002,8.96167769118
 05/26  18:00:00,145.793780263,8.9744590625
 05/26  19:00:00,140.928514075,8.984121288210002
 05/26  20:00:00,138.824371528,8.97957857083
 05/26  21:00:00,55.616812018599994,11.856883766300001
 05/26  22:00:00,55.6347175742,6.09513170556
 05/26  23:00:00,56.3666316586,6.092995492130001
 05/26  24:00:00,55.6440479869,3.22568
 05/27  01:00:00,55.623411302799994,6.08832091663
 05/27  02:00:00,55.598713044499995,3.22568
 05/27  03:00:00,55.572136816800004,6.08838204773
 05/27  04:00:00,55.7637679083,3.22568
 05/27  05:00:00,52.887282525399996,3.22568
 05/27  06:00:00,47.2043541842,6.08844264376
 05/27  07:00:00,47.190487081099995,3.22568
 05/27  08:00:00,47.2334650326,3.22568
 05/27  09:00:00,47.2926156481,6.0898839349300005
 05/27  10:00:00,47.3169231203,6.089810422359999
 05/27  11:00:00,48.010302893500004,3.22568
 05/27  12:00:00,47.3336610103,6.089961043680001
 05/27  13:00:00,47.3901140101,3.22568
 05/27  14:00:00,47.408939410500004,6.08842094378
 05/27  15:00:00,47.4096225476,3.22568
 05/27  16:00:00,47.3284884896,3.22568
 05/27  17:00:00,52.1435869497,6.08840733263
 05/27  18:00:00,52.5300263425,3.22568
 05/27  19:00:00,47.5267426558,3.22568
 05/27  20:00:00,51.768732085500005,6.08839286248
 05/27  21:00:00,55.8871984266,3.22568
 05/27  22:00:00,55.698809268299996,6.08823387643
 05/27  23:00:00,56.3714173112,3.22568
 05/27  24:00:00,55.6689933429,3.22568
 05/28  01:00:00,55.658065738699996,6.0883623150099995
 05/28  02:00:00,55.6516925348,3.22568
 05/28  03:00:00,55.6509846607,6.08841736772
 05/28  04:00:00,55.8996336889,3.22568
 05/28  05:00:00,53.0307937913,3.22568
 05/28  06:00:00,47.3260810221,6.08832414704
 05/28  07:00:00,47.2674319124,3.22568
 05/28  08:00:00,47.2789305812,6.0899100565
 05/28  09:00:00,47.2908155247,3.22568
 05/28  10:00:00,47.2662694563,6.08983024691
 05/28  11:00:00,47.904646112600005,3.22568
 05/28  12:00:00,47.1971932955,6.08975054812
 05/28  13:00:00,47.220086047200006,6.08989437946
 05/28  14:00:00,47.231151688400004,3.22568
 05/28  15:00:00,47.2318789554,3.22568
 05/28  16:00:00,47.1399347121,6.088351010809999
 05/28  17:00:00,47.144233362200005,3.22568
 05/28  18:00:00,47.1474053043,3.22568
 05/28  19:00:00,47.3925889688,6.0884051479900005
 05/28  20:00:00,51.667247858,3.22568
 05/28  21:00:00,55.8209035542,6.088311425240001
 05/28  22:00:00,55.6445603982,3.22568
 05/28  23:00:00,56.3291913573,3.22568
 05/28  24:00:00,55.654505990299995,6.088365592070001
 05/29  01:00:00,55.672960286700004,3.22568
 05/29  02:00:00,55.673499955299995,6.0884142015
 05/29  03:00:00,55.6543373596,3.22568
 05/29  04:00:00,55.894709268599996,3.22568
 05/29  05:00:00,53.0236728121,6.08831553099
 05/29  06:00:00,47.3232638449,3.22568
 05/29  07:00:00,47.278459069499995,3.22568
 05/29  08:00:00,47.298219967799994,6.089883316440001
 05/29  09:00:00,47.29002352609999,6.08979734689
 05/29  10:00:00,47.2815059123,3.22568
 05/29  11:00:00,47.9670976721,6.0899342587900005
 05/29  12:00:00,47.2753696425,3.22568
 05/29  13:00:00,47.300085108699996,6.089848303359999
 05/29  14:00:00,47.2963691608,3.22568
 05/29  15:00:00,47.2780124975,6.088309259380001
 05/29  16:00:00,47.1919711992,3.22568
 05/29  17:00:00,47.178011145,3.22568
 05/29  18:00:00,47.1502311736,6.088357426490001
 05/29  19:00:00,47.3642226032,3.22568
 05/29  20:00:00,51.6212614641,6.08840552854
 05/29  21:00:00,55.7753432567,3.22568
 05/29  22:00:00,55.607623910600005,3.22568
 05/29  23:00:00,56.2856547075,6.088306194099999
 05/29  24:00:00,55.5900581168,3.22568
 05/30  01:00:00,55.5867800417,6.089798911259999
 05/30  02:00:00,55.5796256213,3.22568
 05/30  03:00:00,55.5775509468,6.08992860481
 05/30  04:00:00,56.6877023342,3.22568
 05/30  05:00:00,53.655904859399996,6.089836271469999
 05/30  06:00:00,55.5711137564,87.9438757832
 05/30  07:00:00,120.000648557,51.998287565
 05/30  08:00:00,165.924219945,58.6344050934
 05/30  09:00:00,169.80645424600002,59.9876675479
 05/30  10:00:00,180.208605463,59.281122465699994
 05/30  11:00:00,189.402125548,52.4912664429
 05/30  12:00:00,193.481422417,55.4394568366
 05/30  13:00:00,190.66724053599998,39.4747418364
 05/30  14:00:00,193.07521564599998,33.4782798553
 05/30  15:00:00,193.77607324599998,20.691281143599998
 05/30  16:00:00,187.669129567,6.10792965557
 05/30  17:00:00,137.136637486,6.3230879596000005
 05/30  18:00:00,134.203979886,11.2858563628
 05/30  19:00:00,130.312862746,15.0518787146
 05/30  20:00:00,130.935955363,22.9529842621
 05/30  21:00:00,55.5852211674,8.979558421830001
 05/30  22:00:00,55.6188878795,6.0951291717
 05/30  23:00:00,56.3455436366,6.09273301045
 05/30  24:00:00,55.638416846400006,6.08976291232
 05/31  01:00:00,55.6316216882,3.22568
 05/31  02:00:00,55.6205894383,6.0898834934599995
 05/31  03:00:00,55.615743772200005,3.22568
 05/31  04:00:00,55.8429821001,6.08978498413
 05/31  05:00:00,52.97218542939999,3.22568
 05/31  06:00:00,60.1846565694,50.586126971400006
 05/31  07:00:00,127.89747724700001,19.6306735942
 05/31  08:00:00,177.07175867400002,34.3130837883
 05/31  09:00:00,181.545266752,41.6341565776
 05/31  10:00:00,189.20746563400002,49.5264422286
 05/31  11:00:00,194.717318103,52.493781439799996
 05/31  12:00:00,199.369601992,55.4382497986
 05/31  13:00:00,199.19841086099999,39.4532116129
 05/31  14:00:00,204.387409013,33.4843502321
 05/31  15:00:00,206.360426011,20.7063349641
 05/31  16:00:00,201.24290601400003,6.14115889797
 05/31  17:00:00,150.36735265,6.09334296689
 05/31  18:00:00,148.109137671,8.97399991475
 05/31  19:00:00,144.267365669,11.862203123499999
 05/31  20:00:00,142.619072929,8.979642088110001
 05/31  21:00:00,55.8501775529,8.979350651319999
 05/31  22:00:00,55.7058046364,6.09519407101
 05/31  23:00:00,56.4350315438,6.09291080495
 05/31  24:00:00,55.7220623316,6.08987166857
 06/01  01:00:00,55.7140319448,3.22568
 06/01  02:00:00,55.70482955560001,6.08976583689
 06/01  03:00:00,55.6969902349,6.0898821216100005
 06/01  04:00:00,55.9330492316,3.22568
 06/01  05:00:00,53.0488973733,6.08977758992
 06/01  06:00:00,65.0303780325,19.5457790257
 06/01  07:00:00,130.701548649,12.2903529305
 06/01  08:00:00,181.746092322,38.717496536300004
 06/01  09:00:00,185.356762333,44.484091380100004
 06/01  10:00:00,194.281856748,50.1000469411
 06/01  11:00:00,204.09295156299999,52.496058844
 06/01  12:00:00,212.00663166200002,52.519296196300004
 06/01  13:00:00,214.44648931400002,39.4502245126
 06/01  14:00:00,225.27789774400003,33.4903685605
 06/01  15:00:00,234.074393196,20.7062258934
 06/01  16:00:00,226.73228320599998,6.11636291044
 06/01  17:00:00,175.67014238599998,6.10173694158
 06/01  18:00:00,175.917135282,8.98322847242
 06/01  19:00:00,171.072434403,11.873842741099999
 06/01  20:00:00,165.737714006,8.98592817037
 06/01  21:00:00,55.9797263837,8.979508331449999
 06/01  22:00:00,55.8093311439,6.09480246955
 06/01  23:00:00,56.5227803196,6.0926326600300005
 06/01  24:00:00,55.80549866,6.08974635579
 06/02  01:00:00,55.8114850424,3.22568
 06/02  02:00:00,55.8107876101,6.08985542919
 06/02  03:00:00,55.7970628993,6.08974466228
 06/02  04:00:00,57.079284109300005,3.22568
 06/02  05:00:00,54.016767575299994,6.08985440826
 06/02  06:00:00,78.11999293939999,3.25368395018
 06/02  07:00:00,144.137337313,6.09355335891
 06/02  08:00:00,213.894278662,35.613351631
 06/02  09:00:00,229.33312550099998,41.4895268771
 06/02  10:00:00,242.129024238,49.518730335600004
 06/02  11:00:00,250.862324828,49.5679341471
 06/02  12:00:00,258.56766274,55.4409167846
 06/02  13:00:00,258.641184243,39.4375064719
 06/02  14:00:00,261.740423455,33.4878969043
 06/02  15:00:00,255.04006119599998,20.704518725699998
 06/02  16:00:00,229.727409105,6.12528443585
 06/02  17:00:00,162.57293003799998,6.09684306077
 06/02  18:00:00,155.407960451,8.975035175650001
 06/02  19:00:00,148.892740987,11.8773904877
 06/02  20:00:00,145.010949266,9.01219707534
 06/02  21:00:00,55.6894005095,8.97907728731
 06/02  22:00:00,55.7264465021,6.09487495267
 06/02  23:00:00,56.4555194644,6.092593662690001
 06/02  24:00:00,55.74472747350001,6.08978145951
 06/03  01:00:00,55.73639862,3.22568
 06/03  02:00:00,55.7241490385,3.22568
 06/03  03:00:00,55.6857734811,6.08837645854
 06/03  04:00:00,55.8736180829,3.22568
 06/03  05:00:00,52.979714254399994,6.08839577097
 06/03  06:00:00,47.2699133655,3.22568
 06/03  07:00:00,47.2120878934,3.22568
 06/03  08:00:00,47.2175284575,6.0882692682
 06/03  09:00:00,47.243385545699994,3.22568
 06/03  10:00:00,47.2520389964,6.08971865791
 06/03  11:00:00,47.9546092606,3.22568
 06/03  12:00:00,47.2902003159,6.08982188184
 06/03  13:00:00,47.348351648699996,3.22568
 06/03  14:00:00,47.354678118500004,6.08835137388
 06/03  15:00:00,47.3658097243,3.22568
 06/03  16:00:00,47.3267607066,6.088370089700001
 06/03  17:00:00,51.2278049183,3.22568
 06/03  18:00:00,47.2804126908,3.22568
 06/03  19:00:00,47.5217594529,6.088388760519999
 06/03  20:00:00,50.332412296899996,3.22568
 06/03  21:00:00,55.8764432364,3.22568
 06/03  22:00:00,55.6782989424,6.08826191426
 06/03  23:00:00,56.343332242299994,3.22568
 06/03  24:00:00,55.635046876000004,6.08828073338
 06/04  01:00:00,55.616517548400005,3.22568
 06/04  02:00:00,55.596999105900004,3.22568
 06/04  03:00:00,55.577976521000004,6.0882932685
 06/04  04:00:00,55.774322783100004,3.22568
 06/04  05:00:00,52.888245481300004,3.22568
 06/04  06:00:00,47.198729816400004,6.0883068648
 06/04  07:00:00,47.167864880799996,3.22568
 06/04  08:00:00,47.2093838031,6.0891864160599996
 06/04  09:00:00,47.2554991504,3.22568
 06/04  10:00:00,47.2684964476,6.08976410163
 06/04  11:00:00,47.9676032968,3.22568
 06/04  12:00:00,47.2924560612,6.0898606326
 06/04  13:00:00,47.349739733,6.08973808135
 06/04  14:00:00,47.368765443,3.22568
 06/04  15:00:00,47.3842762053,3.22568
 06/04  16:00:00,49.8393917287,6.088262702660001
 06/04  17:00:00,52.415504496000004,3.22568
 06/04  18:00:00,49.247610297600005,6.08827572101
 06/04  19:00:00,47.5245478174,3.22568
 06/04  20:00:00,50.3592455818,3.22568
 06/04  21:00:00,55.91922101270001,6.08828874622
 06/04  22:00:00,55.7288593909,3.22568
 06/04  23:00:00,56.403000424300004,3.22568
 06/04  24:00:00,55.71344598859999,6.088301747949999
 06/05  01:00:00,55.712478668,3.22568
 06/05  02:00:00,55.7127554556,6.08973154795
 06/05  03:00:00,55.702722253299996,3.22568
 06/05  04:00:00,55.9154805225,6.0898212336199995
 06/05  05:00:00,53.024629592,6.08969257801
 06/05  06:00:00,61.50263694939999,22.4073384213
 06/05  07:00:00,126.11645353200001,17.989707821
 06/05  08:00:00,172.683149996,46.6737913837
 06/05  09:00:00,175.15122286099998,48.951450275
 06/05  10:00:00,182.49220586099997,56.0083501052
 06/05  11:00:00,186.093370406,52.472376859700006
 06/05  12:00:00,187.27961590900003,55.4307523016
 06/05  13:00:00,186.721828998,36.533434462399995
 06/05  14:00:00,191.314672743,33.4841262679
 06/05  15:00:00,191.52499672599998,20.6939572956
 06/05  16:00:00,186.471000212,6.106293921980001
 06/05  17:00:00,137.779388819,8.9610527705
 06/05  18:00:00,135.00058631299999,6.832992452619999
 06/05  19:00:00,132.133258895,15.180445964
 06/05  20:00:00,129.649066296,18.561739027799998
 06/05  21:00:00,55.732176364,8.97865326948
 06/05  22:00:00,55.601545985200005,6.09491420859
 06/05  23:00:00,56.322996614,6.0927452753999995
 06/05  24:00:00,55.599327837299995,6.0898695709899995
 06/06  01:00:00,55.5920108948,6.08973424342
 06/06  02:00:00,55.5761778755,3.22568
 06/06  03:00:00,55.56037574810001,6.089817330290001
 06/06  04:00:00,56.6070007463,3.22568
 06/06  05:00:00,53.5798747096,6.089682708069999
 06/06  06:00:00,55.574932519799994,183.04850927299998
 06/06  07:00:00,119.98747333799999,98.12118066110001
 06/06  08:00:00,166.160106453,60.636930362799994
 06/06  09:00:00,172.83718153200002,48.032776784300005
 06/06  10:00:00,182.795535779,51.1845733783
 06/06  11:00:00,190.696019502,52.485170056
 06/06  12:00:00,200.82251693799998,55.4311467924
 06/06  13:00:00,202.403751533,36.5148032557
 06/06  14:00:00,210.81581783,33.4840820992
 06/06  15:00:00,216.801578973,20.6986062756
 06/06  16:00:00,210.98949117900003,6.106102503840001
 06/06  17:00:00,160.832551099,8.96111395361
 06/06  18:00:00,158.38291326200002,6.10020277647
 06/06  19:00:00,153.687910625,11.8619439584
 06/06  20:00:00,149.30078775,8.97826448055
 06/06  21:00:00,55.7011165687,8.97908769958
 06/06  22:00:00,55.71870142310001,6.094871938019999
 06/06  23:00:00,56.4282861199,6.09270312441
 06/06  24:00:00,55.70414407810001,6.08983006271
 06/07  01:00:00,55.6958935576,6.08968884936
 06/07  02:00:00,55.6847451796,3.22568
 06/07  03:00:00,55.6720342004,6.08976547321
 06/07  04:00:00,55.8907612684,3.22568
 06/07  05:00:00,53.023663884399994,6.08984217109
 06/07  06:00:00,59.5084098354,26.1328658133
 06/07  07:00:00,127.21819347899999,15.5646819923
 06/07  08:00:00,180.31758480099998,37.80255012
 06/07  09:00:00,186.908129728,38.8983215615
 06/07  10:00:00,196.87516844299998,49.519815305200005
 06/07  11:00:00,207.026023933,52.4700486889
 06/07  12:00:00,215.72502222900002,55.4276252519
 06/07  13:00:00,207.85713163900002,36.5736684081
 06/07  14:00:00,206.902678561,33.5185764001
 06/07  15:00:00,209.798963917,20.6907428421
 06/07  16:00:00,200.263450405,6.10815367615
 06/07  17:00:00,144.362925286,6.09350714395
 06/07  18:00:00,139.587698943,10.1074309095
 06/07  19:00:00,142.067022119,12.468333794600001
 06/07  20:00:00,147.131894214,8.978898962339999
 06/07  21:00:00,55.885725990699996,8.978414303060001
 06/07  22:00:00,55.7296572738,6.0948175355
 06/07  23:00:00,56.4393162964,6.092538408899999
 06/07  24:00:00,55.732471669,6.08973869651
 06/08  01:00:00,55.722468910399996,3.22568
 06/08  02:00:00,55.7106473362,6.089807027819999
 06/08  03:00:00,55.7040900649,3.22568
 06/08  04:00:00,55.94651542,6.089660532869999
 06/08  05:00:00,53.0753235118,6.089730909269999
 06/08  06:00:00,72.6388687542,10.2220694966
 06/08  07:00:00,139.609082105,6.27218170311
 06/08  08:00:00,200.946850592,32.727991138200004
 06/08  09:00:00,204.347084938,41.4901783623
 06/08  10:00:00,210.512883406,49.514940330900004
 06/08  11:00:00,217.809094054,52.470632470299996
 06/08  12:00:00,221.96824072400003,52.504389931800006
 06/08  13:00:00,223.55989428799998,39.4352551821
 06/08  14:00:00,227.35071319099998,33.4748448184
 06/08  15:00:00,218.66233381400002,20.7038284915
 06/08  16:00:00,206.809198536,6.105319285730001
 06/08  17:00:00,150.633035055,6.09336391108
 06/08  18:00:00,146.30631632799998,8.97339675646
 06/08  19:00:00,142.254523939,8.98279264331
 06/08  20:00:00,138.720347151,11.7925908305
 06/08  21:00:00,55.8316416385,11.8543166903
 06/08  22:00:00,55.6908021289,6.09474807639
 06/08  23:00:00,56.3917904285,6.09261334615
 06/08  24:00:00,55.6860095676,3.22568
 06/09  01:00:00,55.6759937259,6.089807796340001
 06/09  02:00:00,55.66752565310001,3.22568
 06/09  03:00:00,55.6626656337,6.08965535989
 06/09  04:00:00,56.7805071791,6.0897192476
 06/09  05:00:00,53.7211238964,3.22568
 06/09  06:00:00,55.5499628316,46.919842958800004
 06/09  07:00:00,120.357532195,32.6937339996
 06/09  08:00:00,170.183205977,46.1637834374
 06/09  09:00:00,176.822622591,49.4943216605
 06/09  10:00:00,186.04873602900003,51.5428098352
 06/09  11:00:00,189.82458366900002,49.554109403000005
 06/09  12:00:00,195.103298172,55.424867671099996
 06/09  13:00:00,197.67644029599998,36.506716849499995
 06/09  14:00:00,198.61837805099998,33.4979383465
 06/09  15:00:00,197.047000583,20.6916816221
 06/09  16:00:00,188.404879941,6.1095660692
 06/09  17:00:00,138.12621809200002,6.64731512786
 06/09  18:00:00,135.52772666799999,11.5995196566
 06/09  19:00:00,133.63120239399998,16.1437166969
 06/09  20:00:00,133.86117882,15.18903827
 06/09  21:00:00,55.6272308082,8.97805872158
 06/09  22:00:00,55.6564091398,6.09466455199
 06/09  23:00:00,56.3511968971,6.0927480877699995
 06/09  24:00:00,55.6213135456,6.08980755225
 06/10  01:00:00,55.5990553955,3.22568
 06/10  02:00:00,55.586256703800004,3.22568
 06/10  03:00:00,55.572434493500005,6.08832117637
 06/10  04:00:00,55.771169325699994,3.22568
 06/10  05:00:00,52.886916183800004,6.08830076648
 06/10  06:00:00,47.19485694270001,3.22568
 06/10  07:00:00,47.173311855200005,3.22568
 06/10  08:00:00,47.2256949462,6.08828012181
 06/10  09:00:00,47.2821122915,3.22568
 06/10  10:00:00,47.2971490545,6.08979887885
 06/10  11:00:00,47.9985092619,3.22568
 06/10  12:00:00,47.328536973199995,6.089641005009999
 06/10  13:00:00,47.388943150500005,3.22568
 06/10  14:00:00,47.401296485399996,6.088232786819999
 06/10  15:00:00,47.40785498939999,3.22568
 06/10  16:00:00,52.916576011000004,3.22568
 06/10  17:00:00,54.6225556992,6.088283817890001
 06/10  18:00:00,57.652267753000004,3.22568
 06/10  19:00:00,55.286319953,3.22568
 06/10  20:00:00,50.448117590200006,6.08833460705
 06/10  21:00:00,55.98443112060001,3.22568
 06/10  22:00:00,55.7739617287,6.08831298554
 06/10  23:00:00,56.427899385399996,3.22568
 06/10  24:00:00,55.7191150216,3.22568
 06/11  01:00:00,55.6997131979,6.0882894329
 06/11  02:00:00,55.703879745600005,3.22568
 06/11  03:00:00,55.713132028800004,3.22568
 06/11  04:00:00,55.953561350600005,6.088263832869999
 06/11  05:00:00,53.0712253809,3.22568
 06/11  06:00:00,47.3685445842,6.08823787513
 06/11  07:00:00,47.325243856099995,3.22568
 06/11  08:00:00,47.37596641020001,6.08960122135
 06/11  09:00:00,47.4257162568,3.22568
 06/11  10:00:00,47.4479391518,6.08965258989
 06/11  11:00:00,48.149381123199994,3.22568
 06/11  12:00:00,47.4510359797,6.08970394728
 06/11  13:00:00,47.4715708423,3.22568
 06/11  14:00:00,47.4761343464,6.088297365240001
 06/11  15:00:00,57.163024936899994,3.22568
 06/11  16:00:00,62.6437203117,3.22568
 06/11  17:00:00,63.343423272399995,6.0883286409599995
 06/11  18:00:00,63.617013926599995,3.22568
 06/11  19:00:00,60.079213690299994,6.088330726440001
 06/11  20:00:00,61.054033300600004,3.22568
 06/11  21:00:00,56.032869526099994,3.22568
 06/11  22:00:00,55.820406588999994,6.08821800533
 06/11  23:00:00,56.484903726400006,3.22568
 06/11  24:00:00,55.8104943322,3.22568
 06/12  01:00:00,55.8288570529,6.089715615989999
 06/12  02:00:00,55.83152536,3.22568
 06/12  03:00:00,55.8233217824,6.089760277999999
 06/12  04:00:00,56.0918458544,6.08959084145
 06/12  05:00:00,53.2061636344,3.22568
 06/12  06:00:00,84.1145377664,6.089944943580001
 06/12  07:00:00,153.57797066,6.093175898130001
 06/12  08:00:00,230.135278389,32.7188012671
 06/12  09:00:00,244.719082654,41.4847981714
 06/12  10:00:00,261.158875872,46.6080898485
 06/12  11:00:00,277.675996947,52.467083828999996
 06/12  12:00:00,290.835432549,52.5082757233
 06/12  13:00:00,287.961963051,39.4228961762
 06/12  14:00:00,293.46360209200003,33.4814148573
 06/12  15:00:00,294.681368167,20.675403978
 06/12  16:00:00,282.010211684,6.121700238580001
 06/12  17:00:00,203.582681815,6.0976144462
 06/12  18:00:00,187.554056432,8.97359852757
 06/12  19:00:00,177.318933877,8.98203823595
 06/12  20:00:00,171.161153631,8.97736487753
 06/12  21:00:00,55.9814986817,8.97833935401
 06/12  22:00:00,55.785349310600004,8.96387588526
 06/12  23:00:00,56.4695854533,6.09254173399
 06/12  24:00:00,55.748696027,3.22568
 06/13  01:00:00,55.7163523665,6.08960306513
 06/13  02:00:00,55.6745046439,3.22568
 06/13  03:00:00,55.6479788867,6.08964165643
 06/13  04:00:00,56.694278847700005,3.22568
 06/13  05:00:00,53.656187099200004,6.08968038112
 06/13  06:00:00,55.547077976000004,94.3557779142
 06/13  07:00:00,119.995599587,95.782371975
 06/13  08:00:00,166.076802622,123.51460554299999
 06/13  09:00:00,166.81804174299998,124.669078361
 06/13  10:00:00,171.235054398,118.477438924
 06/13  11:00:00,172.334691586,93.47560280340001
 06/13  12:00:00,172.147866787,92.6382684345
 06/13  13:00:00,168.738986167,87.60822620280001
 06/13  14:00:00,169.291459893,66.7516014842
 06/13  15:00:00,167.609280905,47.296157611400005
 06/13  16:00:00,165.12717990000002,28.6635720453
 06/13  17:00:00,122.626183757,21.277246581300002
 06/13  18:00:00,122.620644285,21.200660908699998
 06/13  19:00:00,121.32077561,29.319809169899997
 06/13  20:00:00,122.822985282,35.0931671285
 06/13  21:00:00,55.5001688428,8.977584610820001
 06/13  22:00:00,55.5361902532,6.094692960340001
 06/13  23:00:00,56.2802220682,6.09241638488
 06/13  24:00:00,55.5612584446,6.08963112274
 06/14  01:00:00,55.5594637444,3.22568
 06/14  02:00:00,55.5488838963,6.08966185434
 06/14  03:00:00,55.5408123722,3.22568
 06/14  04:00:00,55.7470592054,6.08969432764
 06/14  05:00:00,52.8682822617,3.22568
 06/14  06:00:00,55.232918244,157.978862386
 06/14  07:00:00,119.975184633,88.15361846299999
 06/14  08:00:00,165.426905536,71.1328995867
 06/14  09:00:00,165.886272697,69.6629714182
 06/14  10:00:00,170.862762109,67.5094977141
 06/14  11:00:00,173.479278365,49.5479425914
 06/14  12:00:00,175.548033932,55.416751184
 06/14  13:00:00,175.025906666,41.5292931279
 06/14  14:00:00,179.62475330799998,36.151435855100004
 06/14  15:00:00,184.438182455,22.4775801775
 06/14  16:00:00,181.41693590900002,6.10712682538
 06/14  17:00:00,134.34436754200001,6.0932132413
 06/14  18:00:00,134.853053918,8.97345268442
 06/14  19:00:00,131.556234816,11.2886691986
 06/14  20:00:00,130.031549221,16.6997567268
 06/14  21:00:00,55.7325319565,8.978075362610001
 06/14  22:00:00,55.589312616899996,8.96356939847
 06/14  23:00:00,56.32341004680001,6.0923832315999995
 06/14  24:00:00,55.6006106316,3.22568
 06/15  01:00:00,55.5981263778,6.08966353776
 06/15  02:00:00,55.593200327299996,3.22568
 06/15  03:00:00,55.5800723181,6.08968981628
 06/15  04:00:00,55.779664493599995,3.22568
 06/15  05:00:00,52.9060350951,6.08971622977
 06/15  06:00:00,55.1682690393,91.3372774428
 06/15  07:00:00,120.119602337,46.068441020200005
 06/15  08:00:00,168.705187955,47.801414421400004
 06/15  09:00:00,173.56323144400002,46.6731143038
 06/15  10:00:00,183.06166178200002,51.355469426800006
 06/15  11:00:00,188.53969699299998,52.46325535729999
 06/15  12:00:00,193.42778645,52.496719565
 06/15  13:00:00,193.70862618900003,36.4991488669
 06/15  14:00:00,197.61340883,33.4751777706
 06/15  15:00:00,197.76822286200002,20.6814150309
 06/15  16:00:00,191.160434355,6.146377782439999
 06/15  17:00:00,138.889765646,6.09329810189
 06/15  18:00:00,135.499233074,8.973630410560002
 06/15  19:00:00,133.68033048,8.98169799962
 06/15  20:00:00,133.448339667,11.5796971816
 06/15  21:00:00,55.7776265397,11.853396993099999
 06/15  22:00:00,55.643878895600004,6.094558638550001
 06/15  23:00:00,56.362737556499994,6.0924245385
 06/15  24:00:00,55.6475399354,3.22568
 06/16  01:00:00,55.6467143476,6.08963766727
 06/16  02:00:00,55.6381735296,3.22568
 06/16  03:00:00,55.6375156828,6.08965791518
 06/16  04:00:00,56.7575772019,3.22568
 06/16  05:00:00,53.705396774700006,6.08967831186
 06/16  06:00:00,55.8207681248,42.161543180900004
 06/16  07:00:00,123.296396571,21.836632012800003
 06/16  08:00:00,176.910950009,36.3103507292
 06/16  09:00:00,184.356190326,38.5766182742
 06/16  10:00:00,191.60559988400001,49.5101830442
 06/16  11:00:00,199.41682012299998,52.4608337708
 06/16  12:00:00,208.266085142,52.4949339542
 06/16  13:00:00,208.46443954400002,39.4288583486
 06/16  14:00:00,222.663519378,30.578728116399997
 06/16  15:00:00,231.359647972,20.6931965809
 06/16  16:00:00,221.639762553,6.11433026094
 06/16  17:00:00,163.369783386,6.09918988985
 06/16  18:00:00,160.065575035,8.97362259604
 06/16  19:00:00,157.455150939,8.98163718032
 06/16  20:00:00,155.705953466,8.9778351688
 06/16  21:00:00,55.757167303500005,11.853231528399998
 06/16  22:00:00,55.777544312299995,6.09451258523
 06/16  23:00:00,56.510834169700004,6.09237866503
 06/16  24:00:00,55.806937733299996,3.22568
 06/17  01:00:00,55.796150733999994,6.08830220574
 06/17  02:00:00,55.773834676899995,3.22568
 06/17  03:00:00,55.7618398048,3.22568
 06/17  04:00:00,56.026204013100006,6.08824446321
 06/17  05:00:00,53.1565085174,3.22568
 06/17  06:00:00,47.4418238038,3.22568
 06/17  07:00:00,47.3815065823,6.0881864059
 06/17  08:00:00,47.3976829842,3.22568
 06/17  09:00:00,47.4384726382,6.0896298014
 06/17  10:00:00,47.4655452267,3.22568
 06/17  11:00:00,48.1296423829,6.089644367949999
 06/17  12:00:00,47.4630790648,3.22568
 06/17  13:00:00,47.487198927,6.08829954669
 06/17  14:00:00,50.7144515227,3.22568
 06/17  15:00:00,52.5408055645,3.22568
 06/17  16:00:00,58.988555075,6.08829801534
 06/17  17:00:00,68.2049405807,3.22568
 06/17  18:00:00,58.6449337879,6.0882533912
 06/17  19:00:00,49.9949714013,3.22568
 06/17  20:00:00,49.0572121692,3.22568
 06/17  21:00:00,56.0461627559,6.08826481612
 06/17  22:00:00,55.8522438587,3.22568
 06/17  23:00:00,56.5347876907,3.22568
 06/17  24:00:00,55.847376557,6.08820631342
 06/18  01:00:00,55.8379744091,3.22568
 06/18  02:00:00,55.82592356560001,3.22568
 06/18  03:00:00,55.823382654899994,6.08828337837
 06/18  04:00:00,56.1010203636,3.22568
 06/18  05:00:00,53.2224142197,6.08822029768
 06/18  06:00:00,47.5072975999,3.22568
 06/18  07:00:00,47.4265890462,3.22568
 06/18  08:00:00,47.4449496333,6.08939944673
 06/18  09:00:00,47.4612072546,3.22568
 06/18  10:00:00,47.46560314640001,6.08952124271
 06/18  11:00:00,48.1596135228,6.08953003166
 06/18  12:00:00,49.2941046588,3.22568
 06/18  13:00:00,54.2835588392,6.089680994249999
 06/18  14:00:00,63.376794611099996,3.22568
 06/18  15:00:00,62.9237092188,3.22568
 06/18  16:00:00,64.5531596518,6.08826081865
 06/18  17:00:00,67.8456824291,3.22568
 06/18  18:00:00,56.7587505503,3.22568
 06/18  19:00:00,58.055943276499995,6.088267335630001
 06/18  20:00:00,49.0249787228,3.22568
 06/18  21:00:00,56.0038936991,6.08820330223
 06/18  22:00:00,55.796932758400004,3.22568
 06/18  23:00:00,56.466821642700005,3.22568
 06/18  24:00:00,55.7683722174,6.0882799582
 06/19  01:00:00,55.7550215845,3.22568
 06/19  02:00:00,55.741712567700006,6.08956519859
 06/19  03:00:00,55.732592754799995,3.22568
 06/19  04:00:00,55.970200377299996,6.08956790825
 06/19  05:00:00,53.0876887304,3.22568
 06/19  06:00:00,69.5019648022,11.0401880025
 06/19  07:00:00,134.053614288,7.132568440589999
 06/19  08:00:00,189.82686756400003,32.7909192965
 06/19  09:00:00,195.697276957,41.543067509299995
 06/19  10:00:00,202.50179803900002,46.603770462700005
 06/19  11:00:00,211.760440526,52.4713093695
 06/19  12:00:00,229.72851320799998,52.492911067
 06/19  13:00:00,237.76437522900002,39.4199014378
 06/19  14:00:00,243.890629332,30.575305589299997
 06/19  15:00:00,248.611069662,20.6904923605
 06/19  16:00:00,234.454502118,6.11093477898
 06/19  17:00:00,172.85946594799998,6.0953050188999995
 06/19  18:00:00,167.256176679,8.974106920599999
 06/19  19:00:00,161.92842483200002,8.98556417454
 06/19  20:00:00,155.492237537,8.976776505439998
 06/19  21:00:00,55.9144211288,8.97754177238
 06/19  22:00:00,55.755877553599994,8.96320161544
 06/19  23:00:00,56.4782905675,3.22568
 06/19  24:00:00,55.7617766395,6.089693410619999
 06/20  01:00:00,55.737922054399995,6.0896901126100005
 06/20  02:00:00,55.7195661791,3.22568
 06/20  03:00:00,55.701596682399995,6.089686825889999
 06/20  04:00:00,56.8329040663,3.22568
 06/20  05:00:00,53.7691830669,6.089683687690001
 06/20  06:00:00,57.853259873,24.443259676599997
 06/20  07:00:00,127.47641033299999,11.7450796371
 06/20  08:00:00,187.73111177099997,32.7248832512
 06/20  09:00:00,201.104302091,41.4800413518
 06/20  10:00:00,217.168280779,49.5059892318
 06/20  11:00:00,232.14981680900001,49.548066881400004
 06/20  12:00:00,247.32115469,52.498727046199996
 06/20  13:00:00,251.00118134599998,39.4105319032
 06/20  14:00:00,252.66086242400002,30.567642728800003
 06/20  15:00:00,254.054628017,20.6935125266
 06/20  16:00:00,252.09771769099999,6.13308904996
 06/20  17:00:00,195.75232254099998,6.101375351050001
 06/20  18:00:00,190.121052148,8.98529754092
 06/20  19:00:00,182.01364853099997,8.98855109808
 06/20  20:00:00,172.860684825,11.859694666400001
 06/20  21:00:00,55.8033837377,8.97725643894
 06/20  22:00:00,55.825101329,6.09450276845
 06/20  23:00:00,56.5295103487,6.09236894542
 06/20  24:00:00,55.803749269099995,3.22568
 06/21  01:00:00,55.7874132141,6.089594562439999
 06/21  02:00:00,55.7757651401,3.22568
 06/21  03:00:00,55.76416767439999,6.0895856324
 06/21  04:00:00,56.0108200138,3.22568
 06/21  05:00:00,53.134453165699995,6.08957686653
 06/21  06:00:00,73.0385672309,6.145268391919999
 06/21  07:00:00,138.818724871,6.09291986347
 06/21  08:00:00,203.027149746,32.7233074878
 06/21  09:00:00,211.448529057,38.5750291672
 06/21  10:00:00,220.99037086400003,49.50303289359999
 06/21  11:00:00,228.57763370799998,49.544120509399995
 06/21  12:00:00,229.299783653,54.1522769102
 06/21  13:00:00,225.056328449,37.7599594612
 06/21  14:00:00,233.024602292,33.4624947333
 06/21  15:00:00,239.34510465900001,17.7763932002
 06/21  16:00:00,228.21961121900003,6.106595978730001
 06/21  17:00:00,171.278245962,6.09302838119
 06/21  18:00:00,165.982486269,8.972881630369999
 06/21  19:00:00,158.683297409,11.858564871099999
 06/21  20:00:00,155.12731295700002,8.97673782289
 06/21  21:00:00,55.9340939955,8.97709762053
 06/21  22:00:00,55.7592760261,6.09402154342
 06/21  23:00:00,56.4534240654,6.09250773516
 06/21  24:00:00,55.7352175621,3.22568
 06/22  01:00:00,55.7147942354,6.08952657638
 06/22  02:00:00,55.6941939251,3.22568
 06/22  03:00:00,55.674994049,6.08951206661
 06/22  04:00:00,55.881255249700004,6.08949772551
 06/22  05:00:00,52.9928800254,3.22568
 06/22  06:00:00,56.677160503900005,34.482036728800004
 06/22  07:00:00,124.45191846,19.5884886286
 06/22  08:00:00,174.49111615799998,39.2168887919
 06/22  09:00:00,180.80874596700002,40.5743843637
 06/22  10:00:00,190.41524233599998,49.5025591784
 06/22  11:00:00,196.981874703,49.5435017021
 06/22  12:00:00,202.13647866099998,52.4883696355
 06/22  13:00:00,207.446983758,39.4170127763
 06/22  14:00:00,215.323791457,30.5603698169
 06/22  15:00:00,216.53480839,20.6812479572
 06/22  16:00:00,205.607337185,6.10818220903
 06/22  17:00:00,152.417931143,6.09319621679
 06/22  18:00:00,149.461726745,8.972394621989999
 06/22  19:00:00,145.556259783,8.98059788153
 06/22  20:00:00,140.596619925,11.8518653855
 06/22  21:00:00,55.8402606343,8.97650355934
 06/22  22:00:00,55.6997857744,6.094357582540001
 06/22  23:00:00,56.4309867465,6.09222426865
 06/22  24:00:00,55.7124779303,3.22568
 06/23  01:00:00,55.708522718199994,6.08966317658
 06/23  02:00:00,55.705447998900006,3.22568
 06/23  03:00:00,55.703554996,6.0896429877600005
 06/23  04:00:00,56.87416067979999,3.22568
 06/23  05:00:00,53.7859827142,6.08962296367
 06/23  06:00:00,59.2042850832,23.313460644299997
 06/23  07:00:00,124.14161822,15.9520440979
 06/23  08:00:00,174.143703159,41.3137777397
 06/23  09:00:00,178.49180654900002,42.6340827171
 06/23  10:00:00,187.22630766700001,49.8372716492
 06/23  11:00:00,192.90764114,49.5403461811
 06/23  12:00:00,196.180500902,52.4867270476
 06/23  13:00:00,197.11985249999998,39.4071747307
 06/23  14:00:00,203.14204315400002,30.562371594200002
 06/23  15:00:00,205.952012841,20.680287758
 06/23  16:00:00,199.467539007,6.14533593013
 06/23  17:00:00,151.92501128700002,6.092936291209999
 06/23  18:00:00,151.694893409,8.97244968954
 06/23  19:00:00,146.264441022,8.98101703803
 06/23  20:00:00,139.95023203600002,8.976206104580001
 06/23  21:00:00,55.6566863391,8.97701586797
 06/23  22:00:00,55.6957927382,6.0941608883
 06/23  23:00:00,56.4118196721,6.09244513311
 06/23  24:00:00,55.6929637252,6.08961313694
 06/24  01:00:00,55.684821338599995,3.22568
 06/24  02:00:00,55.6575904145,6.08818452615
 06/24  03:00:00,55.6362827528,3.22568
 06/24  04:00:00,55.8445708972,3.22568
 06/24  05:00:00,52.9554284037,6.08823023447
 06/24  06:00:00,47.258193391800006,3.22568
 06/24  07:00:00,47.2281766046,3.22568
 06/24  08:00:00,47.272787578999996,6.0881372244800005
 06/24  09:00:00,47.3307740641,3.22568
 06/24  10:00:00,47.3568515476,6.08951402484
 06/24  11:00:00,48.043341526000006,3.22568
 06/24  12:00:00,47.371707593100005,6.08948873161
 06/24  13:00:00,47.418074473900006,3.22568
 06/24  14:00:00,47.4303910841,6.088132218919999
 06/24  15:00:00,51.4465160113,3.22568
 06/24  16:00:00,58.4801662849,3.22568
 06/24  17:00:00,58.064162499700004,6.0882240676
 06/24  18:00:00,63.5615589864,3.22568
 06/24  19:00:00,54.3718089491,3.22568
 06/24  20:00:00,56.258756673,6.08825080578
 06/24  21:00:00,55.9652663963,3.22568
 06/24  22:00:00,55.7465579453,6.0881291618499995
 06/24  23:00:00,56.4305316416,3.22568
 06/24  24:00:00,55.729369002,3.22568
 06/25  01:00:00,55.6897770717,6.088171849
 06/25  02:00:00,55.6638782476,3.22568
 06/25  03:00:00,55.6468651105,3.22568
 06/25  04:00:00,55.8549329554,6.08821270508
 06/25  05:00:00,52.969454623199994,3.22568
 06/25  06:00:00,47.271895316800006,3.22568
 06/25  07:00:00,47.25073654609999,6.0882531577600005
 06/25  08:00:00,47.304239961099995,3.22568
 06/25  09:00:00,47.3694565034,6.089482650599999
 06/25  10:00:00,47.4037178316,3.22568
 06/25  11:00:00,48.1010737979,6.08945195109
 06/25  12:00:00,47.433199109200004,3.22568
 06/25  13:00:00,47.4755166111,6.08962853674
 06/25  14:00:00,47.4838082374,3.22568
 06/25  15:00:00,57.9091083101,6.08823664055
 06/25  16:00:00,66.4197354623,3.22568
 06/25  17:00:00,64.5702960708,3.22568
 06/25  18:00:00,67.77521094560001,6.08824193786
 06/25  19:00:00,56.442171745900005,3.22568
 06/25  20:00:00,63.320035179099996,6.08821250499
 06/25  21:00:00,56.0666244159,3.22568
 06/25  22:00:00,55.8465065542,3.22568
 06/25  23:00:00,56.515119865600006,6.08825251496
 06/25  24:00:00,55.818255744700004,3.22568
 06/26  01:00:00,55.809371407200004,6.0894760345300005
 06/26  02:00:00,55.8049154129,3.22568
 06/26  03:00:00,55.800577629799996,6.08943979075
 06/26  04:00:00,56.0577938439,3.22568
 06/26  05:00:00,53.1747365367,6.089610436369999
 06/26  06:00:00,79.17226290079999,3.2513170700400003
 06/26  07:00:00,142.916191444,6.09281738086
 06/26  08:00:00,213.067020129,32.7232911696
 06/26  09:00:00,228.232529684,41.472147310100006
 06/26  10:00:00,242.165743127,46.596785044899995
 06/26  11:00:00,254.470781873,52.448461811499996
 06/26  12:00:00,264.680022035,52.485110147700006
 06/26  13:00:00,268.608333013,36.4785046632
 06/26  14:00:00,278.659196335,33.4656250135
 06/26  15:00:00,280.751864728,17.774602432400002
 06/26  16:00:00,270.978597581,6.11221710784
 06/26  17:00:00,209.248874515,6.09532847913
 06/26  18:00:00,196.19356572799998,8.97234172274
 06/26  19:00:00,186.395119294,8.98035347545
 06/26  20:00:00,178.78865823700002,11.851618889300001
 06/26  21:00:00,56.0103171659,8.97605510135
 06/26  22:00:00,55.829486458699996,6.094173562690001
 06/26  23:00:00,56.5435852624,6.092385459400001
 06/26  24:00:00,55.8295427859,3.22568
 06/27  01:00:00,55.813518209099996,6.0894871663
 06/27  02:00:00,55.8081176213,3.22568
 06/27  03:00:00,55.795729766499996,6.0894456324399995
 06/27  04:00:00,57.0860531766,3.22568
 06/27  05:00:00,54.0504164966,6.0896105026
 06/27  06:00:00,87.296042918,3.2434190359099997
 06/27  07:00:00,156.73901581200002,6.09302993719
 06/27  08:00:00,243.68338861599997,32.723136342
 06/27  09:00:00,262.824751654,41.4736962967
 06/27  10:00:00,278.486015081,46.5921118948
 06/27  11:00:00,296.745353281,52.4443650608
 06/27  12:00:00,312.855809432,52.484078475299995
 06/27  13:00:00,315.97428001599997,36.473829826
 06/27  14:00:00,310.322668855,33.4614823928
 06/27  15:00:00,298.416703405,17.765732692100002
 06/27  16:00:00,287.476352984,6.10711948717
 06/27  17:00:00,229.156211876,6.092997029279999
 06/27  18:00:00,221.25514834900002,8.97249504067
 06/27  19:00:00,207.93748023599997,11.8574972724
 06/27  20:00:00,200.182721945,8.97590976399
 06/27  21:00:00,55.8972234623,8.976522328
 06/27  22:00:00,55.850039977600005,6.094210392490001
 06/27  23:00:00,56.5407809412,6.09207771509
 06/27  24:00:00,55.83021057,3.22568
 06/28  01:00:00,55.815269804799996,6.08952590847
 06/28  02:00:00,55.7955866368,3.22568
 06/28  03:00:00,55.780312495699995,6.08947916184
 06/28  04:00:00,56.0138908821,3.22568
 06/28  05:00:00,53.1171052381,6.089432581919999
 06/28  06:00:00,69.3578911571,5.549473632590001
 06/28  07:00:00,134.914963998,6.093043045959999
 06/28  08:00:00,193.735581322,32.7229181572
 06/28  09:00:00,205.319838176,41.4729544585
 06/28  10:00:00,225.68766213,46.5935037922
 06/28  11:00:00,239.12985080299998,52.4454050699
 06/28  12:00:00,243.156403848,52.48714067069999
 06/28  13:00:00,247.526369719,36.5014137417
 06/28  14:00:00,260.115962623,33.461755320900004
 06/28  15:00:00,263.164063284,17.7770405258
 06/28  16:00:00,247.39737178599998,6.11352001784
 06/28  17:00:00,186.55086711799999,6.102619419380001
 06/28  18:00:00,178.52762562200002,8.975495092200001
 06/28  19:00:00,170.64782381,8.98065855215
 06/28  20:00:00,164.258857967,8.97668399732
 06/28  21:00:00,55.951435365500004,8.97688735257
 06/28  22:00:00,55.78571768770001,8.96300605223
 06/28  23:00:00,56.5072282714,6.09206436315
 06/28  24:00:00,55.796674735500005,3.22568
 06/29  01:00:00,55.7837879384,6.08958277974
 06/29  02:00:00,55.77359511,3.22568
 06/29  03:00:00,55.7620293777,6.08953089718
 06/29  04:00:00,56.018265275299996,3.22568
 06/29  05:00:00,53.1612137909,6.0894791795200005
 06/29  06:00:00,80.0105237341,3.2484371941
 06/29  07:00:00,146.699320702,6.092848591240001
 06/29  08:00:00,215.98111996900002,32.7221814821
 06/29  09:00:00,230.170748985,41.469896446199996
 06/29  10:00:00,245.767786537,46.59523318229999
 06/29  11:00:00,259.764443192,52.4562998308
 06/29  12:00:00,268.525733612,52.4911150813
 06/29  13:00:00,268.618047435,36.4766442806
 06/29  14:00:00,274.340093577,30.560359649200002
 06/29  15:00:00,272.061282874,20.6818896639
 06/29  16:00:00,265.043588208,6.109557281849999
 06/29  17:00:00,203.09184966900003,6.09442118766
 06/29  18:00:00,194.703037672,8.97237624091
 06/29  19:00:00,188.643668909,8.98009034216
 06/29  20:00:00,178.983852378,8.97679166256
 06/29  21:00:00,55.997594381400006,8.976956884380002
 06/29  22:00:00,55.814138801400006,6.094093035419999
 06/29  23:00:00,56.5164343541,6.09226863367
 06/29  24:00:00,55.797593283400005,6.08951809441
 06/30  01:00:00,55.78003528479999,3.22568
 06/30  02:00:00,55.7586637172,6.089459786980001
 06/30  03:00:00,55.743986446899996,3.22568
 06/30  04:00:00,56.9482689851,6.08940305242
 06/30  05:00:00,53.885099293500005,3.22568
 06/30  06:00:00,68.5367214984,11.2661777834
 06/30  07:00:00,135.175805198,6.092837553609999
 06/30  08:00:00,191.34967707200002,32.7239876103
 06/30  09:00:00,197.03022967299998,38.5669377798
 06/30  10:00:00,205.133780793,49.4974286796
 06/30  11:00:00,211.08891877599999,49.534451349099996
 06/30  12:00:00,216.666376091,52.4788735561
 06/30  13:00:00,221.52011452,36.4923489094
 06/30  14:00:00,231.963249345,33.462131849
 06/30  15:00:00,240.10369729,20.6695809523
 06/30  16:00:00,231.255455555,6.10590071003
 06/30  17:00:00,174.01378014,6.092859331360001
 06/30  18:00:00,168.813893389,6.09918147282
 06/30  19:00:00,160.899568347,11.8579450215
 06/30  20:00:00,150.30991373700002,8.976151399119999
 06/30  21:00:00,55.695663211,8.97628057234
 06/30  22:00:00,55.727120748999994,6.094322282239999
 06/30  23:00:00,56.465767858999996,6.09218901864
 06/30  24:00:00,55.7455962715,3.22568
 07/01  01:00:00,48.529177969799996,6.088199076919999
 07/01  02:00:00,48.516127284899994,3.22568
 07/01  03:00:00,48.503206298,3.22568
 07/01  04:00:00,48.7287747616,6.08821120406
 07/01  05:00:00,45.839194747,3.22568
 07/01  06:00:00,40.1472521045,3.22568
 07/01  07:00:00,40.120747643499996,6.088086629349999
 07/01  08:00:00,40.146859224,3.22568
 07/01  09:00:00,40.154754185,6.089471316719999
 07/01  10:00:00,40.1658418301,3.22568
 07/01  11:00:00,40.876185606599996,6.08940976539
 07/01  12:00:00,40.1971094521,3.22568
 07/01  13:00:00,40.2119438119,6.0881117406
 07/01  14:00:00,40.2301955389,3.22568
 07/01  15:00:00,44.2306680523,3.22568
 07/01  16:00:00,47.7786961664,6.08821474862
 07/01  17:00:00,52.825838132200005,3.22568
 07/01  18:00:00,48.2124868094,3.22568
 07/01  19:00:00,42.4613934502,6.08821725126
 07/01  20:00:00,41.8671733904,3.22568
 07/01  21:00:00,48.81319973270001,3.22568
 07/01  22:00:00,48.6040032282,6.088146291519999
 07/01  23:00:00,49.2663541133,3.22568
 07/01  24:00:00,48.565308313900005,3.22568
 07/02  01:00:00,48.5601472029,6.08815616441
 07/02  02:00:00,48.57293704,3.22568
 07/02  03:00:00,48.5790496417,6.08816392507
 07/02  04:00:00,48.845287864899994,3.22568
 07/02  05:00:00,45.971007954300006,3.22568
 07/02  06:00:00,40.250204765300005,6.08817133322
 07/02  07:00:00,40.1572115393,3.22568
 07/02  08:00:00,40.153945991,3.22568
 07/02  09:00:00,40.1640229702,6.089547080240001
 07/02  10:00:00,40.1538771829,6.08948061165
 07/02  11:00:00,40.8073482209,3.22568
 07/02  12:00:00,40.1292741245,6.08941422742
 07/02  13:00:00,40.1834356346,3.22568
 07/02  14:00:00,40.2308379994,3.22568
 07/02  15:00:00,49.0767236792,6.08818308227
 07/02  16:00:00,52.436449484799994,3.22568
 07/02  17:00:00,55.8533301178,6.08819068811
 07/02  18:00:00,58.2737000831,3.22568
 07/02  19:00:00,54.697354823199994,3.22568
 07/02  20:00:00,50.5907362746,6.08819768402
 07/02  21:00:00,50.669999856800004,3.22568
 07/02  22:00:00,48.559132060500005,3.22568
 07/02  23:00:00,49.205641051099995,6.08820401212
 07/02  24:00:00,48.5096588571,3.22568
 07/03  01:00:00,48.486440552,6.08950634077
 07/03  02:00:00,48.469998702,3.22568
 07/03  03:00:00,48.457349638500006,6.089434977640001
 07/03  04:00:00,48.6585962255,3.22568
 07/03  05:00:00,45.771196850600006,6.08956723878
 07/03  06:00:00,47.967852839399995,5.76158126503
 07/03  07:00:00,53.079123926099996,28.7599162095
 07/03  08:00:00,109.856943415,20.7230718439
 07/03  09:00:00,115.074856855,18.915613283800003
 07/03  10:00:00,122.66345654700001,26.9297349548
 07/03  11:00:00,126.940721401,26.9296568444
 07/03  12:00:00,130.489881637,26.929578885700003
 07/03  13:00:00,132.546008608,18.9351831477
 07/03  14:00:00,138.027935278,18.917387215599998
 07/03  15:00:00,145.254099161,6.10196307814
 07/03  16:00:00,152.349247636,6.09926881866
 07/03  17:00:00,126.072221931,6.098172845730001
 07/03  18:00:00,103.25086195899999,8.978620746239999
 07/03  19:00:00,104.289458666,8.98046930917
 07/03  20:00:00,73.2340925181,9.057048431819998
 07/03  21:00:00,48.7370728722,8.97580595202
 07/03  22:00:00,48.572054854099996,6.09424685965
 07/03  23:00:00,49.291327575699995,6.09221614347
 07/03  24:00:00,48.574821313,3.22568
 07/04  01:00:00,48.5552405676,6.0881745696300005
 07/04  02:00:00,48.5302394195,3.22568
 07/04  03:00:00,48.5158470418,3.22568
 07/04  04:00:00,48.746087391,6.0881735293
 07/04  05:00:00,45.8623242834,3.22568
 07/04  06:00:00,40.163199010999996,6.088172160909999
 07/04  07:00:00,40.1239366974,3.22568
 07/04  08:00:00,40.168058885,3.22568
 07/04  09:00:00,40.1916268984,6.08939597816
 07/04  10:00:00,40.2027431065,3.22568
 07/04  11:00:00,40.9191829476,6.089523246050001
 07/04  12:00:00,40.2425624903,6.08944739545
 07/04  13:00:00,41.3741617835,3.22568
 07/04  14:00:00,41.4683161179,3.22568
 07/04  15:00:00,55.4595278321,6.08820065982
 07/04  16:00:00,61.694915826899994,3.24336741712
 07/04  17:00:00,59.581564288,3.22568
 07/04  18:00:00,56.778841083500005,6.16704321783
 07/04  19:00:00,55.092427004799994,3.22568
 07/04  20:00:00,41.9472099147,6.0881422586300005
 07/04  21:00:00,48.913774715699994,3.22568
 07/04  22:00:00,48.701160244300006,3.22568
 07/04  23:00:00,49.339317326899994,6.088140494249999
 07/04  24:00:00,48.609369424300006,3.22568
 07/05  01:00:00,48.6038398875,3.22568
 07/05  02:00:00,48.58381367729999,6.08949407543
 07/05  03:00:00,48.5675228912,6.08941348684
 07/05  04:00:00,48.8117854722,3.22568
 07/05  05:00:00,45.940088700100006,6.08953566873
 07/05  06:00:00,67.4517948754,3.2760013249299997
 07/05  07:00:00,67.6796479904,6.092788859010001
 07/05  08:00:00,117.259526225,18.9154202756
 07/05  09:00:00,124.501988702,18.9153320653
 07/05  10:00:00,138.309537835,26.929814583899997
 07/05  11:00:00,144.915174199,26.9297261308
 07/05  12:00:00,147.047833403,26.929637951500002
 07/05  13:00:00,142.923615155,18.9380058868
 07/05  14:00:00,143.032094415,18.9156326879
 07/05  15:00:00,142.205003793,6.10866466673
 07/05  16:00:00,147.85694243,6.09273603778
 07/05  17:00:00,124.601007585,6.092648017869999
 07/05  18:00:00,109.737982574,6.09855855099
 07/05  19:00:00,108.66726160799999,11.856903864200001
 07/05  20:00:00,78.0010416765,8.9759592073
 07/05  21:00:00,48.754022479300005,8.975973073839999
 07/05  22:00:00,48.564070962799995,6.0942121593300005
 07/05  23:00:00,49.256496300200006,6.092079440369999
 07/05  24:00:00,48.5431111725,3.22568
 07/06  01:00:00,48.525152334,6.089540689040001
 07/06  02:00:00,48.5070749573,3.22568
 07/06  03:00:00,48.475042456400004,6.08945555416
 07/06  04:00:00,48.6722288745,3.22568
 07/06  05:00:00,45.77964786,6.08937059048
 07/06  06:00:00,48.267212551899995,4.2996896209
 07/06  07:00:00,51.312820632299996,33.1189024577
 07/06  08:00:00,102.880208189,28.7940550036
 07/06  09:00:00,107.107152407,19.1364972317
 07/06  10:00:00,112.17184874600001,26.9296896158
 07/06  11:00:00,114.252468133,26.9295966087
 07/06  12:00:00,115.448904954,26.9295037668
 07/06  13:00:00,114.17059659200001,18.9313409122
 07/06  14:00:00,118.61237402299999,18.9154874506
 07/06  15:00:00,119.55324240700001,6.10777139549
 07/06  16:00:00,122.374620785,6.09258164355
 07/06  17:00:00,103.715059515,6.09285854023
 07/06  18:00:00,97.2389935749,8.971934470599999
 07/06  19:00:00,96.1573408409,8.97976018992
 07/06  20:00:00,64.82550716989999,9.04419640658
 07/06  21:00:00,48.6559860382,8.97587716124
 07/06  22:00:00,48.501395216599995,6.09357686169
 07/06  23:00:00,49.21051192109999,6.0919394029900005
 07/06  24:00:00,48.48741215689999,3.22568
 07/07  01:00:00,48.480832796099996,6.08946950524
 07/07  02:00:00,48.4654393417,6.0893800179
 07/07  03:00:00,48.4503128932,3.22568
 07/07  04:00:00,49.548392238599995,6.08949251
 07/07  05:00:00,46.509955015299994,3.22568
 07/07  06:00:00,48.9430548462,6.26550247026
 07/07  07:00:00,52.9402773559,34.3018523813
 07/07  08:00:00,106.623865765,26.918718881799997
 07/07  09:00:00,111.930115669,16.0484
 07/07  10:00:00,116.544184589,26.9298254448
 07/07  11:00:00,119.921373371,26.929723321500003
 07/07  12:00:00,122.86579668799999,26.9296254146
 07/07  13:00:00,123.741908415,18.9341682152
 07/07  14:00:00,127.486086364,18.9155991584
 07/07  15:00:00,128.936886641,6.09278101832
 07/07  16:00:00,127.677697524,6.0926831862199995
 07/07  17:00:00,102.81184270600001,6.09258554498
 07/07  18:00:00,97.7759202845,8.97180241352
 07/07  19:00:00,97.32488161040001,8.97973431471
 07/07  20:00:00,68.1789398878,9.008447185089999
 07/07  21:00:00,48.501822098699996,8.976304745030001
 07/07  22:00:00,48.5348402604,6.093576658509999
 07/07  23:00:00,49.2772191841,6.09201722974
 07/07  24:00:00,48.567727444700004,6.089483144990001
 07/08  01:00:00,48.5617664495,3.22568
 07/08  02:00:00,48.5712943997,3.22568
 07/08  03:00:00,48.5635430025,6.08810973865
 07/08  04:00:00,48.7893198542,3.22568
 07/08  05:00:00,45.903902088100004,3.22568
 07/08  06:00:00,40.195475327800004,6.088091936790001
 07/08  07:00:00,40.1334613866,3.22568
 07/08  08:00:00,40.1582991028,3.22568
 07/08  09:00:00,40.191169472,6.08942344053
 07/08  10:00:00,40.1999595374,3.22568
 07/08  11:00:00,40.8691652785,6.089531281830001
 07/08  12:00:00,40.172000272,6.089437673790001
 07/08  13:00:00,40.199497955700004,3.22568
 07/08  14:00:00,40.2395299468,3.22568
 07/08  15:00:00,43.1884605569,6.08813575256
 07/08  16:00:00,55.440018584899995,3.22568
 07/08  17:00:00,54.67084456520001,3.22568
 07/08  18:00:00,57.66316637,6.08817203086
 07/08  19:00:00,56.7264328576,3.22568
 07/08  20:00:00,50.0672895427,3.22568
 07/08  21:00:00,48.8039011588,6.08809933604
 07/08  22:00:00,48.5955605333,3.22568
 07/08  23:00:00,49.2515402793,3.22568
 07/08  24:00:00,48.553564324300005,6.08808114269
 07/09  01:00:00,48.542865008,3.22568
 07/09  02:00:00,48.533751369799994,3.22568
 07/09  03:00:00,48.5040706325,6.0880593016499995
 07/09  04:00:00,48.7251471005,3.22568
 07/09  05:00:00,45.851370905900005,3.22568
 07/09  06:00:00,40.146902446999995,6.08817206511
 07/09  07:00:00,40.1072327879,3.22568
 07/09  08:00:00,40.1580451945,6.08942842592
 07/09  09:00:00,40.1859672661,3.22568
 07/09  10:00:00,40.2001080737,6.0893306348300005
 07/09  11:00:00,40.9028067565,3.22568
 07/09  12:00:00,40.2227931321,6.08943398373
 07/09  13:00:00,40.2267107444,3.22568
 07/09  14:00:00,40.2433583114,6.08805741171
 07/09  15:00:00,47.6419000133,3.22568
 07/09  16:00:00,51.2330725748,3.22568
 07/09  17:00:00,42.8771856201,6.08816971915
 07/09  18:00:00,41.5007684631,3.22568
 07/09  19:00:00,43.5109885682,3.22568
 07/09  20:00:00,41.8285626873,6.0881475602199995
 07/09  21:00:00,48.785242082799996,3.22568
 07/09  22:00:00,48.5635816517,3.22568
 07/09  23:00:00,49.219977755900004,6.0881254252699994
 07/09  24:00:00,48.5221671927,3.22568
 07/10  01:00:00,48.5111485962,6.0893775977499995
 07/10  02:00:00,48.4912247215,3.22568
 07/10  03:00:00,48.4676416525,6.089476202669999
 07/10  04:00:00,48.6906557707,3.22568
 07/10  05:00:00,47.239085896300004,6.08937421681
 07/10  06:00:00,52.836422117299996,3.33400262413
 07/10  07:00:00,57.537840948100005,18.7923539309
 07/10  08:00:00,113.93701221,19.111101873800003
 07/10  09:00:00,121.185956782,18.9152971298
 07/10  10:00:00,130.700289021,26.9297524241
 07/10  11:00:00,139.12780519700001,26.9296405002
 07/10  12:00:00,141.409082497,26.9295289598
 07/10  13:00:00,142.09760784899998,18.9356374653
 07/10  14:00:00,150.88220168200002,18.9154724042
 07/10  15:00:00,157.54851601299998,6.1084085085
 07/10  16:00:00,162.734890076,6.0925294566499995
 07/10  17:00:00,142.07754025399998,6.092784656390001
 07/10  18:00:00,112.95819276600001,6.888134861779999
 07/10  19:00:00,110.89114720100001,11.0828070098
 07/10  20:00:00,77.96924578779999,9.02760581763
 07/10  21:00:00,48.7803634572,8.97567047083
 07/10  22:00:00,48.605890778500005,6.094101133840001
 07/10  23:00:00,49.3213238567,6.09196905752
 07/10  24:00:00,48.6027251322,3.22568
 07/11  01:00:00,48.584027595100004,6.089437899299999
 07/11  02:00:00,48.573469985900005,3.22568
 07/11  03:00:00,48.567035316,6.08933183408
 07/11  04:00:00,49.84879925439999,3.22568
 07/11  05:00:00,48.2436219537,6.08942621666
 07/11  06:00:00,70.6808491636,3.2593239045099995
 07/11  07:00:00,72.258825626,6.09284106753
 07/11  08:00:00,123.97054122600001,18.9154444953
 07/11  09:00:00,129.455508275,18.9153284475
 07/11  10:00:00,138.35636828399998,26.9297787577
 07/11  11:00:00,145.322875097,26.9296623037
 07/11  12:00:00,152.509522526,26.9295463175
 07/11  13:00:00,158.785299709,18.9343179222
 07/11  14:00:00,166.852104537,18.9154806651
 07/11  15:00:00,169.147162032,6.10893767714
 07/11  16:00:00,167.748357296,6.092528898080001
 07/11  17:00:00,144.597241369,6.09277902619
 07/11  18:00:00,118.492149438,6.71010814212
 07/11  19:00:00,116.999438585,11.2580525836
 07/11  20:00:00,82.4134674508,9.0280081801
 07/11  21:00:00,48.596441161899996,8.975550833169999
 07/11  22:00:00,48.598968776499994,6.09404913536
 07/11  23:00:00,49.2864660668,6.0919172951
 07/11  24:00:00,48.5701667083,3.22568
 07/12  01:00:00,48.5486319912,6.08938758545
 07/12  02:00:00,48.523929622,3.22568
 07/12  03:00:00,48.494690731599995,6.0894775250199995
 07/12  04:00:00,48.7021335709,3.22568
 07/12  05:00:00,47.234248549899995,6.08936761896
 07/12  06:00:00,50.2670442722,3.3575326300099997
 07/12  07:00:00,55.631020785,20.691646115999998
 07/12  08:00:00,108.11946727,19.6120171753
 07/12  09:00:00,111.136528324,18.915250049
 07/12  10:00:00,117.652758124,26.9296951934
 07/12  11:00:00,123.02205797299999,26.929574765500004
 07/12  12:00:00,126.220411089,26.9294547052
 07/12  13:00:00,125.562026032,18.9362713531
 07/12  14:00:00,127.03927647200001,18.9153794692
 07/12  15:00:00,128.009422027,6.10867322237
 07/12  16:00:00,128.583949814,6.09278461987
 07/12  17:00:00,105.62036129999998,6.09266417842
 07/12  18:00:00,97.3846692583,6.09844527472
 07/12  19:00:00,97.21796612719999,11.856152791900001
 07/12  20:00:00,69.32945667439999,8.985826841549999
 07/12  21:00:00,48.6625424371,8.9752169746
 07/12  22:00:00,48.5043787633,6.093889185
 07/12  23:00:00,49.2326243116,6.092089703659999
 07/12  24:00:00,48.5146948158,3.22568
 07/13  01:00:00,48.479440465399996,6.0894287165900005
 07/13  02:00:00,48.4732358734,3.22568
 07/13  03:00:00,48.4657744508,6.0893149405499996
 07/13  04:00:00,48.6599302384,3.22568
 07/13  05:00:00,47.1970688954,6.08940089908
 07/13  06:00:00,48.3087302434,4.35291019009
 07/13  07:00:00,51.8291386168,35.3184744572
 07/13  08:00:00,107.41679591100001,25.055464260100003
 07/13  09:00:00,114.531092281,18.9843651394
 07/13  10:00:00,120.767648472,26.929504659000003
 07/13  11:00:00,124.526843895,26.929745126300002
 07/13  12:00:00,128.810962499,26.9296202858
 07/13  13:00:00,131.239426919,18.9342640324
 07/13  14:00:00,135.733135079,18.9155364418
 07/13  15:00:00,136.966336474,6.09269166206
 07/13  16:00:00,140.848509056,6.097391292540001
 07/13  17:00:00,123.027403486,6.0972049220099995
 07/13  18:00:00,106.864317669,6.111528857490001
 07/13  19:00:00,105.40682181,11.856244372
 07/13  20:00:00,75.6618838771,9.04366032
 07/13  21:00:00,48.7570533588,8.97467259891
 07/13  22:00:00,48.579761328800004,6.09405457521
 07/13  23:00:00,49.2966111017,3.22568
 07/13  24:00:00,48.5675108525,6.08948477779
 07/14  01:00:00,48.542735460699994,6.08936716546
 07/14  02:00:00,48.5313938146,3.22568
 07/14  03:00:00,48.5146178171,6.08944892116
 07/14  04:00:00,49.6858375308,3.22568
 07/14  05:00:00,48.064046930500005,6.08933151732
 07/14  06:00:00,56.9759084625,3.3264626451700003
 07/14  07:00:00,60.4203158912,13.305032489
 07/14  08:00:00,115.223927324,18.9154563457
 07/14  09:00:00,123.348703322,18.9155055103
 07/14  10:00:00,130.859051618,26.929576650900003
 07/14  11:00:00,136.37485024,26.929448300700003
 07/14  12:00:00,140.379052825,26.9296839246
 07/14  13:00:00,143.749297204,18.934870109200002
 07/14  14:00:00,155.051784932,18.9152270022
 07/14  15:00:00,164.130920286,6.097364294839999
 07/14  16:00:00,167.22302388100002,6.0981865181099995
 07/14  17:00:00,137.764717203,6.10121873
 07/14  18:00:00,112.080735814,6.09852867481
 07/14  19:00:00,110.943151101,8.97899494578
 07/14  20:00:00,80.0646098892,8.97569982712
 07/14  21:00:00,48.615003222,8.97571178856
 07/14  22:00:00,48.633453233500006,6.09385974414
 07/14  23:00:00,49.3576536916,6.09212440337
 07/14  24:00:00,48.634194909899996,6.0893315030499995
 07/15  01:00:00,48.617338645299995,3.22568
 07/15  02:00:00,48.609826988,6.088150266919999
 07/15  03:00:00,48.618443242299996,3.22568
 07/15  04:00:00,48.90499515,3.22568
 07/15  05:00:00,47.458005891300004,6.088107015419999
 07/15  06:00:00,40.3166466094,3.22568
 07/15  07:00:00,40.2242888443,3.22568
 07/15  08:00:00,40.231964098,6.088063614530001
 07/15  09:00:00,40.254311836599996,3.22568
 07/15  10:00:00,40.262577318000005,6.0894741644199994
 07/15  11:00:00,40.9061563444,3.22568
 07/15  12:00:00,40.2079267307,6.08935320636
 07/15  13:00:00,40.2508139761,3.22568
 07/15  14:00:00,43.396867340200004,3.22568
 07/15  15:00:00,55.62548767569999,6.088042775419999
 07/15  16:00:00,53.6544503194,3.22568
 07/15  17:00:00,51.3694521782,3.22568
 07/15  18:00:00,46.2186521325,6.08813224638
 07/15  19:00:00,44.3331314368,3.22568
 07/15  20:00:00,43.3335080969,3.22568
 07/15  21:00:00,48.886531660500005,6.08808860077
 07/15  22:00:00,48.6755488867,3.22568
 07/15  23:00:00,49.343857919499996,6.088044995850001
 07/15  24:00:00,48.655706116000005,3.22568
 07/16  01:00:00,48.6524117803,3.22568
 07/16  02:00:00,48.6451342087,6.08813160893
 07/16  03:00:00,48.633970716099995,3.22568
 07/16  04:00:00,48.8991765701,3.22568
 07/16  05:00:00,47.4389051889,6.08808512391
 07/16  06:00:00,40.2888695243,3.22568
 07/16  07:00:00,40.217514857800005,3.22568
 07/16  08:00:00,40.2357622474,6.0893641978
 07/16  09:00:00,40.2609668148,3.22568
 07/16  10:00:00,42.4647859027,6.0894383132300005
 07/16  11:00:00,46.2842634004,3.22568
 07/16  12:00:00,57.86137926,6.08946444717
 07/16  13:00:00,59.4726617611,3.22568
 07/16  14:00:00,65.5262116291,6.08812906509
 07/16  15:00:00,65.25368440300001,3.22568
 07/16  16:00:00,69.2948337634,3.22568
 07/16  17:00:00,67.3840677149,6.08813543158
 07/16  18:00:00,64.6705258039,3.2773966021499996
 07/16  19:00:00,63.16496465229999,3.4250159462900003
 07/16  20:00:00,58.80102631810001,6.31766552097
 07/16  21:00:00,53.917113356499996,3.22568
 07/16  22:00:00,48.7012881495,3.22568
 07/16  23:00:00,49.381465967299995,6.088120862059999
 07/16  24:00:00,48.696639953100004,3.22568
 07/17  01:00:00,48.6473457408,6.08932928737
 07/17  02:00:00,48.6482953325,3.22568
 07/17  03:00:00,48.6523582523,6.0893995925499995
 07/17  04:00:00,48.9224176562,3.22568
 07/17  05:00:00,47.457728150200005,6.089469894800001
 07/17  06:00:00,84.46249129979999,3.23694598666
 07/17  07:00:00,88.1633675919,6.092622047459999
 07/17  08:00:00,144.273185512,18.915202033
 07/17  09:00:00,149.515184891,18.9154240575
 07/17  10:00:00,155.914392446,26.929483967
 07/17  11:00:00,161.800388103,26.9292263329
 07/17  12:00:00,168.479317819,26.9295660477
 07/17  13:00:00,173.677414555,18.9360850375
 07/17  14:00:00,178.26195088900002,18.9154485304
 07/17  15:00:00,168.552319485,6.112206448639999
 07/17  16:00:00,161.509184789,6.09244876871
 07/17  17:00:00,130.281973765,6.092670862159999
 07/17  18:00:00,112.60198636,6.09867992163
 07/17  19:00:00,114.959562464,11.8554509751
 07/17  20:00:00,85.414554662,6.11757132794
 07/17  21:00:00,48.8092504293,8.97566488435
 07/17  22:00:00,48.632072303,8.96200996709
 07/17  23:00:00,49.3289089724,3.22568
 07/17  24:00:00,48.59766040069999,6.089405450399999
 07/18  01:00:00,48.575930248599995,3.22568
 07/18  02:00:00,48.5640865425,6.08927378944
 07/18  03:00:00,48.5495815619,3.22568
 07/18  04:00:00,49.7768944407,6.089340587790001
 07/18  05:00:00,48.148232667799995,3.22568
 07/18  06:00:00,66.3842531741,6.15366730416
 07/18  07:00:00,70.7598769384,6.385686925669999
 07/18  08:00:00,124.04056126799999,18.9152558269
 07/18  09:00:00,134.454354935,18.9154737792
 07/18  10:00:00,141.037859786,26.9295298159
 07/18  11:00:00,142.06411983799998,26.9293864609
 07/18  12:00:00,144.46765135299998,26.9296044183
 07/18  13:00:00,148.433563206,18.9349038321
 07/18  14:00:00,159.71713778,16.0484
 07/18  15:00:00,165.116847555,6.10903232856
 07/18  16:00:00,180.512463033,6.09833310451
 07/18  17:00:00,158.90235471100002,6.0992734798
 07/18  18:00:00,114.669614735,8.97162881741
 07/18  19:00:00,112.04717970799999,8.97942184805
 07/18  20:00:00,82.3855593692,8.974765717050001
 07/18  21:00:00,48.6275454667,8.9756654754
 07/18  22:00:00,48.6464325292,6.09404422539
 07/18  23:00:00,49.356036395699995,6.092109509759999
 07/18  24:00:00,48.641160048100005,6.0894564365
 07/19  01:00:00,48.6248099894,3.22568
 07/19  02:00:00,48.6142586086,6.0893203940400005
 07/19  03:00:00,48.6135230921,3.22568
 07/19  04:00:00,48.8820501671,6.089383700319999
 07/19  05:00:00,47.4368300863,3.22568
 07/19  06:00:00,78.141725335,6.10512080595
 07/19  07:00:00,79.3445291185,6.092639580399999
 07/19  08:00:00,130.76651283200002,18.9152125292
 07/19  09:00:00,138.57763096,16.0484
 07/19  10:00:00,152.991256177,26.9296305464
 07/19  11:00:00,160.519032702,26.9294793766
 07/19  12:00:00,170.744231163,26.9293327018
 07/19  13:00:00,180.946487334,18.9344389819
 07/19  14:00:00,195.278186312,18.915199618
 07/19  15:00:00,203.922647573,6.092693606369999
 07/19  16:00:00,204.92166936400002,6.0925464772
 07/19  17:00:00,168.704304344,6.09276062888
 07/19  18:00:00,125.128896612,8.9709023846
 07/19  19:00:00,127.05403812600001,8.97947398897
 07/19  20:00:00,98.4524830873,8.9749732774
 07/19  21:00:00,48.9137853347,8.97549336584
 07/19  22:00:00,48.7177752362,6.094064940449999
 07/19  23:00:00,49.424109654300004,6.091933453689999
 07/19  24:00:00,48.7095962809,3.22568
 07/20  01:00:00,48.68967819,6.08941391669
 07/20  02:00:00,48.677219737200005,3.22568
 07/20  03:00:00,48.677375499499995,6.08927639719
 07/20  04:00:00,48.958375625500004,3.22568
 07/20  05:00:00,47.489559091400004,6.0893363990400005
 07/20  06:00:00,88.2378972348,3.22568
 07/20  07:00:00,94.9641893474,6.10065954857
 07/20  08:00:00,149.269254925,18.9152280278
 07/20  09:00:00,159.607971302,18.9154380493
 07/20  10:00:00,170.01927114,26.929487359299998
 07/20  11:00:00,182.557705501,26.9293372665
 07/20  12:00:00,192.06540045900002,26.9295471469
 07/20  13:00:00,200.23843981,18.9353675965
 07/20  14:00:00,211.319719717,18.915406952799998
 07/20  15:00:00,207.580748643,6.11016322474
 07/20  16:00:00,206.757128759,6.0927466612300005
 07/20  17:00:00,167.49846240600002,6.09259589647
 07/20  18:00:00,127.97104668200001,6.09854895592
 07/20  19:00:00,132.528448256,8.97887417282
 07/20  20:00:00,103.89934666100001,8.975518363210002
 07/20  21:00:00,48.910188678000004,8.975430024289999
 07/20  22:00:00,48.70433662479999,6.093758758609999
 07/20  23:00:00,49.4069647524,6.092019238990001
 07/20  24:00:00,48.7090222837,6.089431800830001
 07/21  01:00:00,48.7235112651,3.22568
 07/21  02:00:00,48.7344866788,6.08929064822
 07/21  03:00:00,48.7349590167,3.22568
 07/21  04:00:00,50.1800250956,6.08934733807
 07/21  05:00:00,48.483713299799994,3.22568
 07/21  06:00:00,94.22349064049999,6.09627521176
 07/21  07:00:00,100.14398284399999,6.113449204
 07/21  08:00:00,158.501341796,18.9153779229
 07/21  09:00:00,169.649076364,18.9152241001
 07/21  10:00:00,175.964897677,26.9296303711
 07/21  11:00:00,180.541925407,26.929476443800002
 07/21  12:00:00,187.503868738,26.9293231295
 07/21  13:00:00,197.059809393,16.0687954746
 07/21  14:00:00,206.428624339,18.9194340445
 07/21  15:00:00,209.37201992,6.11229805737
 07/21  16:00:00,203.386514217,6.093589682030001
 07/21  17:00:00,170.917525034,6.092508307459999
 07/21  18:00:00,125.087941896,8.97112597822
 07/21  19:00:00,125.337115495,8.97858777501
 07/21  20:00:00,92.2205207972,9.01332775385
 07/21  21:00:00,48.649435535,8.975140678210002
 07/21  22:00:00,48.6596194813,6.09403742607
 07/21  23:00:00,49.368327658000005,6.09200354479
 07/21  24:00:00,48.6571573842,3.22568
 07/22  01:00:00,48.6441911653,6.08804010538
 07/22  02:00:00,48.6391709652,3.22568
 07/22  03:00:00,48.6326439613,3.22568
 07/22  04:00:00,48.8905578669,6.08810815141
 07/22  05:00:00,48.85798247020001,3.22568
 07/22  06:00:00,40.2774193726,3.22568
 07/22  07:00:00,40.1896865693,6.08804409245
 07/22  08:00:00,40.1893757184,3.22568
 07/22  09:00:00,40.1845734997,6.08942141898
 07/22  10:00:00,40.185959920900004,3.22568
 07/22  11:00:00,40.8849260614,6.089278157919999
 07/22  12:00:00,40.1937557587,3.22568
 07/22  13:00:00,40.1850585407,6.08808739542
 07/22  14:00:00,40.186546417399995,3.22568
 07/22  15:00:00,40.1853780556,3.22568
 07/22  16:00:00,40.192659765900004,6.08802309581
 07/22  17:00:00,40.1438883234,3.22568
 07/22  18:00:00,40.1319567773,3.22568
 07/22  19:00:00,40.4009791899,6.08809068837
 07/22  20:00:00,43.226284369,3.22568
 07/22  21:00:00,48.781805142399996,3.22568
 07/22  22:00:00,48.5929624565,6.088026381440001
 07/22  23:00:00,49.271305008999995,3.22568
 07/22  24:00:00,48.5761405324,3.22568
 07/23  01:00:00,48.5687246155,6.08809266527
 07/23  02:00:00,48.570648732200006,3.22568
 07/23  03:00:00,48.5663540029,3.22568
 07/23  04:00:00,48.814534474700004,6.0880262066699995
 07/23  05:00:00,48.7845249169,3.22568
 07/23  06:00:00,40.1972059016,3.22568
 07/23  07:00:00,40.127943440100005,6.08809131848
 07/23  08:00:00,40.140660855,3.22568
 07/23  09:00:00,40.1713444973,6.08939203229
 07/23  10:00:00,40.1790165256,3.22568
 07/23  11:00:00,40.8652919884,6.08924604051
 07/23  12:00:00,40.1933548974,3.22568
 07/23  13:00:00,40.2223203053,6.089296737660001
 07/23  14:00:00,41.640310295999996,3.22568
 07/23  15:00:00,49.8104443017,3.22568
 07/23  16:00:00,52.1515999803,6.0881109644
 07/23  17:00:00,48.7087908104,3.22568
 07/23  18:00:00,50.3827064033,3.22568
 07/23  19:00:00,50.5492418108,6.088110064049999
 07/23  20:00:00,43.250591541599995,3.22568
 07/23  21:00:00,48.797453508900006,6.08804268729
 07/23  22:00:00,48.593540009099996,3.22568
 07/23  23:00:00,49.262353606800005,3.22568
 07/23  24:00:00,48.5599031532,6.088107523
 07/24  01:00:00,48.5435258508,3.22568
 07/24  02:00:00,48.5302005916,6.08940060868
 07/24  03:00:00,48.5212030374,3.22568
 07/24  04:00:00,48.7515475009,6.08925193094
 07/24  05:00:00,48.7218600349,3.22568
 07/24  06:00:00,59.5702945599,6.181314335580001
 07/24  07:00:00,62.4492179017,12.160418189300001
 07/24  08:00:00,114.850777084,16.0484
 07/24  09:00:00,120.53392089799999,18.915371344500002
 07/24  10:00:00,130.90729912700002,26.9295862962
 07/24  11:00:00,136.050358646,26.929598819699997
 07/24  12:00:00,140.357354621,26.9294359854
 07/24  13:00:00,141.822920698,18.9353350485
 07/24  14:00:00,148.66099506,18.9152691273
 07/24  15:00:00,151.924114289,6.10830003104
 07/24  16:00:00,159.56045709100002,6.10295205051
 07/24  17:00:00,135.658725261,6.09241995202
 07/24  18:00:00,107.380592838,8.98410708089
 07/24  19:00:00,105.819461323,8.97850368633
 07/24  20:00:00,76.7328012504,9.040227060569999
 07/24  21:00:00,48.7616421782,8.97441228033
 07/24  22:00:00,48.5898786276,6.093981553659999
 07/24  23:00:00,49.292971182200006,6.09175332487
 07/24  24:00:00,48.573604756099996,3.22568
 07/25  01:00:00,48.553087983500006,6.089305964099999
 07/25  02:00:00,48.5289679195,3.22568
 07/25  03:00:00,48.510717621000005,6.08935081901
 07/25  04:00:00,49.67251482819999,3.22568
 07/25  05:00:00,49.484012871000004,6.08939568206
 07/25  06:00:00,57.6797965964,3.32679745492
 07/25  07:00:00,59.2411121042,16.822219511300002
 07/25  08:00:00,113.74907898299999,19.5206993151
 07/25  09:00:00,120.506451775,18.915194074200002
 07/25  10:00:00,129.74843999700002,26.929586552399996
 07/25  11:00:00,133.25464181200002,26.9294208817
 07/25  12:00:00,136.166165713,26.9296135037
 07/25  13:00:00,139.738069546,18.9350290007
 07/25  14:00:00,145.259267908,18.917432423
 07/25  15:00:00,149.898301023,3.233227502
 07/25  16:00:00,155.564844815,6.099122157490001
 07/25  17:00:00,131.630623805,6.09994532981
 07/25  18:00:00,108.88501691200001,8.98753074406
 07/25  19:00:00,108.635519415,8.97885990356
 07/25  20:00:00,81.7655499465,9.04115172975
 07/25  21:00:00,48.6001891184,8.97494984257
 07/25  22:00:00,48.6262234358,6.09372479829
 07/25  23:00:00,49.3424909575,6.0917882469
 07/25  24:00:00,48.626333374,3.22568
 07/26  01:00:00,48.6193761757,6.089337399
 07/26  02:00:00,48.6136319349,3.22568
 07/26  03:00:00,48.5990096133,6.08937957553
 07/26  04:00:00,48.8518973834,3.22568
 07/26  05:00:00,48.824257484099995,6.08942175981
 07/26  06:00:00,69.7245861773,6.126493991139999
 07/26  07:00:00,70.46021387180001,3.22568
 07/26  08:00:00,121.943653721,18.9152887656
 07/26  09:00:00,128.469441231,18.915116777799998
 07/26  10:00:00,140.468082005,26.929506220700002
 07/26  11:00:00,152.630996925,26.929338322899998
 07/26  12:00:00,159.543445078,26.9295277378
 07/26  13:00:00,161.020276806,18.9365867422
 07/26  14:00:00,165.819031211,18.915349160399998
 07/26  15:00:00,168.599660975,6.10793202612
 07/26  16:00:00,175.15192809400003,6.09265052659
 07/26  17:00:00,142.557806082,6.092482306830001
 07/26  18:00:00,110.91015739,6.105746508080001
 07/26  19:00:00,108.20732416799999,11.855260015899999
 07/26  20:00:00,83.2655226434,7.01695907998
 07/26  21:00:00,48.780120070100004,8.07588872612
 07/26  22:00:00,48.6088148958,8.96177990332
 07/26  23:00:00,49.3128182068,3.22568
 07/26  24:00:00,48.6027236843,6.08930966554
 07/27  01:00:00,48.5854415544,3.22568
 07/27  02:00:00,48.5824611686,6.08934906374
 07/27  03:00:00,48.5850542196,3.22568
 07/27  04:00:00,48.838086212,6.08938872898
 07/27  05:00:00,48.812101398500005,3.22568
 07/27  06:00:00,76.22660787859999,6.1231994862
 07/27  07:00:00,77.7360398796,6.09243228382
 07/27  08:00:00,128.662789704,18.9153384464
 07/27  09:00:00,135.586888263,18.915167679
 07/27  10:00:00,142.849255366,26.929554128099998
 07/27  11:00:00,154.031023541,26.9293834001
 07/27  12:00:00,169.872964122,24.0626
 07/27  13:00:00,180.317964925,18.9350056416
 07/27  14:00:00,179.928782395,18.915977902
 07/27  15:00:00,172.797570071,6.1156462238
 07/27  16:00:00,178.55206219,6.10011958505
 07/27  17:00:00,160.05785390100002,6.092681578530001
 07/27  18:00:00,124.707464659,8.9705999434
 07/27  19:00:00,113.498031079,8.99377422259
 07/27  20:00:00,82.4774632054,9.02523313671
 07/27  21:00:00,48.7759028471,8.97509989054
 07/27  22:00:00,48.59248158810001,6.093669042799999
 07/27  23:00:00,49.3041567988,6.09196039525
 07/27  24:00:00,48.5945804126,3.22568
 07/28  01:00:00,48.586850534499995,6.08925313715
 07/28  02:00:00,48.580680316700004,3.22568
 07/28  03:00:00,48.5751184538,6.08929051079
 07/28  04:00:00,49.8448849149,3.22568
 07/28  05:00:00,49.665626850699994,6.08932788872
 07/28  06:00:00,75.4898835575,3.2631980219599996
 07/28  07:00:00,76.5561207301,6.09258915956
 07/28  08:00:00,125.71819632799999,18.915136149000002
 07/28  09:00:00,124.700416257,18.9153197596
 07/28  10:00:00,129.54114064700002,26.9293467586
 07/28  11:00:00,133.47040172799998,26.9295304375
 07/28  12:00:00,134.617401678,26.9293574169
 07/28  13:00:00,135.36924488399998,18.9356498648
 07/28  14:00:00,140.782171543,18.9151680752
 07/28  15:00:00,142.270168694,6.10897629868
 07/28  16:00:00,143.646911824,6.09245871666
 07/28  17:00:00,120.233628401,3.22568
 07/28  18:00:00,111.617717537,8.97099510238
 07/28  19:00:00,109.699281436,8.9778931315
 07/28  20:00:00,83.2547344638,8.99177702009
 07/28  21:00:00,48.5707696021,8.97458766277
 07/28  22:00:00,48.5949055796,6.093648773969999
 07/28  23:00:00,49.2982193256,6.091808598409999
 07/28  24:00:00,48.5997569076,6.08929448034
 07/29  01:00:00,48.5930089579,3.22568
 07/29  02:00:00,48.5903382525,3.22568
 07/29  03:00:00,48.5815150486,6.08803992329
 07/29  04:00:00,48.84189884640001,3.22568
 07/29  05:00:00,48.820865964700005,3.22568
 07/29  06:00:00,40.243356735999996,6.08809103222
 07/29  07:00:00,40.1699932566,3.22568
 07/29  08:00:00,40.1679199262,3.22568
 07/29  09:00:00,40.184365081399996,6.08924518743
 07/29  10:00:00,40.2048649929,3.22568
 07/29  11:00:00,40.9177534802,6.089280378759999
 07/29  12:00:00,40.2453585337,3.22568
 07/29  13:00:00,40.268345522800004,6.08808159475
 07/29  14:00:00,46.277908858,3.22568
 07/29  15:00:00,54.316530647700006,3.22568
 07/29  16:00:00,54.2630369212,6.0880894324599995
 07/29  17:00:00,64.5390171156,3.22568
 07/29  18:00:00,57.567555527399996,3.22568
 07/29  19:00:00,55.590941148199995,6.08810556043
 07/29  20:00:00,51.3088760213,3.22568
 07/29  21:00:00,48.8422156292,3.22568
 07/29  22:00:00,48.6347960439,6.088103470650001
 07/29  23:00:00,49.2995564435,3.22568
 07/29  24:00:00,48.6074982705,3.22568
 07/30  01:00:00,48.597836181400005,6.08802278472
 07/30  02:00:00,48.5897734407,3.22568
 07/30  03:00:00,48.585523692799995,3.22568
 07/30  04:00:00,48.832005945,6.08807211472
 07/30  05:00:00,48.80835246229999,3.22568
 07/30  06:00:00,40.2279331017,6.087990454830001
 07/30  07:00:00,40.1498076442,3.22568
 07/30  08:00:00,40.1723015042,3.22568
 07/30  09:00:00,40.2028531518,6.0892653711
 07/30  10:00:00,40.2290318648,3.22568
 07/30  11:00:00,40.9373324659,6.089298370469999
 07/30  12:00:00,40.2608052912,3.22568
 07/30  13:00:00,49.1130729983,6.08880558163
 07/30  14:00:00,57.287653249099996,3.22568
 07/30  15:00:00,53.977820871300004,6.08808706527
 07/30  16:00:00,63.43515713,3.4606943161199997
 07/30  17:00:00,61.8662387104,3.36741326162
 07/30  18:00:00,59.7739583694,6.54635257758
 07/30  19:00:00,50.1928765342,3.22568
 07/30  20:00:00,55.6063767067,3.22568
 07/30  21:00:00,48.8403202789,6.08810581025
 07/30  22:00:00,48.6235365276,3.22568
 07/30  23:00:00,49.2856845129,3.22568
 07/30  24:00:00,48.585590392,6.08802396373
 07/31  01:00:00,48.5717650307,3.22568
 07/31  02:00:00,48.5632316672,6.0893567012
 07/31  03:00:00,48.5524945367,3.22568
 07/31  04:00:00,48.7907740628,6.089387552919999
 07/31  05:00:00,48.7654281614,3.22568
 07/31  06:00:00,64.9428571892,6.150017544680001
 07/31  07:00:00,65.3322536096,6.27754130141
 07/31  08:00:00,119.248213438,18.9150648243
 07/31  09:00:00,127.70229284700001,16.0484
 07/31  10:00:00,135.884988579,26.929440792399998
 07/31  11:00:00,139.913426187,26.929261638699998
 07/31  12:00:00,142.997492437,26.9294376473
 07/31  13:00:00,145.948622505,18.9354391966
 07/31  14:00:00,151.515591977,18.9152345449
 07/31  15:00:00,155.384682495,6.1077252912199995
 07/31  16:00:00,164.387089574,6.0925114574300006
 07/31  17:00:00,144.64343128299998,6.092332374010001
 07/31  18:00:00,115.92034652,6.1148282474
 07/31  19:00:00,116.64070715700001,11.854749183
 07/31  20:00:00,89.475398401,8.97419842334
 07/31  21:00:00,48.853692993900005,6.09979597722
 07/31  22:00:00,48.6492434578,8.96195865041
 07/31  23:00:00,49.3346113279,3.22568
 07/31  24:00:00,48.602230748400004,6.08871592295
 08/01  01:00:00,48.570659603900005,3.22568
 08/01  02:00:00,48.539862644399996,6.0892404740499995
 08/01  03:00:00,48.508910605699995,3.22568
 08/01  04:00:00,49.6129278396,6.0892695335500004
 08/01  05:00:00,49.383786573500004,3.22568
 08/01  06:00:00,48.317899151199995,17.5265820699
 08/01  07:00:00,49.6251477989,40.150950022800004
 08/01  08:00:00,106.278240094,26.6096285502
 08/01  09:00:00,112.597304799,18.9151812118
 08/01  10:00:00,119.835655354,26.9295552186
 08/01  11:00:00,121.927405833,26.9293736396
 08/01  12:00:00,124.804336284,24.0626
 08/01  13:00:00,128.195802631,18.9342853303
 08/01  14:00:00,130.922891434,18.9151661925
 08/01  15:00:00,131.22400663,6.10756261722
 08/01  16:00:00,133.597322012,6.09243878898
 08/01  17:00:00,112.886682547,6.0926128434
 08/01  18:00:00,99.306180436,8.97102373126
 08/01  19:00:00,97.8155094893,8.978432724680001
 08/01  20:00:00,70.6775817021,9.03916899006
 08/01  21:00:00,48.4891397411,8.97504391785
 08/01  22:00:00,48.51801182,6.09390418347
 08/01  23:00:00,49.2462934164,6.091773593969999
 08/01  24:00:00,48.5250844745,3.22568
 08/02  01:00:00,48.489210774700005,6.089265806599999
 08/02  02:00:00,48.4747024217,3.22568
 08/02  03:00:00,48.4686312551,6.08929307786
 08/02  04:00:00,48.6791344061,3.22568
 08/02  05:00:00,48.6423820775,6.08932035287
 08/02  06:00:00,49.385219990900005,12.1185398213
 08/02  07:00:00,51.802571078199996,36.4793375128
 08/02  08:00:00,108.52370992799999,21.9807998796
 08/02  09:00:00,112.74708321600001,18.9150690227
 08/02  10:00:00,118.900844033,26.9294407926
 08/02  11:00:00,120.655650978,26.9292579558
 08/02  12:00:00,121.455434175,26.9294297144
 08/02  13:00:00,126.434702716,18.9333513861
 08/02  14:00:00,131.27407589700002,18.9152186799
 08/02  15:00:00,128.745594615,6.10858513727
 08/02  16:00:00,131.406181349,3.22568
 08/02  17:00:00,112.503702355,6.09248767265
 08/02  18:00:00,99.57900397440001,8.9711539402
 08/02  19:00:00,97.9372402481,8.97873682339
 08/02  20:00:00,69.9524202931,9.04090243848
 08/02  21:00:00,48.670815588900005,8.974699370989999
 08/02  22:00:00,48.5145172628,6.09363067791
 08/02  23:00:00,49.224517768599995,6.09169273156
 08/02  24:00:00,48.489538322399994,3.22568
 08/03  01:00:00,48.469558593100004,6.08924689915
 08/03  02:00:00,48.4489969962,3.22568
 08/03  03:00:00,48.4345323699,6.08927255553
 08/03  04:00:00,48.6428020353,3.22568
 08/03  05:00:00,48.617416524700005,6.0892982151499995
 08/03  06:00:00,49.3701145177,14.8583783821
 08/03  07:00:00,49.318187737799995,48.044329266400005
 08/03  08:00:00,105.388470945,27.3268887513
 08/03  09:00:00,113.49927664100001,18.9200990096
 08/03  10:00:00,122.784098086,26.9292825275
 08/03  11:00:00,128.503461255,26.929452488800003
 08/03  12:00:00,131.89564363899999,26.929267979400002
 08/03  13:00:00,134.893653521,18.933758914400002
 08/03  14:00:00,140.398250206,18.9150534217
 08/03  15:00:00,144.645369668,6.09293554798
 08/03  16:00:00,149.050024846,6.09231888388
 08/03  17:00:00,127.272039834,6.09248870661
 08/03  18:00:00,103.68134057399999,6.11406713678
 08/03  19:00:00,102.355699716,8.97812421525
 08/03  20:00:00,74.7526751826,9.04193727741
 08/03  21:00:00,48.7488889621,8.97458250694
 08/03  22:00:00,48.5564106274,6.0937407616199994
 08/03  23:00:00,49.2568666068,6.091898788559999
 08/03  24:00:00,48.5279832439,6.08938748381
 08/04  01:00:00,48.5109044172,3.22568
 08/04  02:00:00,48.481492200299996,6.0892166653799995
 08/04  03:00:00,48.467533968299996,3.22568
 08/04  04:00:00,49.5706100584,6.08924086377
 08/04  05:00:00,49.382691495100005,3.22568
 08/04  06:00:00,49.750619927799995,7.267777175439999
 08/04  07:00:00,51.7616412183,33.066528785100004
 08/04  08:00:00,108.63848944899999,21.476114675
 08/04  09:00:00,118.42161816,16.0484
 08/04  10:00:00,129.267166165,26.9294527958
 08/04  11:00:00,133.84579303299998,26.9292626015
 08/04  12:00:00,138.818785719,26.929430746100003
 08/04  13:00:00,143.940243872,18.9342493098
 08/04  14:00:00,151.518545157,18.9152128875
 08/04  15:00:00,152.898535708,6.10783706506
 08/04  16:00:00,158.54980406299998,6.0924750548399995
 08/04  17:00:00,136.511349421,6.09409003684
 08/04  18:00:00,109.427002767,6.09815916854
 08/04  19:00:00,108.20191056799999,11.8544467594
 08/04  20:00:00,80.9323959488,9.008468485289999
 08/04  21:00:00,48.5894355321,6.10041159303
 08/04  22:00:00,48.5982518177,8.961728409389998
 08/04  23:00:00,49.311524651599996,3.22568
 08/04  24:00:00,48.5827133978,6.0892962722599995
 08/05  01:00:00,48.5654657669,3.22568
 08/05  02:00:00,48.553535157700004,6.08744586971
 08/05  03:00:00,48.5365543342,3.22568
 08/05  04:00:00,48.7683040247,3.22568
 08/05  05:00:00,48.746404814899996,6.08800961546
 08/05  06:00:00,41.6103278434,3.22568
 08/05  07:00:00,40.140221777,3.22568
 08/05  08:00:00,40.1753515785,6.08804949737
 08/05  09:00:00,40.2228944021,3.22568
 08/05  10:00:00,40.2724358045,6.08923776152
 08/05  11:00:00,40.98362143,3.22568
 08/05  12:00:00,40.3012832829,6.0892605965
 08/05  13:00:00,48.889561098,3.22568
 08/05  14:00:00,55.3603909713,3.22568
 08/05  15:00:00,61.168911370299995,6.08809192108
 08/05  16:00:00,62.4662842672,3.22568
 08/05  17:00:00,58.5002136367,3.22568
 08/05  18:00:00,57.1277931729,6.08809708398
 08/05  19:00:00,47.750705106999995,3.22568
 08/05  20:00:00,46.2337049197,3.22568
 08/05  21:00:00,48.904675900200004,6.08808413008
 08/05  22:00:00,48.6980634257,3.22568
 08/05  23:00:00,49.362457507399995,3.22568
 08/05  24:00:00,48.6146004726,6.0879936274699995
 08/06  01:00:00,48.6037299093,3.22568
 08/06  02:00:00,48.598439549300004,3.22568
 08/06  03:00:00,48.593478358599995,6.0880323480900005
 08/06  04:00:00,48.8534532596,3.22568
 08/06  05:00:00,48.8257512565,3.22568
 08/06  06:00:00,41.6698600027,6.088071118509999
 08/06  07:00:00,40.1668759481,3.22568
 08/06  08:00:00,40.1871852058,6.0893302672
 08/06  09:00:00,40.221163265,3.22568
 08/06  10:00:00,40.2533267313,6.08935171964
 08/06  11:00:00,40.964427411100004,3.22568
 08/06  12:00:00,40.2830202913,6.089373160399999
 08/06  13:00:00,47.892743681899994,3.22568
 08/06  14:00:00,55.5369447347,3.22568
 08/06  15:00:00,60.9003097624,6.08807727632
 08/06  16:00:00,58.5832265605,3.22568
 08/06  17:00:00,62.2370412029,3.22568
 08/06  18:00:00,57.6506925268,6.142896933259999
 08/06  19:00:00,50.514387655,3.22568
 08/06  20:00:00,50.4924165462,3.22568
 08/06  21:00:00,48.929605511400005,6.0880567156
 08/06  22:00:00,48.678322573500004,3.22568
 08/06  23:00:00,49.339890632700005,3.22568
 08/06  24:00:00,48.6450690437,6.0880298891199995
 08/07  01:00:00,48.6375148092,3.22568
 08/07  02:00:00,48.6094137839,6.089348360390001
 08/07  03:00:00,48.5870315969,3.22568
 08/07  04:00:00,48.84435233439999,6.0893686485
 08/07  05:00:00,48.8238311351,3.22568
 08/07  06:00:00,74.8049933917,6.1284943295800005
 08/07  07:00:00,74.3310838302,6.09250136002
 08/07  08:00:00,125.00680914600001,18.915031478099998
 08/07  09:00:00,128.170968165,18.9151950602
 08/07  10:00:00,136.624945818,26.929205423400003
 08/07  11:00:00,141.427432806,24.0626
 08/07  12:00:00,146.92385159399998,26.9293690269
 08/07  13:00:00,144.99009571,18.9368067995
 08/07  14:00:00,142.80191204,18.9151427522
 08/07  15:00:00,145.415242785,6.09258669088
 08/07  16:00:00,152.128638769,6.0923966086300005
 08/07  17:00:00,125.493725237,6.092560498509999
 08/07  18:00:00,110.6501942,8.9707571578
 08/07  19:00:00,110.32797112899999,8.978296443380001
 08/07  20:00:00,86.6513610535,8.97444428763
 08/07  21:00:00,48.7960206721,8.97401219499
 08/07  22:00:00,48.6137692112,6.09382206952
 08/07  23:00:00,49.311687964899996,3.22568
 08/07  24:00:00,48.6023651063,6.089334740680001
 08/08  01:00:00,48.5961594103,3.22568
 08/08  02:00:00,48.591582171099994,6.08935398655
 08/08  03:00:00,48.5876251589,3.22568
 08/08  04:00:00,49.888881641400005,6.08937326451
 08/08  05:00:00,49.6852896817,6.08919869921
 08/08  06:00:00,76.05476107850001,3.25010693357
 08/08  07:00:00,73.5647649854,6.09253721444
 08/08  08:00:00,123.50569369,18.9150661302
 08/08  09:00:00,127.234595824,18.9152286137
 08/08  10:00:00,132.837262533,26.9292378175
 08/08  11:00:00,138.891872957,26.9294003386
 08/08  12:00:00,144.512776736,26.9292097071
 08/08  13:00:00,146.894273745,16.0778337646
 08/08  14:00:00,151.810394829,18.92001365
 08/08  15:00:00,155.41115250200002,6.114480959040001
 08/08  16:00:00,160.80086797799999,6.10439519893
 08/08  17:00:00,139.888349546,6.10390480845
 08/08  18:00:00,109.702008801,8.97086721718
 08/08  19:00:00,107.0541159,8.97820874168
 08/08  20:00:00,80.355190064,8.97427513804
 08/08  21:00:00,48.5961970304,8.97474379625
 08/08  22:00:00,48.6072276402,6.09377202618
 08/08  23:00:00,49.3164090175,6.09196338796
 08/08  24:00:00,48.592467596999995,3.22568
 08/09  01:00:00,48.57598438390001,6.089331315619999
 08/09  02:00:00,48.55479772,3.22568
 08/09  03:00:00,48.540598278100006,6.08934977225
 08/09  04:00:00,48.782003806999995,3.22568
 08/09  05:00:00,48.7353714841,6.089368225269999
 08/09  06:00:00,59.6989279134,3.3268477359400004
 08/09  07:00:00,62.4576847952,7.478737674360001
 08/09  08:00:00,116.770840069,18.915253496400002
 08/09  09:00:00,125.183193751,18.9152342094
 08/09  10:00:00,136.342097049,26.9292425344
 08/09  11:00:00,144.476137421,26.9294040656
 08/09  12:00:00,151.69345340799998,26.930433381599997
 08/09  13:00:00,158.72983897,18.9426813589
 08/09  14:00:00,167.724378681,18.9258685554
 08/09  15:00:00,171.230090531,3.25318735555
 08/09  16:00:00,175.43239040400002,6.10475137196
 08/09  17:00:00,150.12519424299998,6.10442667493
 08/09  18:00:00,115.68004277200001,8.970814617410001
 08/09  19:00:00,114.581812611,8.978064685780001
 08/09  20:00:00,85.2686932909,9.0081940351
 08/09  21:00:00,48.830459832799995,8.97434096589
 08/09  22:00:00,48.627375308000005,6.09369864464
 08/09  23:00:00,49.317080895,6.09166453672
 08/09  24:00:00,48.585225880100005,3.22568
 08/10  01:00:00,48.5660185112,6.089287906699999
 08/10  02:00:00,48.548016762399996,3.22568
 08/10  03:00:00,48.533227185200005,6.089305691
 08/10  04:00:00,48.7716492815,3.22568
 08/10  05:00:00,48.749443486400004,6.089323465190001
 08/10  06:00:00,61.739879207,3.3159678318799997
 08/10  07:00:00,64.7094240308,7.41311532405
 08/10  08:00:00,119.304199135,18.915059370199998
 08/10  09:00:00,131.882735701,18.9152201021
 08/10  10:00:00,147.282428681,26.929227781599998
 08/10  11:00:00,157.215621,26.9293884442
 08/10  12:00:00,174.89123906700001,26.9291962595
 08/10  13:00:00,174.00717883099998,18.9369163037
 08/10  14:00:00,177.86555512200002,18.922603498599997
 08/10  15:00:00,181.21948886200002,6.1162179641600005
 08/10  16:00:00,179.649194933,3.2319746183499998
 08/10  17:00:00,152.441399442,6.10279816847
 08/10  18:00:00,115.955945157,8.97036716291
 08/10  19:00:00,113.94159986,8.978722924580001
 08/10  20:00:00,87.0383748886,8.97431436091
 08/10  21:00:00,48.871206009,8.97462490345
 08/10  22:00:00,48.687917743199996,6.093606665449999
 08/10  23:00:00,49.36637044,6.09166797535
 08/10  24:00:00,48.65333833020001,3.22568
 08/11  01:00:00,48.6357331564,6.08922508743
 08/11  02:00:00,48.6094409838,3.22568
 08/11  03:00:00,48.5871764066,6.08924234024
 08/11  04:00:00,49.8367011959,3.22568
 08/11  05:00:00,49.6258665064,6.0892595814699995
 08/11  06:00:00,66.4585669546,3.3126053860400004
 08/11  07:00:00,63.7508707143,6.0924997737
 08/11  08:00:00,113.25786225200001,18.915268026099998
 08/11  09:00:00,116.032177394,18.915187203
 08/11  10:00:00,121.307607968,26.9291944981
 08/11  11:00:00,126.936937536,26.9293544271
 08/11  12:00:00,133.218219127,26.9295146552
 08/11  13:00:00,135.889033959,18.9354092276
 08/11  14:00:00,140.56273212600001,18.9251535304
 08/11  15:00:00,142.781197639,6.113220614299999
 08/11  16:00:00,144.419486774,6.101617742289999
 08/11  17:00:00,121.42522982700001,6.10188150955
 08/11  18:00:00,102.106961144,6.10437465408
 08/11  19:00:00,100.211171165,8.9776863515
 08/11  20:00:00,75.08477335270001,9.042110800289999
 08/11  21:00:00,48.5153518552,8.97376768546
 08/11  22:00:00,48.53895177689999,6.09350455719
 08/11  23:00:00,49.250110263100005,6.09166171582
 08/11  24:00:00,48.5275244576,6.08934682283
 08/12  01:00:00,48.50494526479999,3.22568
 08/12  02:00:00,48.484898807,3.22568
 08/12  03:00:00,48.4788601646,6.08802554469
 08/12  04:00:00,48.6974366146,3.22568
 08/12  05:00:00,48.6616463009,3.22568
 08/12  06:00:00,42.9484914712,6.08805992919
 08/12  07:00:00,40.0581738555,3.22568
 08/12  08:00:00,40.103264708000005,3.22568
 08/12  09:00:00,40.1413565649,6.089250023180001
 08/12  10:00:00,40.179829771,3.22568
 08/12  11:00:00,40.882264680700004,6.089266786930001
 08/12  12:00:00,40.198478312,3.22568
 08/12  13:00:00,40.2316255837,6.08799786651
 08/12  14:00:00,40.241005265,3.22568
 08/12  15:00:00,47.5525675542,3.22568
 08/12  16:00:00,52.0861717898,6.08803224411
 08/12  17:00:00,56.7421898916,3.22568
 08/12  18:00:00,52.7208469543,3.22568
 08/12  19:00:00,49.5804040092,6.0880669553199995
 08/12  20:00:00,49.1825719175,3.22568
 08/12  21:00:00,48.74917497,3.22568
 08/12  22:00:00,48.5461240365,6.08797094806
 08/12  23:00:00,49.2126414218,3.22568
 08/12  24:00:00,48.510749817299995,3.22568
 08/13  01:00:00,48.5047625456,6.08800523232
 08/13  02:00:00,48.4915487436,3.22568
 08/13  03:00:00,48.4827247985,3.22568
 08/13  04:00:00,48.71808303270001,6.0880393425
 08/13  05:00:00,48.7045094116,3.22568
 08/13  06:00:00,43.002929578999996,3.22568
 08/13  07:00:00,40.0944916186,6.08807338265
 08/13  08:00:00,40.139799805,3.22568
 08/13  09:00:00,40.1965146503,6.08931823245
 08/13  10:00:00,40.2230590692,3.22568
 08/13  11:00:00,40.9438148881,6.08933457712
 08/13  12:00:00,40.2869267193,3.22568
 08/13  13:00:00,48.3401240166,6.089352761290001
 08/13  14:00:00,49.6311410724,3.22568
 08/13  15:00:00,53.409711602200005,3.22568
 08/13  16:00:00,60.1788969824,6.08807919031
 08/13  17:00:00,53.3641414809,3.22568
 08/13  18:00:00,54.6066872867,3.22568
 08/13  19:00:00,49.1500176045,6.088087217509999
 08/13  20:00:00,51.6470281008,3.22568
 08/13  21:00:00,48.87688053350001,3.22568
 08/13  22:00:00,48.6653290575,6.08796468239
 08/13  23:00:00,49.343608284700004,3.22568
 08/13  24:00:00,48.6522752429,3.22568
 08/14  01:00:00,48.6459109854,6.08928602275
 08/14  02:00:00,48.6431970134,3.22568
 08/14  03:00:00,48.6403163405,6.0893022189999995
 08/14  04:00:00,48.9114031471,3.22568
 08/14  05:00:00,48.8808314309,6.08931838672
 08/14  06:00:00,88.6806316875,3.23091391695
 08/14  07:00:00,88.2738924019,6.09255951296
 08/14  08:00:00,142.46565312,18.9152623588
 08/14  09:00:00,147.512579036,18.9152409047
 08/14  10:00:00,152.92261072,26.9292469806
 08/14  11:00:00,156.772687728,26.9294058863
 08/14  12:00:00,165.482573395,26.9292120177
 08/14  13:00:00,163.854680334,18.936220579100002
 08/14  14:00:00,173.79705063900002,18.914977044
 08/14  15:00:00,182.567718458,6.10832293003
 08/14  16:00:00,179.42773486099998,6.09257472314
 08/14  17:00:00,154.091518411,6.09238042791
 08/14  18:00:00,119.83094809,6.11579580334
 08/14  19:00:00,117.779843773,8.97776026846
 08/14  20:00:00,93.61179257559999,8.99189106457
 08/14  21:00:00,48.857238152200004,8.974298085
 08/14  22:00:00,48.668388995600004,6.09353944723
 08/14  23:00:00,49.3713084844,6.0916963728299995
 08/14  24:00:00,48.6673343784,6.08885147095
 08/15  01:00:00,48.66439093020001,3.22568
 08/15  02:00:00,48.645914587,6.08920410071
 08/15  03:00:00,48.6314156592,3.22568
 08/15  04:00:00,49.9697887663,6.089220286869999
 08/15  05:00:00,49.772483884799996,3.22568
 08/15  06:00:00,84.6129331232,6.101837504240001
 08/15  07:00:00,82.2516747563,6.0923015151
 08/15  08:00:00,138.599069947,16.0484
 08/15  09:00:00,151.00140529799998,18.915180311
 08/15  10:00:00,162.380408723,26.9291864858
 08/15  11:00:00,167.519029662,26.9293451059
 08/15  12:00:00,170.661999371,26.9295040342
 08/15  13:00:00,175.214995373,18.9355768839
 08/15  14:00:00,176.95622549700002,18.9152684923
 08/15  15:00:00,161.653562035,6.11257304222
 08/15  16:00:00,147.560684651,6.09251304149
 08/15  17:00:00,114.89741143,6.092318944369999
 08/15  18:00:00,100.419978983,6.12226866774
 08/15  19:00:00,97.8301327942,8.99678040965
 08/15  20:00:00,76.6950732724,8.974863475580001
 08/15  21:00:00,48.5101480768,8.97458005138
 08/15  22:00:00,48.5395134832,6.0938297963800006
 08/15  23:00:00,49.246038185399996,6.09166530801
 08/15  24:00:00,48.540525258,6.089284096599999
 08/16  01:00:00,48.5297832329,3.22568
 08/16  02:00:00,48.5216023995,6.08930026503
 08/16  03:00:00,48.512914100100005,3.22568
 08/16  04:00:00,48.7509810794,6.089316397849999
 08/16  05:00:00,48.7245271562,3.22568
 08/16  06:00:00,62.1384786836,6.18474068315
 08/16  07:00:00,58.9214015335,20.5530600631
 08/16  08:00:00,111.152284604,20.618914310799997
 08/16  09:00:00,114.87533009200001,16.0484
 08/16  10:00:00,121.902019521,26.9294805762
 08/16  11:00:00,126.665194646,26.9292824271
 08/16  12:00:00,131.171256669,26.929441305
 08/16  13:00:00,133.734884569,18.9346072725
 08/16  14:00:00,137.61743244299998,18.9152060197
 08/16  15:00:00,141.69691952899998,6.094924410190001
 08/16  16:00:00,145.491929761,6.09245080485
 08/16  17:00:00,123.445825964,6.092257027810001
 08/16  18:00:00,103.408320321,6.11088549525
 08/16  19:00:00,102.77049087,11.854147004300001
 08/16  20:00:00,79.1206270927,8.985411471799999
 08/16  21:00:00,48.7526593892,6.100279371009999
 08/16  22:00:00,48.5740375829,6.09370342405
 08/16  23:00:00,49.2822595577,6.091956187180001
 08/16  24:00:00,48.5553276085,6.08868957263
 08/17  01:00:00,48.535333360600006,3.22568
 08/17  02:00:00,48.505782736,6.08920394964
 08/17  03:00:00,48.4780231755,3.22568
 08/17  04:00:00,48.6932661986,6.08922036369
 08/17  05:00:00,48.66632772770001,3.22568
 08/17  06:00:00,51.225100628,6.47437568516
 08/17  07:00:00,51.263562793,34.991376851999995
 08/17  08:00:00,108.223164505,23.294722808000003
 08/17  09:00:00,118.771363579,18.9152166278
 08/17  10:00:00,129.37133115,26.929222782300002
 08/17  11:00:00,134.822700692,24.0626
 08/17  12:00:00,139.352857415,26.929381696
 08/17  13:00:00,145.720244272,18.9339020218
 08/17  14:00:00,155.07585552,18.915146899
 08/17  15:00:00,158.022138285,6.0925860836800005
 08/17  16:00:00,161.85667559,6.09239188112
 08/17  17:00:00,135.12140523600002,6.0989128820800005
 08/17  18:00:00,105.572053955,8.98739372079
 08/17  19:00:00,101.96873709799999,8.97820436128
 08/17  20:00:00,76.5878248235,9.021620061110001
 08/17  21:00:00,48.7323631815,8.97389263712
 08/17  22:00:00,48.5585928346,6.0937680176499995
 08/17  23:00:00,49.278288217,3.22568
 08/17  24:00:00,48.5592419146,6.089286012790001
 08/18  01:00:00,48.550487599700006,3.22568
 08/18  02:00:00,48.5348679787,6.08930264005
 08/18  03:00:00,48.524719285799996,3.22568
 08/18  04:00:00,49.7156616655,6.089319254069999
 08/18  05:00:00,49.502308378900004,3.22568
 08/18  06:00:00,60.8977728212,6.18991795026
 08/18  07:00:00,62.014180179200004,10.3449472703
 08/18  08:00:00,116.819842533,18.9230092568
 08/18  09:00:00,126.92078053799999,18.9151584218
 08/18  10:00:00,138.161088148,26.929517912199998
 08/18  11:00:00,145.53506951100002,26.929323939699998
 08/18  12:00:00,158.514496677,24.0626
 08/18  13:00:00,169.080005708,18.9350265321
 08/18  14:00:00,179.68390329599998,18.9150896817
 08/18  15:00:00,185.16147616599997,6.1132915615
 08/18  16:00:00,185.83273449400002,6.098759155730001
 08/18  17:00:00,159.604781321,6.0974662863499995
 08/18  18:00:00,119.395363929,8.970657609339998
 08/18  19:00:00,114.912781885,8.977978640429999
 08/18  20:00:00,87.6490397334,9.02362092277
 08/18  21:00:00,48.61517698229999,8.97449131052
 08/18  22:00:00,48.6253454442,6.09365143944
 08/18  23:00:00,49.33815534439999,6.09184232148
 08/18  24:00:00,48.6263124594,3.22568
 08/19  01:00:00,48.6204562885,3.22568
 08/19  02:00:00,48.6030858472,6.08805934071
 08/19  03:00:00,48.5921759811,3.22568
 08/19  04:00:00,48.8558086604,3.22568
 08/19  05:00:00,48.8347210858,6.087584185009999
 08/19  06:00:00,43.1003232208,3.22568
 08/19  07:00:00,40.1537774676,3.22568
 08/19  08:00:00,40.1653473343,6.08799863132
 08/19  09:00:00,40.1845108789,3.22568
 08/19  10:00:00,40.203277447,6.0893111832
 08/19  11:00:00,40.9122863153,3.22568
 08/19  12:00:00,40.234508960300005,6.089328231790001
 08/19  13:00:00,49.435840138900005,3.22568
 08/19  14:00:00,53.2179709497,3.22568
 08/19  15:00:00,54.445181473199995,6.08806777471
 08/19  16:00:00,55.329039711899995,3.22568
 08/19  17:00:00,53.69849943,6.08805922232
 08/19  18:00:00,49.7457209951,3.22568
 08/19  19:00:00,42.3607451412,3.22568
 08/19  20:00:00,48.999932800299995,6.088006699149999
 08/19  21:00:00,48.83333845600001,3.22568
 08/19  22:00:00,48.6371665254,3.22568
 08/19  23:00:00,49.2610167368,6.088041374330001
 08/19  24:00:00,48.5596564001,3.22568
 08/20  01:00:00,48.5469849363,3.22568
 08/20  02:00:00,48.536399663199994,6.088076442719999
 08/20  03:00:00,48.5084284617,3.22568
 08/20  04:00:00,48.7267733683,3.22568
 08/20  05:00:00,48.7000063026,6.08798152655
 08/20  06:00:00,44.420076093199995,3.22568
 08/20  07:00:00,40.0784095404,3.22568
 08/20  08:00:00,40.0947412966,6.08936673903
 08/20  09:00:00,40.1415424351,3.22568
 08/20  10:00:00,40.1717903448,6.08884645217
 08/20  11:00:00,40.849486680700004,3.22568
 08/20  12:00:00,40.165959075399996,6.089208326980001
 08/20  13:00:00,40.205784150599996,3.22568
 08/20  14:00:00,40.2120427531,6.088069743019999
 08/20  15:00:00,40.1931263613,3.22568
 08/20  16:00:00,40.1824741831,3.22568
 08/20  17:00:00,44.881431713999994,6.0880403149
 08/20  18:00:00,40.108636366300004,3.22568
 08/20  19:00:00,40.3560819039,3.22568
 08/20  20:00:00,48.89920145,6.08801011587
 08/20  21:00:00,48.747239887,3.22568
 08/20  22:00:00,48.553928844,3.22568
 08/20  23:00:00,49.231509492200004,6.08804530954
 08/20  24:00:00,48.5319216334,3.22568
 08/21  01:00:00,48.5170739364,3.22568
 08/21  02:00:00,48.500947329700004,6.08936255764
 08/21  03:00:00,48.4900601426,3.22568
 08/21  04:00:00,48.719868741499994,6.08938084576
 08/21  05:00:00,48.689295123,6.08920535469
 08/21  06:00:00,58.2606007024,3.35264546176
 08/21  07:00:00,55.681607282799995,26.203766891
 08/21  08:00:00,106.84861885299999,27.1301512773
 08/21  09:00:00,109.526556414,19.1103275245
 08/21  10:00:00,113.52197520000001,26.9292382444
 08/21  11:00:00,114.55278911799999,26.9293995623
 08/21  12:00:00,115.30189395,26.9292078844
 08/21  13:00:00,114.148410086,16.0484
 08/21  14:00:00,114.058048019,18.9151691509
 08/21  15:00:00,114.374261359,6.107645659249999
 08/21  16:00:00,115.87036706399999,6.092418536699999
 08/21  17:00:00,95.9607394193,6.09258009502
 08/21  18:00:00,94.30893195,8.970844234400001
 08/21  19:00:00,93.66100968110001,8.97817719589
 08/21  20:00:00,71.8782824891,9.00578777404
 08/21  21:00:00,48.637351665,8.97470431519
 08/21  22:00:00,48.4856438854,6.093754231919999
 08/21  23:00:00,49.195647146199995,6.09194545137
 08/21  24:00:00,48.4913643001,3.22568
 08/22  01:00:00,48.4782911891,6.08931533936
 08/22  02:00:00,48.458792751000004,3.22568
 08/22  03:00:00,48.455367827299995,6.089334534730001
 08/22  04:00:00,49.6122627874,3.22568
 08/22  05:00:00,49.434974116999996,6.08935369431
 08/22  06:00:00,57.688888369,3.35017350707
 08/22  07:00:00,54.0655755715,38.2901424319
 08/22  08:00:00,105.687358136,30.504592057399996
 08/22  09:00:00,109.18502261299999,19.3540524579
 08/22  10:00:00,114.353301234,26.929232012600004
 08/22  11:00:00,116.08071653,26.9293942926
 08/22  12:00:00,117.96065430600001,26.929203483000002
 08/22  13:00:00,118.847856006,18.9312077541
 08/22  14:00:00,121.91043470700001,16.0484
 08/22  15:00:00,122.87881555700001,6.092608255469999
 08/22  16:00:00,123.888396684,6.09241684614
 08/22  17:00:00,102.377070747,6.09257937796
 08/22  18:00:00,96.0891417055,8.97077450315
 08/22  19:00:00,94.149960958,8.97806348002
 08/22  20:00:00,70.7922509409,9.02091774634
 08/22  21:00:00,48.456391582600006,8.97434671581
 08/22  22:00:00,48.4924061203,6.09369962137
 08/22  23:00:00,49.2019342476,6.09166542536
 08/22  24:00:00,48.4760751038,3.22568
 08/23  01:00:00,48.4643431529,6.08928982046
 08/23  02:00:00,48.4450512001,3.22568
 08/23  03:00:00,48.4322307111,6.089310032819999
 08/23  04:00:00,48.645431846499996,3.22568
 08/23  05:00:00,48.6342527034,6.08933019694
 08/23  06:00:00,54.2855750679,3.36824422426
 08/23  07:00:00,52.099542655200004,42.4051309599
 08/23  08:00:00,104.67933845200001,31.757632319699997
 08/23  09:00:00,109.640702679,19.3943916777
 08/23  10:00:00,116.433064635,26.9292482502
 08/23  11:00:00,119.490862154,26.929411712100002
 08/23  12:00:00,121.226597537,26.929221810100003
 08/23  13:00:00,122.135807964,18.9334126533
 08/23  14:00:00,125.340438425,18.9149954148
 08/23  15:00:00,123.800950372,6.10778405895
 08/23  16:00:00,122.88933307399999,3.22568
 08/23  17:00:00,100.970665401,6.09260242026
 08/23  18:00:00,98.09655485649999,8.97041302971
 08/23  19:00:00,98.25191938549999,8.978004986230001
 08/23  20:00:00,76.9102220467,8.98947853639
 08/23  21:00:00,48.6853333416,8.97475085638
 08/23  22:00:00,48.510822456599996,6.09366895015
 08/23  23:00:00,49.2333369456,6.091730526290001
 08/23  24:00:00,48.5182756656,3.22568
 08/24  01:00:00,48.511488900799996,6.0892879625
 08/24  02:00:00,48.5068431782,3.22568
 08/24  03:00:00,48.5026458467,6.08930928731
 08/24  04:00:00,48.7376645153,3.22568
 08/24  05:00:00,48.7139679799,6.08933055544
 08/24  06:00:00,63.3264712234,3.3119104183099997
 08/24  07:00:00,57.655439098,25.020234296599998
 08/24  08:00:00,104.427823873,32.5495557345
 08/24  09:00:00,105.59502992600001,25.770489210900003
 08/24  10:00:00,110.21068496299999,30.401589423
 08/24  11:00:00,116.511295345,26.929453819699997
 08/24  12:00:00,124.4793619,26.929445878400003
 08/24  13:00:00,129.764753431,18.9152295668
 08/24  14:00:00,134.31388507,18.9150407029
 08/24  15:00:00,135.101887133,6.092485417640001
 08/24  16:00:00,136.722453836,6.09229664762
 08/24  17:00:00,113.772512901,6.09246129911
 08/24  18:00:00,105.83152359600001,6.0982523563
 08/24  19:00:00,103.749351733,8.993281532789998
 08/24  20:00:00,80.8174075391,9.0229962002
 08/24  21:00:00,48.7043059369,8.97457357831
 08/24  22:00:00,48.5443924373,6.093670004680001
 08/24  23:00:00,49.254881808,6.091827529830001
 08/24  24:00:00,48.5453237281,6.08931754408
 08/25  01:00:00,48.5358950546,3.22568
 08/25  02:00:00,48.5287284263,6.08934051418
 08/25  03:00:00,48.5251743796,3.22568
 08/25  04:00:00,49.784422802200005,6.0893629766299995
 08/25  05:00:00,49.6122105954,3.22568
 08/25  06:00:00,75.4648598086,6.1352554905
 08/25  07:00:00,70.7437359783,7.77287453842
 08/25  08:00:00,120.18508631700001,18.9150003281
 08/25  09:00:00,122.31283049299999,16.0484
 08/25  10:00:00,128.986982133,26.929351220999997
 08/25  11:00:00,133.423227539,26.9295326646
 08/25  12:00:00,135.062909912,26.9293446187
 08/25  13:00:00,137.856324121,18.935294639200002
 08/25  14:00:00,147.32168724299999,18.915123031500002
 08/25  15:00:00,147.905632403,6.108412593019999
 08/25  16:00:00,147.905450594,6.09238145977
 08/25  17:00:00,123.163152805,6.09254773163
 08/25  18:00:00,108.475983398,6.122892826499999
 08/25  19:00:00,108.91687351200001,11.8872326193
 08/25  20:00:00,84.85383144010001,6.13610544784
 08/25  21:00:00,48.5511393704,8.97503788161
 08/25  22:00:00,48.5728205555,6.09370334678
 08/25  23:00:00,49.2715942041,6.09195729326
 08/25  24:00:00,48.55580017729999,6.08938051519
 08/26  01:00:00,48.545211644700004,3.22568
 08/26  02:00:00,48.5396934955,6.08799175234
 08/26  03:00:00,48.535223315900005,3.22568
 08/26  04:00:00,48.784534066300004,3.22568
 08/26  05:00:00,48.765021929899994,6.088032363380001
 08/26  06:00:00,44.481098969399994,3.22568
 08/26  07:00:00,40.125389990100004,3.22568
 08/26  08:00:00,40.1413122647,6.088072993119999
 08/26  09:00:00,40.1956956646,3.22568
 08/26  10:00:00,40.2312400783,6.089326332150001
 08/26  11:00:00,40.9284702549,3.22568
 08/26  12:00:00,40.2636544424,6.08935015001
 08/26  13:00:00,40.2682177817,3.22568
 08/26  14:00:00,42.1923820897,3.22568
 08/26  15:00:00,48.765769065,6.08807465505
 08/26  16:00:00,47.4311462715,3.22568
 08/26  17:00:00,52.295146610799996,3.22568
 08/26  18:00:00,45.38686637359999,6.088071842560001
 08/26  19:00:00,41.8553579053,3.22568
 08/26  20:00:00,48.9682729879,3.22568
 08/26  21:00:00,48.807890286,6.08798187681
 08/26  22:00:00,48.609913238599994,3.22568
 08/26  23:00:00,49.2898986885,3.22568
 08/26  24:00:00,48.596667638,6.08802268321
 08/27  01:00:00,48.5849050104,3.22568
 08/27  02:00:00,48.578244015299994,3.22568
 08/27  03:00:00,48.56030753180001,6.08806480401
 08/27  04:00:00,48.7953517675,3.22568
 08/27  05:00:00,48.764947416000005,3.22568
 08/27  06:00:00,44.4704950103,6.08797631537
 08/27  07:00:00,40.1172702668,3.22568
 08/27  08:00:00,40.134648701799996,6.08924118873
 08/27  09:00:00,40.1683940459,3.22568
 08/27  10:00:00,40.1850591164,6.089266557490001
 08/27  11:00:00,40.8630734773,3.22568
 08/27  12:00:00,40.183557729899995,6.08929189995
 08/27  13:00:00,42.8828161442,3.22568
 08/27  14:00:00,50.6419845216,3.22568
 08/27  15:00:00,52.43582583479999,6.08809500381
 08/27  16:00:00,51.6924625042,3.22568
 08/27  17:00:00,56.0984568029,3.22568
 08/27  18:00:00,51.840624170699996,6.088084894400001
 08/27  19:00:00,48.9481399949,3.22568
 08/27  20:00:00,48.9448346078,3.22568
 08/27  21:00:00,48.780457105,6.088048070619999
 08/27  22:00:00,48.582830488199996,3.22568
 08/27  23:00:00,49.2556503025,3.22568
 08/27  24:00:00,48.5686292241,6.088090094450001
 08/28  01:00:00,48.5740027383,3.22568
 08/28  02:00:00,48.569281726499995,6.08928766174
 08/28  03:00:00,48.562516259700004,3.22568
 08/28  04:00:00,48.8215235464,6.08931463758
 08/28  05:00:00,48.8026498833,3.22568
 08/28  06:00:00,74.1935705553,6.12249348662
 08/28  07:00:00,69.0931654729,6.09247111498
 08/28  08:00:00,119.365992409,18.914647781
 08/28  09:00:00,123.255103909,18.9151791014
 08/28  10:00:00,131.394001976,24.0626
 08/28  11:00:00,137.671425097,26.9295506641
 08/28  12:00:00,144.381962044,26.929366962
 08/28  13:00:00,150.528972569,18.9348759632
 08/28  14:00:00,153.424517485,18.9151548959
 08/28  15:00:00,154.077158194,6.10836730711
 08/28  16:00:00,145.719987721,6.09242286545
 08/28  17:00:00,112.58398321600001,6.09259438806
 08/28  18:00:00,106.00942614899999,8.970885318510001
 08/28  19:00:00,109.325390235,8.97848162695
 08/28  20:00:00,86.750836722,8.99091508961
 08/28  21:00:00,48.7491314379,8.97424100452
 08/28  22:00:00,48.5779646511,6.09392731931
 08/28  23:00:00,49.272635313100004,6.09170030914
 08/28  24:00:00,48.549475352600005,3.22568
 08/29  01:00:00,48.5284130465,6.089263290290001
 08/29  02:00:00,48.5102194387,3.22568
 08/29  03:00:00,48.4941367722,6.08929203556
 08/29  04:00:00,49.6717829918,3.22568
 08/29  05:00:00,49.4795775858,6.08932072647
 08/29  06:00:00,58.610056299899995,3.3720897538999997
 08/29  07:00:00,53.4161353198,33.968276892199995
 08/29  08:00:00,106.085749759,28.2887865949
 08/29  09:00:00,109.202765156,19.1317009302
 08/29  10:00:00,114.780483401,26.929414850700002
 08/29  11:00:00,116.668636063,26.9292334931
 08/29  12:00:00,118.45015039,26.929406765
 08/29  13:00:00,118.378330756,18.915025456
 08/29  14:00:00,118.615568752,16.0484
 08/29  15:00:00,118.341543761,6.10777650981
 08/29  16:00:00,120.26808212200001,6.09229749044
 08/29  17:00:00,104.068208651,6.09247079993
 08/29  18:00:00,105.06187198,8.970788023139999
 08/29  19:00:00,106.53926022899999,8.97801411633
 08/29  20:00:00,84.1822259189,8.97437629306
 08/29  21:00:00,48.5476285672,8.97436722452
 08/29  22:00:00,48.5652868112,6.09369438949
 08/29  23:00:00,49.2722036497,6.0919835526999995
 08/29  24:00:00,48.5656802477,3.22568
 08/30  01:00:00,48.5614841263,6.08928336172
 08/30  02:00:00,48.558529347299995,3.22568
 08/30  03:00:00,48.555858591,6.08931400128
 08/30  04:00:00,48.8149063791,3.22568
 08/30  05:00:00,48.7960943081,6.08934455992
 08/30  06:00:00,75.4229374153,3.25775253639
 08/30  07:00:00,69.78639094180001,7.50982561634
 08/30  08:00:00,118.47234947,18.915127138800003
 08/30  09:00:00,118.55014400600001,18.915302919600002
 08/30  10:00:00,119.45225682,26.9293231153
 08/30  11:00:00,119.191589094,26.929498793
 08/30  12:00:00,118.87387367299999,26.9293189791
 08/30  13:00:00,116.763187244,18.936385356600002
 08/30  14:00:00,119.71880655700001,18.9151148288
 08/30  15:00:00,122.308666965,6.10334375505
 08/30  16:00:00,115.25953981,6.52133864661
 08/30  17:00:00,88.24633645440001,9.83372142867
 08/30  18:00:00,83.4537649989,8.97624786552
 08/30  19:00:00,83.4563611319,8.978474903710001
 08/30  20:00:00,60.4389611111,8.989288113210002
 08/30  21:00:00,48.516351953599994,8.97516844684
 08/30  22:00:00,48.399338137200004,6.09392472635
 08/30  23:00:00,49.1193582338,6.091986863630001
 08/30  24:00:00,48.4252483312,6.0893460855
 08/31  01:00:00,48.4252839311,3.22568
 08/31  02:00:00,48.418355772299996,6.08937957863
 08/31  03:00:00,48.4072540104,3.22568
 08/31  04:00:00,48.619351208000005,6.089217103509999
 08/31  05:00:00,48.591519749700005,3.22568
 08/31  06:00:00,53.6506919468,15.023439740599999
 08/31  07:00:00,47.8934686809,78.0252888212
 08/31  08:00:00,98.43994869129999,43.092330437799994
 08/31  09:00:00,100.387155766,37.1763744502
 08/31  10:00:00,104.001541984,41.089666424099995
 08/31  11:00:00,105.268608874,37.7925266707
 08/31  12:00:00,106.289336405,34.0021155144
 08/31  13:00:00,105.50897690000001,23.1644457054
 08/31  14:00:00,106.761482376,20.8272072667
 08/31  15:00:00,106.006181551,11.6388992259
 08/31  16:00:00,105.90214143,11.7417928145
 08/31  17:00:00,87.0558696818,13.1133427414
 08/31  18:00:00,85.0008169792,6.104759414859999
 08/31  19:00:00,86.0498183375,11.8543397548
 08/31  20:00:00,61.9877430896,8.989595568839999
 08/31  21:00:00,48.51576169729999,6.100406126139999
 08/31  22:00:00,48.3998250878,8.96169106687
 08/31  23:00:00,49.1346003174,3.22568
 08/31  24:00:00,48.4362108245,6.08927182143
 09/01  01:00:00,48.4382620768,3.22568
 09/01  02:00:00,48.4384638588,6.089306811109999
 09/01  03:00:00,48.43891963350001,3.22568
 09/01  04:00:00,49.6255434984,6.08934150837
 09/01  05:00:00,49.42291072890001,3.22568
 09/01  06:00:00,59.500639055200004,6.185535434349999
 09/01  07:00:00,52.7090490693,71.33986997689999
 09/01  08:00:00,100.899712829,47.224902259
 09/01  09:00:00,102.528414236,33.914514608000005
 09/01  10:00:00,108.68643052600001,32.3611187511
 09/01  11:00:00,111.242277386,27.484968957600003
 09/01  12:00:00,110.65366204600001,24.0626
 09/01  13:00:00,109.29246500100001,18.934213792
 09/01  14:00:00,109.87969206,18.9151003893
 09/01  15:00:00,109.276213737,6.10707211751
 09/01  16:00:00,109.64022473600001,6.09238516409
 09/01  17:00:00,90.31415737370001,6.092565543709999
 09/01  18:00:00,87.82032225200001,8.97096702404
 09/01  19:00:00,88.2368382616,8.97843890477
 09/01  20:00:00,63.263151921,9.007804706289999
 09/01  21:00:00,48.3499139663,8.975102986489999
 09/01  22:00:00,48.3920734451,6.093918176980001
 09/01  23:00:00,49.1227203916,6.09178748903
 09/01  24:00:00,48.4033475659,3.22568
 09/02  01:00:00,55.6031059353,6.08804905655
 09/02  02:00:00,55.598362083199994,3.22568
 09/02  03:00:00,55.5891870955,3.22568
 09/02  04:00:00,55.7951415981,6.08810117824
 09/02  05:00:00,55.773399600000005,3.22568
 09/02  06:00:00,52.919537773100004,3.22568
 09/02  07:00:00,47.157862655100004,6.08802247219
 09/02  08:00:00,47.2005917695,3.22568
 09/02  09:00:00,47.250951216000004,3.22568
 09/02  10:00:00,47.2725784028,6.08923886836
 09/02  11:00:00,47.9595074913,3.22568
 09/02  12:00:00,47.2643961912,6.08927582551
 09/02  13:00:00,47.314967322200005,3.22568
 09/02  14:00:00,47.34419867810001,6.08801767862
 09/02  15:00:00,47.334567022799995,3.22568
 09/02  16:00:00,50.232679796199996,3.22568
 09/02  17:00:00,47.828172258100004,6.08807053799
 09/02  18:00:00,50.260349511,3.22568
 09/02  19:00:00,50.318235052700004,3.22568
 09/02  20:00:00,55.9691700488,6.08799159966
 09/02  21:00:00,55.800098750299995,3.22568
 09/02  22:00:00,55.6224850832,3.22568
 09/02  23:00:00,56.293273946499994,6.08804412559
 09/02  24:00:00,55.5874590082,3.22568
 09/03  01:00:00,55.571025559300004,3.22568
 09/03  02:00:00,55.5594432838,6.08809807805
 09/03  03:00:00,55.5502060753,3.22568
 09/03  04:00:00,55.7564379884,3.22568
 09/03  05:00:00,55.7338208924,6.088021278359999
 09/03  06:00:00,52.882679782299995,3.22568
 09/03  07:00:00,47.1166321861,3.22568
 09/03  08:00:00,47.14106430100001,6.089247296340001
 09/03  09:00:00,47.2182888383,3.22568
 09/03  10:00:00,47.277267941000005,6.08928666846
 09/03  11:00:00,47.978925865200004,3.22568
 09/03  12:00:00,47.288182214399995,6.08932597021
 09/03  13:00:00,47.335472385200006,3.22568
 09/03  14:00:00,47.3580112358,6.08806228746
 09/03  15:00:00,47.3485214949,3.22568
 09/03  16:00:00,47.250730652200005,5.8648338430299995
 09/03  17:00:00,50.9822052594,3.4486723326599997
 09/03  18:00:00,47.24467178,3.22568
 09/03  19:00:00,50.324050372600006,6.08804055582
 09/03  20:00:00,55.9912150125,3.22568
 09/03  21:00:00,55.8298351912,3.22568
 09/03  22:00:00,55.641366158100006,6.08809517859
 09/03  23:00:00,56.3055187808,3.22568
 09/03  24:00:00,55.5958063446,3.22568
 09/04  01:00:00,55.5788612991,6.08801984489
 09/04  02:00:00,55.5699333772,3.22568
 09/04  03:00:00,55.561004004,3.22568
 09/04  04:00:00,55.7608580748,6.08807638642
 09/04  05:00:00,55.7369212122,3.22568
 09/04  06:00:00,52.8850792163,3.22568
 09/04  07:00:00,47.1253701639,6.088001805399999
 09/04  08:00:00,47.1786385241,3.22568
 09/04  09:00:00,47.2648552163,6.08935163857
 09/04  10:00:00,47.2983405454,3.22568
 09/04  11:00:00,47.987276041099996,6.08939335565
 09/04  12:00:00,47.3036435566,3.22568
 09/04  13:00:00,47.3508309942,6.0892392661
 09/04  14:00:00,47.355932672799995,3.22568
 09/04  15:00:00,50.9743869187,3.22568
 09/04  16:00:00,51.0742789878,6.088096461
 09/04  17:00:00,51.1387671776,3.22568
 09/04  18:00:00,50.4910740275,3.22568
 09/04  19:00:00,50.308789588,6.088108975700001
 09/04  20:00:00,55.9720659847,3.22568
 09/04  21:00:00,55.8120050203,3.22568
 09/04  22:00:00,55.628043427399994,6.0880345584099995
 09/04  23:00:00,56.29522789520001,3.22568
 09/04  24:00:00,55.586502855,3.22568
 09/05  01:00:00,55.5714166708,6.0892661598
 09/05  02:00:00,55.5594578494,3.22568
 09/05  03:00:00,55.547183094,6.0893107307
 09/05  04:00:00,56.5950489129,3.22568
 09/05  05:00:00,56.42559761770001,6.0893551735
 09/05  06:00:00,61.3308258351,226.79830963900002
 09/05  07:00:00,120.01666202700001,149.484612941
 09/05  08:00:00,165.291868615,94.66177371719999
 09/05  09:00:00,168.673162269,55.635320637
 09/05  10:00:00,182.059323023,53.977426441999995
 09/05  11:00:00,188.436781396,49.515971346099995
 09/05  12:00:00,191.790892992,49.546750746899995
 09/05  13:00:00,195.443527615,36.4566254308
 09/05  14:00:00,199.888097757,30.546279434499997
 09/05  15:00:00,201.457368714,20.6562608094
 09/05  16:00:00,195.26603506799998,6.13912872653
 09/05  17:00:00,144.714497213,6.09257170536
 09/05  18:00:00,140.38269626299999,6.09816890271
 09/05  19:00:00,135.763333112,14.2134131501
 09/05  20:00:00,135.041945926,19.0913815888
 09/05  21:00:00,55.578745622,6.09983611238
 09/05  22:00:00,55.6036879958,8.961999881239999
 09/05  23:00:00,56.3191166079,3.22568
 09/05  24:00:00,55.5999910834,6.08941818862
 09/06  01:00:00,55.590194368,3.22568
 09/06  02:00:00,55.573560621000006,6.08926937842
 09/06  03:00:00,55.5575747468,3.22568
 09/06  04:00:00,55.7590853883,6.08931661867
 09/06  05:00:00,55.7328115491,3.22568
 09/06  06:00:00,60.995760611899996,196.118472072
 09/06  07:00:00,120.025147034,138.79598508
 09/06  08:00:00,165.325945179,97.4978064233
 09/06  09:00:00,168.574165514,56.8350167563
 09/06  10:00:00,181.090603088,52.661195423100004
 09/06  11:00:00,187.779029858,49.522907548999996
 09/06  12:00:00,192.726699595,52.4604847601
 09/06  13:00:00,189.79753783099997,36.477953541
 09/06  14:00:00,187.957277238,30.569265335900003
 09/06  15:00:00,185.69345230000002,19.9582894103
 09/06  16:00:00,180.072335695,8.20489515347
 09/06  17:00:00,131.666413829,9.059425526230001
 09/06  18:00:00,130.61140494,13.2252984916
 09/06  19:00:00,134.33541414299998,14.9968990527
 09/06  20:00:00,136.947300731,18.636938001199997
 09/06  21:00:00,55.779744819499996,8.97513057043
 09/06  22:00:00,55.649038185,6.09381183642
 09/06  23:00:00,56.379362938599996,6.09187555278
 09/06  24:00:00,55.686757452600006,3.22568
 09/07  01:00:00,55.6847642783,6.0894270679
 09/07  02:00:00,55.674287706,6.089280626669999
 09/07  03:00:00,55.665959083699995,3.22568
 09/07  04:00:00,55.889620623999996,6.089330716209999
 09/07  05:00:00,55.854215118599996,3.22568
 09/07  06:00:00,62.8712343673,42.0157499077
 09/07  07:00:00,123.06318208200001,27.122296953400003
 09/07  08:00:00,171.230236482,45.6831966794
 09/07  09:00:00,176.067954655,49.6563549189
 09/07  10:00:00,185.778895318,53.6501577502
 09/07  11:00:00,191.12340448700002,49.5184858881
 09/07  12:00:00,194.513739515,50.882044323100004
 09/07  13:00:00,201.295782129,35.1271039991
 09/07  14:00:00,203.995471865,33.4486892898
 09/07  15:00:00,205.111446048,17.7632057336
 09/07  16:00:00,197.57949056400003,6.10545987624
 09/07  17:00:00,146.110159256,6.09269543814
 09/07  18:00:00,142.799881594,8.970651156
 09/07  19:00:00,143.16579404,8.979100048060001
 09/07  20:00:00,145.384095893,8.97532059613
 09/07  21:00:00,55.8538706637,8.97501342419
 09/07  22:00:00,55.7145374112,6.09385536803
 09/07  23:00:00,56.4345083833,6.09205065273
 09/07  24:00:00,55.725453027,3.22568
 09/08  01:00:00,55.7407236619,6.08941060008
 09/08  02:00:00,55.733857411,3.22568
 09/08  03:00:00,55.7132155287,6.08926685699
 09/08  04:00:00,56.9255667394,3.22568
 09/08  05:00:00,56.758657949399996,6.08931992533
 09/08  06:00:00,77.3104388776,7.13940012239
 09/08  07:00:00,135.011073084,6.09242609419
 09/08  08:00:00,187.99111701,32.7183859723
 09/08  09:00:00,195.635826942,38.5593237859
 09/08  10:00:00,206.313097506,47.4772354559
 09/08  11:00:00,218.87318271,51.5282603125
 09/08  12:00:00,231.313086191,49.548454900299994
 09/08  13:00:00,233.652706934,36.471044372399994
 09/08  14:00:00,242.24343825900002,30.554222911999997
 09/08  15:00:00,245.203280676,20.668831847
 09/08  16:00:00,225.148360151,6.10769116069
 09/08  17:00:00,161.545427546,6.09243413736
 09/08  18:00:00,155.00363175299998,6.098066424330001
 09/08  19:00:00,154.60755076,11.855380267200001
 09/08  20:00:00,157.124873365,6.0999424616999995
 09/08  21:00:00,55.752336648900005,8.9755085165
 09/08  22:00:00,55.7802924536,8.961899013239998
 09/08  23:00:00,56.48152833939999,3.22568
 09/08  24:00:00,55.7838967644,6.089361984319999
 09/09  01:00:00,55.7831870479,3.22568
 09/09  02:00:00,55.7683051526,6.0880455136
 09/09  03:00:00,55.7450822363,3.22568
 09/09  04:00:00,55.9732718938,3.22568
 09/09  05:00:00,55.948653428,6.0881148630699995
 09/09  06:00:00,54.511260718,3.22568
 09/09  07:00:00,47.289026524200004,3.22568
 09/09  08:00:00,47.320302732100004,6.08805240262
 09/09  09:00:00,47.360461211,3.22568
 09/09  10:00:00,47.386056918,6.08942594722
 09/09  11:00:00,48.070784207399996,3.22568
 09/09  12:00:00,47.3873820655,6.08928494452
 09/09  13:00:00,47.4087632491,3.22568
 09/09  14:00:00,53.0740790957,3.22568
 09/09  15:00:00,52.813830508500004,6.08810216419
 09/09  16:00:00,52.55044998100001,3.22568
 09/09  17:00:00,54.2429962408,3.22568
 09/09  18:00:00,51.712366408,6.088039477840001
 09/09  19:00:00,51.8007041184,3.22568
 09/09  20:00:00,56.0317383642,3.22568
 09/09  21:00:00,55.86551426,6.088109179780001
 09/09  22:00:00,55.673119639,3.22568
 09/09  23:00:00,56.3407702108,3.22568
 09/09  24:00:00,55.6324083161,6.08804690314
 09/10  01:00:00,55.608749243999995,3.22568
 09/10  02:00:00,55.599689581599996,3.22568
 09/10  03:00:00,55.5873631569,6.0881191874
 09/10  04:00:00,55.78960043439999,3.22568
 09/10  05:00:00,55.77005315270001,6.08805932766
 09/10  06:00:00,54.343540322799996,3.22568
 09/10  07:00:00,47.149820204099996,3.22568
 09/10  08:00:00,47.204372622700006,6.08937961617
 09/10  09:00:00,47.256983140500004,3.22568
 09/10  10:00:00,47.2687275088,6.0894388486399995
 09/10  11:00:00,47.9512913782,3.22568
 09/10  12:00:00,47.2684175934,6.08930078064
 09/10  13:00:00,47.3181564978,3.22568
 09/10  14:00:00,47.3355003696,6.08804509543
 09/10  15:00:00,50.521064646999996,3.22568
 09/10  16:00:00,50.308086496,3.22568
 09/10  17:00:00,49.942817588500006,6.08811836472
 09/10  18:00:00,49.9186650809,3.22568
 09/10  19:00:00,51.731665522,3.22568
 09/10  20:00:00,55.9649667215,6.08805821992
 09/10  21:00:00,55.8006534331,3.22568
 09/10  22:00:00,55.6185176837,3.22568
 09/10  23:00:00,56.2983632742,6.08813081082
 09/10  24:00:00,55.600443149700006,3.22568
 09/11  01:00:00,55.589297206800005,6.089453035269999
 09/11  02:00:00,55.5945624442,3.22568
 09/11  03:00:00,55.590911037299996,6.0893181178499995
 09/11  04:00:00,55.80223507,3.22568
 09/11  05:00:00,55.788593058800004,6.08938080449
 09/11  06:00:00,62.3222870613,63.0925654766
 09/11  07:00:00,119.969527668,45.3349297323
 09/11  08:00:00,165.704673963,52.61680834479999
 09/11  09:00:00,169.309238453,53.374694676000004
 09/11  10:00:00,175.704919736,61.3957739611
 09/11  11:00:00,181.058732767,50.318468090500005
 09/11  12:00:00,185.37474196099998,49.547853065299996
 09/11  13:00:00,188.547683805,36.5031527185
 09/11  14:00:00,194.914713535,30.5481278302
 09/11  15:00:00,196.913976168,20.658379353599997
 09/11  16:00:00,189.03363078400002,6.10664825615
 09/11  17:00:00,139.67408595700002,6.092478289
 09/11  18:00:00,136.85501999,9.10294252502
 09/11  19:00:00,136.255078044,14.8671116975
 09/11  20:00:00,134.941130235,20.2234455293
 09/11  21:00:00,55.759588053,8.974894362819999
 09/11  22:00:00,55.622775266000005,6.09377458628
 09/11  23:00:00,56.336379703199995,6.09197137809
 09/11  24:00:00,55.613284854300005,3.22568
 09/12  01:00:00,55.598264450200006,6.08932748043
 09/12  02:00:00,55.5839323085,3.22568
 09/12  03:00:00,55.5717676903,6.089393681240001
 09/12  04:00:00,56.6191379116,3.22568
 09/12  05:00:00,56.4564924188,6.08945973735
 09/12  06:00:00,62.677646760500004,105.320024705
 09/12  07:00:00,119.97452095,73.6791698737
 09/12  08:00:00,166.773154001,56.7394182059
 09/12  09:00:00,178.10260582599997,44.4588889474
 09/12  10:00:00,189.35252884,49.4840693339
 09/12  11:00:00,198.315327177,49.518003946499995
 09/12  12:00:00,207.97148887,49.5502541254
 09/12  13:00:00,211.915390507,36.4715102219
 09/12  14:00:00,223.13235825400002,33.4582059426
 09/12  15:00:00,227.69108916599998,17.7638059106
 09/12  16:00:00,210.495430107,6.10990670849
 09/12  17:00:00,151.441635987,6.09274903941
 09/12  18:00:00,145.963112767,8.97090324252
 09/12  19:00:00,149.211088298,8.97949766687
 09/12  20:00:00,150.406328437,8.97500333506
 09/12  21:00:00,55.706963790399996,8.97552182497
 09/12  22:00:00,55.724081188599996,6.09408143711
 09/12  23:00:00,56.4436683351,6.09194983986
 09/12  24:00:00,55.7382714964,3.22568
 09/13  01:00:00,55.7371178723,6.0894350361
 09/13  02:00:00,55.735063819,3.22568
 09/13  03:00:00,55.730480924700004,6.0893066115100005
 09/13  04:00:00,55.9795891441,3.22568
 09/13  05:00:00,55.959681713,6.08937637782
 09/13  06:00:00,79.398132482,5.48020365797
 09/13  07:00:00,140.309296575,6.092723599099999
 09/13  08:00:00,196.39602521,32.719881205300005
 09/13  09:00:00,202.171015242,38.5608576821
 09/13  10:00:00,214.433651253,49.486562911099995
 09/13  11:00:00,233.571179604,49.5196296345
 09/13  12:00:00,244.21937854900003,52.4699300521
 09/13  13:00:00,240.56171384400002,36.469157720700004
 09/13  14:00:00,247.09535207099998,30.5504862073
 09/13  15:00:00,243.43396126,17.760592021199997
 09/13  16:00:00,224.76585633599998,6.106417038019999
 09/13  17:00:00,164.870992355,6.092521367050001
 09/13  18:00:00,160.592568516,8.97127249204
 09/13  19:00:00,164.216033658,8.978845333410002
 09/13  20:00:00,166.131344689,8.975318892210002
 09/13  21:00:00,55.9913912776,8.97511712398
 09/13  22:00:00,55.8232881987,6.09376504064
 09/13  23:00:00,56.526303863100004,6.09183042343
 09/13  24:00:00,55.813557376700004,3.22568
 09/14  01:00:00,55.8033082105,6.08937682782
 09/14  02:00:00,55.7951582948,3.22568
 09/14  03:00:00,55.786948000600006,6.08945032381
 09/14  04:00:00,56.044653124700005,6.08932521223
 09/14  05:00:00,56.0244149229,3.22568
 09/14  06:00:00,90.46131947280001,6.1115934562400005
 09/14  07:00:00,147.411584994,3.22568
 09/14  08:00:00,207.62008682799998,32.7199817698
 09/14  09:00:00,210.94090102200002,41.4608876892
 09/14  10:00:00,222.98177201599998,46.5877788212
 09/14  11:00:00,239.892480787,49.5231381358
 09/14  12:00:00,242.219690794,52.466079988400004
 09/14  13:00:00,239.267568915,36.4714273175
 09/14  14:00:00,239.69801755400002,30.5503010221
 09/14  15:00:00,237.553363079,20.661947121
 09/14  16:00:00,225.818081253,6.105724832409999
 09/14  17:00:00,165.556712761,3.22568
 09/14  18:00:00,159.93305189,8.97142262501
 09/14  19:00:00,161.317548243,8.97863188398
 09/14  20:00:00,159.66879401,8.97531042432
 09/14  21:00:00,55.933146693699996,8.97532412146
 09/14  22:00:00,55.7730373751,6.09409160474
 09/14  23:00:00,56.4823589484,6.091925668459999
 09/14  24:00:00,55.770238006099994,6.08933464094
 09/15  01:00:00,55.755381588199995,3.22568
 09/15  02:00:00,55.751884653000005,6.08941269066
 09/15  03:00:00,55.7458700325,3.22568
 09/15  04:00:00,56.9875068757,6.08929110351
 09/15  05:00:00,56.79793442,3.22568
 09/15  06:00:00,81.1645480303,7.71188625589
 09/15  07:00:00,138.41797389,6.0924686652
 09/15  08:00:00,194.05613105400002,32.7192609524
 09/15  09:00:00,206.017066102,38.5607528014
 09/15  10:00:00,229.80672390200002,46.5851001926
 09/15  11:00:00,256.260652447,49.5291750275
 09/15  12:00:00,273.375393256,52.4674398442
 09/15  13:00:00,270.107024041,36.4588870293
 09/15  14:00:00,271.436662483,30.5539917473
 09/15  15:00:00,267.301719001,20.6724832256
 09/15  16:00:00,242.111369857,6.1069927472500005
 09/15  17:00:00,176.114812165,6.092657214299999
 09/15  18:00:00,171.11550754,8.97147881996
 09/15  19:00:00,173.924101018,8.9795083778
 09/15  20:00:00,175.785849285,8.97580034231
 09/15  21:00:00,55.8097461421,8.97561159061
 09/15  22:00:00,55.821138668100005,6.09410756397
 09/15  23:00:00,56.5220729744,6.09197570624
 09/15  24:00:00,55.8111406704,3.22568
 09/16  01:00:00,55.8034041057,6.088063335269999
 09/16  02:00:00,55.79689634060001,3.22568
 09/16  03:00:00,55.7914214727,3.22568
 09/16  04:00:00,56.0404896583,6.08815498395
 09/16  05:00:00,56.0221680713,3.22568
 09/16  06:00:00,54.607589199799996,3.22568
 09/16  07:00:00,47.3888242221,6.08811363645
 09/16  08:00:00,47.4135051939,3.22568
 09/16  09:00:00,47.438838961,6.0893335288
 09/16  10:00:00,47.4459062389,3.22568
 09/16  11:00:00,48.138425416400004,6.08941461559
 09/16  12:00:00,47.465740835,3.22568
 09/16  13:00:00,56.312252863999994,3.22568
 09/16  14:00:00,61.3476072172,6.08815503485
 09/16  15:00:00,60.7819724859,3.22568
 09/16  16:00:00,58.3562932018,3.22568
 09/16  17:00:00,58.583698571300005,6.08814937449
 09/16  18:00:00,58.8342464938,3.22568
 09/16  19:00:00,56.0150415226,3.22568
 09/16  20:00:00,56.2112294903,6.0881521553699995
 09/16  21:00:00,56.0504871871,3.22568
 09/16  22:00:00,55.8453844186,6.088111080219999
 09/16  23:00:00,56.5298665189,3.22568
 09/16  24:00:00,55.841220518,3.22568
 09/17  01:00:00,55.83504531649999,6.0880719140999995
 09/17  02:00:00,55.8323560902,3.22568
 09/17  03:00:00,55.830187627600004,3.22568
 09/17  04:00:00,56.101695004700005,6.088033787580001
 09/17  05:00:00,56.071333008100005,3.22568
 09/17  06:00:00,56.0604261459,3.22568
 09/17  07:00:00,47.3990132219,6.088129370140001
 09/17  08:00:00,47.3926460242,3.22568
 09/17  09:00:00,47.4013952786,6.08935152407
 09/17  10:00:00,47.3897549538,3.22568
 09/17  11:00:00,48.0606232686,6.089436640160001
 09/17  12:00:00,47.3767880901,3.22568
 09/17  13:00:00,47.4212848691,6.08932220829
 09/17  14:00:00,47.4215954805,3.22568
 09/17  15:00:00,47.4233115642,3.22568
 09/17  16:00:00,47.3389335406,6.08807928969
 09/17  17:00:00,47.329051443100006,3.22568
 09/17  18:00:00,47.3164551817,6.08804165038
 09/17  19:00:00,54.7020549571,3.22568
 09/17  20:00:00,56.081140364,3.22568
 09/17  21:00:00,55.9049321961,6.08813750727
 09/17  22:00:00,55.7027179118,3.22568
 09/17  23:00:00,56.37834851109999,3.22568
 09/17  24:00:00,55.6762136468,6.0880998623
 09/18  01:00:00,55.6697417667,3.22568
 09/18  02:00:00,55.6549937771,6.08939390612
 09/18  03:00:00,55.6260779451,3.22568
 09/18  04:00:00,55.8209981906,6.089483218230001
 09/18  05:00:00,55.781774532700005,3.22568
 09/18  06:00:00,63.751621307600004,86.52664790959999
 09/18  07:00:00,119.975006382,53.378515153500004
 09/18  08:00:00,169.32936574299998,45.629660237399996
 09/18  09:00:00,175.75526432700002,45.9985648455
 09/18  10:00:00,184.505441409,49.574833838
 09/18  11:00:00,189.920133574,49.530430269899995
 09/18  12:00:00,197.172356816,52.4665032382
 09/18  13:00:00,198.841126099,36.4668004577
 09/18  14:00:00,199.95935575400003,33.4676060567
 09/18  15:00:00,199.461876329,17.7626761473
 09/18  16:00:00,190.10670372200002,6.10655513078
 09/18  17:00:00,141.261821986,6.09256989265
 09/18  18:00:00,139.949677308,8.97148513258
 09/18  19:00:00,146.03614836100002,8.97941966171
 09/18  20:00:00,143.674052774,9.68317682832
 09/18  21:00:00,55.8124144705,8.97534420406
 09/18  22:00:00,55.6522663357,6.09408604719
 09/18  23:00:00,56.370691753,6.09205369284
 09/18  24:00:00,55.6525382149,3.22568
 09/19  01:00:00,55.645212846499994,6.08946363449
 09/19  02:00:00,55.6380299934,3.22568
 09/19  03:00:00,55.6241903628,6.089357076030001
 09/19  04:00:00,56.6996190228,3.22568
 09/19  05:00:00,56.504344346,6.0894506778799995
 09/19  06:00:00,64.1022179667,80.2185335033
 09/19  07:00:00,119.981888482,55.7669501798
 09/19  08:00:00,166.911749246,51.9198370178
 09/19  09:00:00,173.295042649,51.1830792004
 09/19  10:00:00,183.62381826,49.217192089799994
 09/19  11:00:00,190.33428662400001,49.5291476506
 09/19  12:00:00,197.81054101,52.4676517578
 09/19  13:00:00,200.669041043,36.4710706681
 09/19  14:00:00,206.26042412299998,30.5504617528
 09/19  15:00:00,211.277574631,20.6650625523
 09/19  16:00:00,201.70462433400002,6.10909068321
 09/19  17:00:00,145.776325511,6.092708083990001
 09/19  18:00:00,140.404181697,8.97173286856
 09/19  19:00:00,143.966171589,8.97990453099
 09/19  20:00:00,144.15578227700001,8.97470570382
 09/19  21:00:00,55.651598694300006,8.976123494560001
 09/19  22:00:00,55.6724278238,6.093901020040001
 09/19  23:00:00,56.388997719399995,6.09186967716
 09/19  24:00:00,55.6709495708,3.22568
 09/20  01:00:00,55.6488658662,6.089479331540001
 09/20  02:00:00,55.636615087399996,3.22568
 09/20  03:00:00,55.6290206486,6.089376752710001
 09/20  04:00:00,55.83818404189999,3.22568
 09/20  05:00:00,55.8024287807,6.089474693090001
 09/20  06:00:00,63.7567796279,81.7817264191
 09/20  07:00:00,119.98128323600001,67.9259076443
 09/20  08:00:00,166.951994698,54.7012285258
 09/20  09:00:00,178.00626793799998,47.1674610495
 09/20  10:00:00,192.527862642,46.590765195
 09/20  11:00:00,206.900304706,49.5309444625
 09/20  12:00:00,219.91978697599998,52.4738013021
 09/20  13:00:00,221.200177622,36.4729249545
 09/20  14:00:00,229.02454529099998,30.552375210799998
 09/20  15:00:00,231.71797771599998,20.6767271691
 09/20  16:00:00,222.011464467,6.1226466387
 09/20  17:00:00,163.235092461,6.0954555704999995
 09/20  18:00:00,155.73372111700002,8.9712343183
 09/20  19:00:00,154.714904543,9.012105684049999
 09/20  20:00:00,150.132188525,8.99227054034
 09/20  21:00:00,55.859969203599995,8.975226177989999
 09/20  22:00:00,55.69876329999999,6.094012660340001
 09/20  23:00:00,56.414826258699996,6.09198128758
 09/20  24:00:00,55.6944335325,3.22568
 09/21  01:00:00,55.6791836658,6.08938893464
 09/21  02:00:00,55.65908818689999,3.22568
 09/21  03:00:00,55.645059834399994,6.089491454369999
 09/21  04:00:00,55.8588219122,3.22568
 09/21  05:00:00,55.83351125,6.08939285444
 09/21  06:00:00,63.7647929301,49.4343197671
 09/21  07:00:00,119.995203242,39.1462717076
 09/21  08:00:00,171.243613487,43.261086920699995
 09/21  09:00:00,184.11865081099998,42.5601553169
 09/21  10:00:00,201.91480010400002,46.592047343500006
 09/21  11:00:00,218.571969788,49.53508772560001
 09/21  12:00:00,233.94274080000002,52.4807377028
 09/21  13:00:00,237.91735807599997,36.4811839219
 09/21  14:00:00,245.52745548,33.4606258658
 09/21  15:00:00,251.28526694599998,17.777449782
 09/21  16:00:00,243.64624330599997,6.11415149816
 09/21  17:00:00,182.142279682,6.10424791106
 09/21  18:00:00,170.435252791,8.978049382330001
 09/21  19:00:00,165.445232493,8.98028231969
 09/21  20:00:00,160.975263988,8.97575206422
 09/21  21:00:00,55.918298109,8.975694075689999
 09/21  22:00:00,55.7440615531,6.09399683969
 09/21  23:00:00,56.455042088199995,6.09206496128
 09/21  24:00:00,55.7239635672,6.089400116779999
 09/22  01:00:00,55.7038636566,3.22568
 09/22  02:00:00,55.6863465993,6.08950922914
 09/22  03:00:00,55.6721538384,3.22568
 09/22  04:00:00,56.7984718637,6.08941481777
 09/22  05:00:00,56.613833246400006,3.22568
 09/22  06:00:00,66.0110538548,37.8292561948
 09/22  07:00:00,121.26983843100001,30.169176727800004
 09/22  08:00:00,171.517542339,44.209934735299996
 09/22  09:00:00,179.821937148,44.138890626599995
 09/22  10:00:00,194.04154968900002,46.6462334104
 09/22  11:00:00,210.110928309,52.4433869588
 09/22  12:00:00,220.663634251,49.5626959976
 09/22  13:00:00,219.998826602,39.3946554164
 09/22  14:00:00,228.74751169799998,30.566430700999998
 09/22  15:00:00,232.209744315,17.769364112
 09/22  16:00:00,214.826900756,6.11613251279
 09/22  17:00:00,157.201497651,6.092750666740001
 09/22  18:00:00,149.11717339700002,8.9714770102
 09/22  19:00:00,148.068198269,9.01256354603
 09/22  20:00:00,143.113774341,9.02628449168
 09/22  21:00:00,55.6377940062,8.97601719653
 09/22  22:00:00,55.6740748262,6.0938909713300005
 09/22  23:00:00,56.3956442475,6.092159994839999
 09/22  24:00:00,55.6925465283,6.0893580065499995
 09/23  01:00:00,55.69040972689999,3.22568
 09/23  02:00:00,55.675940276000006,6.088055868790001
 09/23  03:00:00,55.6653541402,3.22568
 09/23  04:00:00,55.8887787519,3.22568
 09/23  05:00:00,55.862230197399995,6.08817501769
 09/23  06:00:00,55.8587893315,3.22568
 09/23  07:00:00,47.2174988061,3.22568
 09/23  08:00:00,47.2299243011,6.08815954341
 09/23  09:00:00,47.2435652281,3.22568
 09/23  10:00:00,47.2370540996,6.0894233149
 09/23  11:00:00,47.9110208423,3.22568
 09/23  12:00:00,47.241978693,6.0895348336
 09/23  13:00:00,47.290004213900005,3.22568
 09/23  14:00:00,47.2952303368,3.22568
 09/23  15:00:00,47.2915264306,6.08809700527
 09/23  16:00:00,47.1923529134,3.22568
 09/23  17:00:00,47.1805133321,6.08808182418
 09/23  18:00:00,47.176419517,3.22568
 09/23  19:00:00,55.9899843419,3.22568
 09/23  20:00:00,55.9723598745,6.08806667796
 09/23  21:00:00,55.838084600200006,3.22568
 09/23  22:00:00,55.6630467424,3.22568
 09/23  23:00:00,56.3535786354,6.08818632768
 09/23  24:00:00,55.6617358205,3.22568
 09/24  01:00:00,55.6564864383,3.22568
 09/24  02:00:00,55.654614566599996,6.08817431185
 09/24  03:00:00,55.6529412096,3.22568
 09/24  04:00:00,55.8916432682,3.22568
 09/24  05:00:00,55.8748811948,6.088162648990001
 09/24  06:00:00,55.876351853100005,3.22568
 09/24  07:00:00,47.2270921071,3.22568
 09/24  08:00:00,47.2323430442,6.0893705144300005
 09/24  09:00:00,47.2600086915,3.22568
 09/24  10:00:00,47.2724849458,6.08948694965
 09/24  11:00:00,47.958068850500005,6.08940112135
 09/24  12:00:00,47.291191080699996,3.22568
 09/24  13:00:00,47.3333647229,6.08951744795
 09/24  14:00:00,47.34170339,3.22568
 09/24  15:00:00,47.3327036529,3.22568
 09/24  16:00:00,47.231503008599994,6.08808213299
 09/24  17:00:00,47.223181060900004,3.22568
 09/24  18:00:00,47.213309138599996,3.22568
 09/24  19:00:00,56.0241230851,6.088071089419999
 09/24  20:00:00,56.0016065874,3.22568
 09/24  21:00:00,55.864271967,3.22568
 09/24  22:00:00,55.685540974700004,6.088060049939999
 09/24  23:00:00,56.3628993071,3.22568
 09/24  24:00:00,55.661704523999994,3.22568
 09/25  01:00:00,55.6472388407,6.089406382359999
 09/25  02:00:00,55.6366569172,3.22568
 09/25  03:00:00,55.630355023599996,6.089527868689999
 09/25  04:00:00,55.85917282,6.089446583380001
 09/25  05:00:00,55.8343898843,3.22568
 09/25  06:00:00,66.8316567881,51.1541950025
 09/25  07:00:00,122.107490915,35.9999454851
 09/25  08:00:00,171.153020602,46.6841568651
 09/25  09:00:00,184.435051695,41.9970011635
 09/25  10:00:00,205.67224159,46.5926956496
 09/25  11:00:00,224.542612759,52.4406134946
 09/25  12:00:00,235.32216787099998,50.3004395324
 09/25  13:00:00,243.771862121,38.668294816599996
 09/25  14:00:00,243.90749618099997,30.5717634235
 09/25  15:00:00,244.105758235,20.6768656111
 09/25  16:00:00,232.790959052,6.10627512436
 09/25  17:00:00,174.51946387799998,6.0928863282300005
 09/25  18:00:00,165.740188365,6.098121054
 09/25  19:00:00,166.957509988,11.856239925799999
 09/25  20:00:00,162.081113604,8.97566848797
 09/25  21:00:00,55.9522724582,8.97567867108
 09/25  22:00:00,55.7907334421,6.09406772485
 09/25  23:00:00,56.4607339811,6.09227253508
 09/25  24:00:00,55.727831348900004,3.22568
 09/26  01:00:00,55.70889760359999,6.08940483505
 09/26  02:00:00,55.6997800906,3.22568
 09/26  03:00:00,55.69528895569999,6.0895312400199995
 09/26  04:00:00,56.8766164725,3.22568
 09/26  05:00:00,56.6946928018,6.0894544785899996
 09/26  06:00:00,73.669756317,21.673873337399996
 09/26  07:00:00,130.092397752,17.7935546352
 09/26  08:00:00,178.123442892,40.498575744
 09/26  09:00:00,182.01328299099998,49.0217311768
 09/26  10:00:00,189.02674751799998,52.2779393346
 09/26  11:00:00,196.918728194,49.5443157535
 09/26  12:00:00,204.486402859,52.474275361800004
 09/26  13:00:00,211.574662772,38.2090953883
 09/26  14:00:00,214.640652553,31.749129599499998
 09/26  15:00:00,212.32568998,20.6644546455
 09/26  16:00:00,204.036039126,6.10618940396
 09/26  17:00:00,149.128597905,3.22568
 09/26  18:00:00,143.322169597,8.972125600870001
 09/26  19:00:00,146.867049809,9.108826388919999
 09/26  20:00:00,143.621089395,11.4131498143
 09/26  21:00:00,55.6699085054,8.976650403189998
 09/26  22:00:00,55.7036839449,8.962854037060001
 09/26  23:00:00,56.4199088605,6.091974136849999
 09/26  24:00:00,55.707563857299995,3.22568
 09/27  01:00:00,55.692853697299995,6.089512384780001
 09/27  02:00:00,55.6847889029,3.22568
 09/27  03:00:00,55.6817608081,6.08944037546
 09/27  04:00:00,55.91801414,3.22568
 09/27  05:00:00,55.891984236199995,6.08957169633
 09/27  06:00:00,71.4546228869,27.302297803200002
 09/27  07:00:00,129.244240471,21.1451434627
 09/27  08:00:00,176.068290557,42.2678888774
 09/27  09:00:00,180.251830701,48.8195240087
 09/27  10:00:00,193.249703668,49.5387488866
 09/27  11:00:00,199.34357961900002,49.54988694520001
 09/27  12:00:00,207.055586209,52.480385401899994
 09/27  13:00:00,213.88369015400002,36.4979845107
 09/27  14:00:00,214.923745293,33.4605622294
 09/27  15:00:00,209.16901411599997,20.6663316677
 09/27  16:00:00,193.229714564,3.8306676741100003
 09/27  17:00:00,133.271948718,9.48789872507
 09/27  18:00:00,125.70958521799999,20.9958542589
 09/27  19:00:00,132.437460204,24.1155851402
 09/27  20:00:00,131.579990674,26.099600988400002
 09/27  21:00:00,55.748742837799995,11.8505184583
 09/27  22:00:00,55.6122750487,6.09425910255
 09/27  23:00:00,56.3274866386,6.092025984380001
 09/27  24:00:00,55.6288221763,3.22568
 09/28  01:00:00,55.6364091061,6.08956285033
 09/28  02:00:00,55.6319762295,3.22568
 09/28  03:00:00,55.62012005689999,6.089495550290001
 09/28  04:00:00,55.8315794336,3.22568
 09/28  05:00:00,55.8099573893,6.08942820885
 09/28  06:00:00,63.760961701999996,56.0601475958
 09/28  07:00:00,121.415964352,41.120840526900004
 09/28  08:00:00,165.395027621,58.2011570365
 09/28  09:00:00,166.001547125,67.6773653629
 09/28  10:00:00,171.233068356,68.2468900082
 09/28  11:00:00,174.29660463099998,50.626440643900004
 09/28  12:00:00,177.460626502,52.4764941485
 09/28  13:00:00,177.03382562099998,47.1641844149
 09/28  14:00:00,178.398905075,37.053441072
 09/28  15:00:00,169.465561863,39.663939401
 09/28  16:00:00,163.446197166,46.740747579499995
 09/28  17:00:00,119.901680557,53.4722566314
 09/28  18:00:00,121.32909336899999,48.6922605499
 09/28  19:00:00,128.69705339,51.5493513738
 09/28  20:00:00,128.68540444,44.4638653787
 09/28  21:00:00,55.679372593900005,8.97602324747
 09/28  22:00:00,55.556200592799996,6.0942143374399995
 09/28  23:00:00,56.289411946,6.09208158955
 09/28  24:00:00,55.5839451316,3.22568
 09/29  01:00:00,55.587979755,6.08954672553
 09/29  02:00:00,55.5794436377,3.22568
 09/29  03:00:00,55.5698676483,6.08948430576
 09/29  04:00:00,56.6277893024,3.22568
 09/29  05:00:00,56.46506122939999,6.0894218229699995
 09/29  06:00:00,64.1112019693,110.80698384200001
 09/29  07:00:00,121.40364968200001,86.298505833
 09/29  08:00:00,165.276234756,91.4861100401
 09/29  09:00:00,165.412144644,90.9061676373
 09/29  10:00:00,169.85123984,80.81459229149999
 09/29  11:00:00,170.93643323,61.408718020600006
 09/29  12:00:00,173.236061715,54.272556863
 09/29  13:00:00,168.826559438,53.6341211053
 09/29  14:00:00,171.402853903,44.931556550399996
 09/29  15:00:00,170.255694667,37.785438704
 09/29  16:00:00,165.833424103,24.7533624633
 09/29  17:00:00,122.84130568799999,23.023095143000003
 09/29  18:00:00,122.586150336,28.9634126415
 09/29  19:00:00,128.451927761,36.2174365596
 09/29  20:00:00,128.452899074,44.080125217299994
 09/29  21:00:00,55.503532459700004,8.976004622989999
 09/29  22:00:00,55.544131418999996,6.094093239269999
 09/29  23:00:00,56.2702058007,6.092164458099999
 09/29  24:00:00,55.55536651640001,6.089486409480001
 09/30  01:00:00,55.5513869131,3.22568
 09/30  02:00:00,55.5433619942,3.22568
 09/30  03:00:00,55.5355329363,6.0881967906400005
 09/30  04:00:00,55.739467939099995,3.22568
 09/30  05:00:00,55.7187907013,3.22568
 09/30  06:00:00,55.7294522642,6.08821132134
 09/30  07:00:00,48.5247035253,3.22568
 09/30  08:00:00,47.1186002589,3.22568
 09/30  09:00:00,47.1682952231,6.08953285051
 09/30  10:00:00,47.192060050500004,3.22568
 09/30  11:00:00,47.886400000200005,6.0894751853799995
 09/30  12:00:00,47.2159464732,6.089417534330001
 09/30  13:00:00,47.2687187915,3.22568
 09/30  14:00:00,47.280861177700004,3.22568
 09/30  15:00:00,47.2700229474,6.08812421622
 09/30  16:00:00,47.1756534792,3.22568
 09/30  17:00:00,47.1762183153,3.22568
 09/30  18:00:00,48.6040259845,6.0881392851400005
 09/30  19:00:00,55.9874427504,3.22568
 09/30  20:00:00,55.9617801575,3.22568
 09/30  21:00:00,55.811735710600004,6.08815432347
 09/30  22:00:00,55.6352468604,3.22568
 09/30  23:00:00,56.322711400100005,3.22568
 09/30  24:00:00,55.6339864621,6.08816933748
 10/01  01:00:00,55.63332924270001,3.22568
 10/01  02:00:00,55.6316320829,3.22568
 10/01  03:00:00,55.6294415494,6.088188650669999
 10/01  04:00:00,55.865242423299996,3.22568
 10/01  05:00:00,55.842098443000005,6.08820772352
 10/01  06:00:00,55.8450686556,3.22568
 10/01  07:00:00,48.629121152299994,3.22568
 10/01  08:00:00,47.206157904099996,6.08946906316
 10/01  09:00:00,47.2236688809,3.22568
 10/01  10:00:00,47.225032761899996,6.08941644831
 10/01  11:00:00,47.9006611553,3.22568
 10/01  12:00:00,47.2016262242,6.08956904368
 10/01  13:00:00,47.2392753594,3.22568
 10/01  14:00:00,47.245758171599995,6.088137049369999
 10/01  15:00:00,47.22652863020001,3.22568
 10/01  16:00:00,47.135710735100005,6.08815677153
 10/01  17:00:00,47.1339460711,3.22568
 10/01  18:00:00,48.5528582025,3.22568
 10/01  19:00:00,55.9041062328,6.08817644446
 10/01  20:00:00,55.8654876367,3.22568
 10/01  21:00:00,55.74194240600001,3.22568
 10/01  22:00:00,55.5858288143,6.0881960801499995
 10/01  23:00:00,56.2749991541,3.22568
 10/01  24:00:00,55.5775869353,3.22568
 10/02  01:00:00,55.5673443165,6.08952992664
 10/02  02:00:00,55.557166691800006,3.22568
 10/02  03:00:00,55.533956700299996,6.089482595
 10/02  04:00:00,55.7309287508,6.08943515657
 10/02  05:00:00,55.7047218192,3.22568
 10/02  06:00:00,63.8785475958,233.73411135599997
 10/02  07:00:00,121.452520409,150.557728626
 10/02  08:00:00,165.26881783299999,112.57029022799999
 10/02  09:00:00,165.287327062,93.49845105809999
 10/02  10:00:00,169.313106301,89.9633078632
 10/02  11:00:00,170.447561823,61.0479271205
 10/02  12:00:00,172.980234372,55.4445460895
 10/02  13:00:00,173.104776507,47.5815756469
 10/02  14:00:00,175.651796265,42.7781305054
 10/02  15:00:00,176.894779032,30.6067214781
 10/02  16:00:00,171.790882901,13.904998194400001
 10/02  17:00:00,124.660036696,20.804354298099998
 10/02  18:00:00,123.591619903,27.935450384499998
 10/02  19:00:00,128.814394486,36.8680066993
 10/02  20:00:00,128.67357364,53.2934342917
 10/02  21:00:00,55.6432322017,8.97604908772
 10/02  22:00:00,55.5185214738,6.09419169137
 10/02  23:00:00,56.2548966221,6.09205901927
 10/02  24:00:00,55.5262816382,3.22568
 10/03  01:00:00,55.5121479138,6.08951814237
 10/03  02:00:00,55.4999365102,3.22568
 10/03  03:00:00,55.487997782600004,6.0894759449
 10/03  04:00:00,56.5407395225,3.22568
 10/03  05:00:00,56.3670360255,6.089433656950001
 10/03  06:00:00,64.4274798117,328.080289672
 10/03  07:00:00,121.586225903,217.44549341099997
 10/03  08:00:00,165.322779604,151.73752001
 10/03  09:00:00,165.287172159,105.806609671
 10/03  10:00:00,169.648768075,77.7416314473
 10/03  11:00:00,176.80151985,53.5507056648
 10/03  12:00:00,183.47400744200002,52.481531841999995
 10/03  13:00:00,185.85121746299998,36.5859652971
 10/03  14:00:00,191.11830989799998,33.4605292096
 10/03  15:00:00,190.51732253400002,17.760729027
 10/03  16:00:00,182.197886378,6.258621730930001
 10/03  17:00:00,132.536369051,8.48983929683
 10/03  18:00:00,133.87502239100002,11.5357880922
 10/03  19:00:00,140.153696443,14.3098677247
 10/03  20:00:00,139.262195256,17.4456578601
 10/03  21:00:00,55.6141461546,8.97598838788
 10/03  22:00:00,55.6474104976,6.09415238705
 10/03  23:00:00,56.3782224296,6.09236331225
 10/03  24:00:00,55.670649125299995,3.22568
 10/04  01:00:00,55.662630227600005,6.08947723306
 10/04  02:00:00,55.626083191999996,3.22568
 10/04  03:00:00,55.5963003671,6.08944032406
 10/04  04:00:00,55.8167016861,3.22568
 10/04  05:00:00,55.802606936800004,6.089609951619999
 10/04  06:00:00,63.7745985562,56.401493386599995
 10/04  07:00:00,121.424141631,42.413643908699996
 10/04  08:00:00,165.303190112,59.6319748405
 10/04  09:00:00,167.284925167,63.9330342099
 10/04  10:00:00,175.86473531400003,62.027377226700004
 10/04  11:00:00,183.330553026,52.4445133334
 10/04  12:00:00,178.424551717,52.6269403951
 10/04  13:00:00,169.231808595,52.1739017058
 10/04  14:00:00,172.10573186599999,47.2242637767
 10/04  15:00:00,177.59204793799998,31.4876410097
 10/04  16:00:00,173.30407355900002,16.281904771
 10/04  17:00:00,124.240368965,21.8831761325
 10/04  18:00:00,123.661320303,27.2116331331
 10/04  19:00:00,130.075747028,32.6461994573
 10/04  20:00:00,129.618251133,30.934311076900002
 10/04  21:00:00,55.6944508438,8.976656824199999
 10/04  22:00:00,55.57193037020001,6.09447489349
 10/04  23:00:00,56.304620986,6.0923409708800005
 10/04  24:00:00,55.593341395299994,3.22568
 10/05  01:00:00,55.595269090100004,6.0895891431699996
 10/05  02:00:00,55.592813229099995,3.22568
 10/05  03:00:00,55.575956705,6.089557496259999
 10/05  04:00:00,55.7725049994,3.22568
 10/05  05:00:00,55.7394967858,6.08952573535
 10/05  06:00:00,63.8034057117,140.946577779
 10/05  07:00:00,122.855031296,110.309608861
 10/05  08:00:00,165.274459802,99.8178353388
 10/05  09:00:00,166.013513293,70.7666730426
 10/05  10:00:00,177.378552383,61.2485515175
 10/05  11:00:00,184.120482285,49.537584403400004
 10/05  12:00:00,186.906142287,52.485445211400005
 10/05  13:00:00,185.73965193400002,39.4485755035
 10/05  14:00:00,189.849130464,30.5631322389
 10/05  15:00:00,191.520506158,20.6689556753
 10/05  16:00:00,184.506430639,6.10783331859
 10/05  17:00:00,135.271748784,6.093083736970001
 10/05  18:00:00,136.189642301,9.44688892911
 10/05  19:00:00,139.942213606,12.987822378099999
 10/05  20:00:00,138.429386011,16.3868472103
 10/05  21:00:00,55.783410095,8.97655742259
 10/05  22:00:00,55.6052707329,6.09431176666
 10/05  23:00:00,56.3196012878,6.0923858938999995
 10/05  24:00:00,55.609342875799996,6.08948923038
 10/06  01:00:00,55.5963566299,3.22568
 10/06  02:00:00,55.5870009009,6.0894651357
 10/06  03:00:00,55.5817427096,3.22568
 10/06  04:00:00,56.6503536128,6.08964653061
 10/06  05:00:00,56.47383294270001,3.22568
 10/06  06:00:00,64.1109447132,103.744478372
 10/06  07:00:00,122.829943749,81.989105465
 10/06  08:00:00,165.27454791899999,80.9048617353
 10/06  09:00:00,165.422636123,71.0695382242
 10/06  10:00:00,169.73005394700002,79.7455959641
 10/06  11:00:00,170.816037077,61.210340965
 10/06  12:00:00,170.287342403,67.4507800411
 10/06  13:00:00,166.446601026,67.2368539709
 10/06  14:00:00,166.559928173,62.002214991
 10/06  15:00:00,164.621690243,55.5776902936
 10/06  16:00:00,163.207007869,36.0486361511
 10/06  17:00:00,119.901104621,36.3431896381
 10/06  18:00:00,122.75671729700001,44.6713345889
 10/06  19:00:00,128.471812761,54.620014713100005
 10/06  20:00:00,128.470986749,54.6366657267
 10/06  21:00:00,55.5033622416,8.97726711958
 10/06  22:00:00,55.532554905,8.963340923919999
 10/06  23:00:00,56.2583482179,6.09224062315
 10/06  24:00:00,55.5469694742,3.22568
 10/07  01:00:00,55.5394228092,3.22568
 10/07  02:00:00,55.5285019786,6.08815423915
 10/07  03:00:00,55.5215308675,3.22568
 10/07  04:00:00,55.728932444099996,6.08820258107
 10/07  05:00:00,55.7093575255,3.22568
 10/07  06:00:00,55.7170100515,3.22568
 10/07  07:00:00,49.930717262399995,6.08825116789
 10/07  08:00:00,47.0702840617,3.22568
 10/07  09:00:00,47.089825727299996,6.08949538289
 10/07  10:00:00,47.08753772,3.22568
 10/07  11:00:00,47.780872268500005,6.08947443722
 10/07  12:00:00,47.0851555808,3.22568
 10/07  13:00:00,47.126176901,3.22568
 10/07  14:00:00,47.1587288267,6.088258023659999
 10/07  15:00:00,47.151648618900005,3.22568
 10/07  16:00:00,47.0377598843,6.08816832584
 10/07  17:00:00,47.0329428968,3.22568
 10/07  18:00:00,49.882502538800004,3.22568
 10/07  19:00:00,55.7967420809,6.08821733347
 10/07  20:00:00,55.77138970399999,3.22568
 10/07  21:00:00,55.645458615500004,3.22568
 10/07  22:00:00,55.484110156499995,6.08812766842
 10/07  23:00:00,56.18552399399999,3.22568
 10/07  24:00:00,55.4637495058,3.22568
 10/08  01:00:00,55.459829038100004,6.088178579580001
 10/08  02:00:00,55.4527511474,3.22568
 10/08  03:00:00,55.446754836000004,6.0882318601600005
 10/08  04:00:00,55.6581249564,3.22568
 10/08  05:00:00,55.6388473949,3.22568
 10/08  06:00:00,55.648874551999995,6.08814657806
 10/08  07:00:00,49.8711381886,3.22568
 10/08  08:00:00,47.018131037799996,6.089538693180001
 10/08  09:00:00,47.04201558850001,3.22568
 10/08  10:00:00,47.0448725384,6.08952327816
 10/08  11:00:00,47.732536600100005,3.22568
 10/08  12:00:00,47.019402965299996,6.089507854680001
 10/08  13:00:00,47.0558405436,3.22568
 10/08  14:00:00,47.0726452323,6.08822395222
 10/08  15:00:00,47.0598992213,3.22568
 10/08  16:00:00,46.9643473192,3.22568
 10/08  17:00:00,46.953571715100004,6.088139121319999
 10/08  18:00:00,49.8006703733,3.22568
 10/08  19:00:00,55.72957611,3.22568
 10/08  20:00:00,55.7136342549,6.08819334878
 10/08  21:00:00,55.593306151099995,3.22568
 10/08  22:00:00,55.4339922391,3.22568
 10/08  23:00:00,56.1527698282,6.08824749383
 10/08  24:00:00,55.4283320316,3.22568
 10/09  01:00:00,55.4255670513,6.08816548574
 10/09  02:00:00,55.4162191427,3.22568
 10/09  03:00:00,55.4085377402,3.22568
 10/09  04:00:00,55.616714763000004,6.08822411646
 10/09  05:00:00,55.601540166099994,3.22568
 10/09  06:00:00,55.613015043900006,3.22568
 10/09  07:00:00,49.830899431499994,6.0881437952
 10/09  08:00:00,46.997482093,3.22568
 10/09  09:00:00,47.05244112729999,6.0896151754
 10/09  10:00:00,47.0843031968,3.22568
 10/09  11:00:00,47.777950250399996,6.08960531701
 10/09  12:00:00,47.0928328935,3.22568
 10/09  13:00:00,47.1428923641,6.08959544515
 10/09  14:00:00,47.163336603599994,3.22568
 10/09  15:00:00,47.1613935943,6.08824280401
 10/09  16:00:00,47.0764814049,3.22568
 10/09  17:00:00,47.0768731909,3.22568
 10/09  18:00:00,49.9156995711,6.08816284372
 10/09  19:00:00,55.8455600649,3.22568
 10/09  20:00:00,55.8082665401,6.088222234419999
 10/09  21:00:00,55.671441271499994,3.22568
 10/09  22:00:00,55.5077636287,3.22568
 10/09  23:00:00,56.2166140614,6.08814231239
 10/09  24:00:00,55.5374841349,3.22568
 10/10  01:00:00,55.5398689522,6.08955061574
 10/10  02:00:00,55.5338072884,3.22568
 10/10  03:00:00,55.524931942799995,6.08954673814
 10/10  04:00:00,56.5833383362,3.22568
 10/10  05:00:00,56.4070512312,6.089542739290001
 10/10  06:00:00,64.2020958109,181.88588100099997
 10/10  07:00:00,122.856778204,105.67767489399999
 10/10  08:00:00,165.259660426,79.5864796674
 10/10  09:00:00,167.786097373,64.7829427903
 10/10  10:00:00,177.852641212,61.3832686447
 10/10  11:00:00,184.23617566299998,49.5420070125
 10/10  12:00:00,188.834682544,52.4895065805
 10/10  13:00:00,189.75480765900002,40.0289969085
 10/10  14:00:00,193.16159859400003,31.1295156225
 10/10  15:00:00,193.31814725700002,23.137602225300004
 10/10  16:00:00,183.28782595599998,9.113278897799999
 10/10  17:00:00,132.577815987,11.2757088042
 10/10  18:00:00,133.12121813299999,18.844780952
 10/10  19:00:00,133.96156920299998,24.1203575952
 10/10  20:00:00,131.773299318,27.4293603233
 10/10  21:00:00,55.5495830796,11.8524017491
 10/10  22:00:00,55.5745176462,6.09427127621
 10/10  23:00:00,56.2865493683,6.09248812272
 10/10  24:00:00,55.57486665890001,3.22568
 10/11  01:00:00,55.5638364978,6.089583651980001
 10/11  02:00:00,55.5539604952,3.22568
 10/11  03:00:00,55.548467807799994,6.089585566880001
 10/11  04:00:00,55.7541973361,3.22568
 10/11  05:00:00,55.7332083054,6.08958732913
 10/11  06:00:00,63.7974873459,153.670569971
 10/11  07:00:00,122.84133400299999,104.640957363
 10/11  08:00:00,165.270644054,77.2180118839
 10/11  09:00:00,169.405155093,55.292580357
 10/11  10:00:00,180.94023749099998,56.889108638
 10/11  11:00:00,192.176305245,49.5574580604
 10/11  12:00:00,205.113589863,55.4095972649
 10/11  13:00:00,207.359224199,36.499140604000004
 10/11  14:00:00,210.314267211,33.4793885843
 10/11  15:00:00,212.68600122900003,20.6855745078
 10/11  16:00:00,202.104477641,6.11168605034
 10/11  17:00:00,148.032866654,6.0930240186199995
 10/11  18:00:00,145.28156216899998,6.154353326900001
 10/11  19:00:00,142.499599116,12.313130378099999
 10/11  20:00:00,138.274459322,13.7015499667
 10/11  21:00:00,55.778194333500004,8.97695174997
 10/11  22:00:00,55.6456856996,6.094235597259999
 10/11  23:00:00,56.3871809394,6.092312992919999
 10/11  24:00:00,55.6760639412,6.089611970319999
 10/12  01:00:00,55.6626909952,3.22568
 10/12  02:00:00,55.6494594451,6.089622470449999
 10/12  03:00:00,55.6444116102,3.22568
 10/12  04:00:00,55.862010175600005,6.08963009301
 10/12  05:00:00,55.8339122356,3.22568
 10/12  06:00:00,67.30776109930001,49.118683437200005
 10/12  07:00:00,127.10723831899999,31.6994007481
 10/12  08:00:00,171.60915098,45.68748701609999
 10/12  09:00:00,175.862983699,52.550096514799996
 10/12  10:00:00,185.398714703,52.1831740348
 10/12  11:00:00,190.322404612,52.457033744700006
 10/12  12:00:00,189.98458173900002,52.492997783999996
 10/12  13:00:00,186.28181394799998,39.4593484599
 10/12  14:00:00,194.106988325,30.568626604899997
 10/12  15:00:00,196.60364265200002,20.6774340397
 10/12  16:00:00,186.76898079900002,6.11885400907
 10/12  17:00:00,134.987620029,7.8322228559000004
 10/12  18:00:00,136.707962081,13.889177086099998
 10/12  19:00:00,139.910076428,16.328681637
 10/12  20:00:00,139.47198830600001,17.619343263399998
 10/12  21:00:00,55.7956182072,8.97784825283
 10/12  22:00:00,55.641605758800004,8.96355359296
 10/12  23:00:00,56.3570622351,6.09236298849
 10/12  24:00:00,55.6297731851,3.22568
 10/13  01:00:00,55.6000472442,6.089664751310001
 10/13  02:00:00,55.5878977542,3.22568
 10/13  03:00:00,55.5830478157,6.0896783028699994
 10/13  04:00:00,56.6627637867,3.22568
 10/13  05:00:00,56.4835480447,6.08969169865
 10/13  06:00:00,64.1172534252,107.73326916799999
 10/13  07:00:00,122.83915860799999,86.3302644891
 10/13  08:00:00,165.280317286,101.696374784
 10/13  09:00:00,165.36283029,98.0476849611
 10/13  10:00:00,169.697331265,104.499084555
 10/13  11:00:00,170.78381221,82.3111868168
 10/13  12:00:00,170.443620936,76.0538109183
 10/13  13:00:00,166.764221188,61.978894276000005
 10/13  14:00:00,166.93684177,60.4512997064
 10/13  15:00:00,165.079463882,49.1631581283
 10/13  16:00:00,163.376931902,38.0159148923
 10/13  17:00:00,119.87751167399999,48.819232129
 10/13  18:00:00,124.16645536600001,62.286743878
 10/13  19:00:00,128.459835019,74.517603538
 10/13  20:00:00,128.468056714,86.18292429450001
 10/13  21:00:00,55.4686944464,8.977236713139998
 10/13  22:00:00,55.510216659799994,6.09450982401
 10/13  23:00:00,56.2495983333,6.09234234318
 10/13  24:00:00,55.5294656485,6.08970869891
 10/14  01:00:00,55.521960947,3.22568
 10/14  02:00:00,55.513579783699996,6.08822502371
 10/14  03:00:00,55.5088130979,3.22568
 10/14  04:00:00,55.715775072700005,3.22568
 10/14  05:00:00,55.6957076468,6.08816986922
 10/14  06:00:00,55.7096668658,3.22568
 10/14  07:00:00,51.3572787075,3.22568
 10/14  08:00:00,47.061085579300006,6.088255940040001
 10/14  09:00:00,47.0698204542,3.22568
 10/14  10:00:00,47.0611197164,6.089566163
 10/14  11:00:00,47.7473687263,3.22568
 10/14  12:00:00,47.033583051099995,6.08958552829
 10/14  13:00:00,47.0700782574,3.22568
 10/14  14:00:00,47.0792738766,6.08824024403
 10/14  15:00:00,47.0650258996,3.22568
 10/14  16:00:00,46.9632788621,3.22568
 10/14  17:00:00,46.959518701899995,6.088185688659999
 10/14  18:00:00,51.2449731703,3.22568
 10/14  19:00:00,55.7404588431,6.088272096490001
 10/14  20:00:00,55.7181392133,3.22568
 10/14  21:00:00,55.597578009799996,3.22568
 10/14  22:00:00,55.439905645399996,6.0882175741
 10/14  23:00:00,56.1532974255,3.22568
 10/14  24:00:00,55.4279761031,3.22568
 10/15  01:00:00,55.4300261463,6.08830640403
 10/15  02:00:00,55.4205364241,3.22568
 10/15  03:00:00,55.412979064700004,3.22568
 10/15  04:00:00,55.627882512700005,6.0882562888
 10/15  05:00:00,55.6142472804,3.22568
 10/15  06:00:00,55.6270784599,6.08820655324
 10/15  07:00:00,51.279235831,3.22568
 10/15  08:00:00,46.9982946725,3.22568
 10/15  09:00:00,47.0264528343,6.08973822865
 10/15  10:00:00,47.0410059416,6.089551040469999
 10/15  11:00:00,47.7399707646,3.22568
 10/15  12:00:00,47.044043244300006,6.08957643839
 10/15  13:00:00,47.0905546038,3.22568
 10/15  14:00:00,47.1024563295,6.08830486995
 10/15  15:00:00,47.0922170653,3.22568
 10/15  16:00:00,46.9931436459,3.22568
 10/15  17:00:00,46.989067131300004,6.088255584730001
 10/15  18:00:00,52.6980370846,3.22568
 10/15  19:00:00,55.753266395699995,3.22568
 10/15  20:00:00,55.725378676800005,6.08820632898
 10/15  21:00:00,55.6009751137,3.22568
 10/15  22:00:00,55.4370134421,6.08829832094
 10/15  23:00:00,56.1528285487,3.22568
 10/15  24:00:00,55.421042004600004,3.22568
 10/16  01:00:00,55.4142192038,6.0896917341900005
 10/16  02:00:00,55.408468963400004,3.22568
 10/16  03:00:00,55.395408588100004,6.08972342079
 10/16  04:00:00,55.6020655476,3.22568
 10/16  05:00:00,55.587434438900004,6.0897548944
 10/16  06:00:00,64.9188849215,546.205923685
 10/16  07:00:00,124.96425682700001,333.489208209
 10/16  08:00:00,165.70418960700002,239.50911021099998
 10/16  09:00:00,165.481316437,180.703211634
 10/16  10:00:00,169.34768648,150.530163638
 10/16  11:00:00,170.03658859200002,124.744566356
 10/16  12:00:00,169.401944384,132.025192447
 10/16  13:00:00,165.637496406,141.77955283
 10/16  14:00:00,165.603125005,128.022015857
 10/16  15:00:00,163.740057428,120.298528939
 10/16  16:00:00,163.177336704,95.3315200642
 10/16  17:00:00,119.915836613,109.791901275
 10/16  18:00:00,125.705937608,146.604814848
 10/16  19:00:00,128.961601495,199.82450069400002
 10/16  20:00:00,129.185247005,217.452518153
 10/16  21:00:00,55.49218968939999,8.97749390453
 10/16  22:00:00,55.3838444286,6.094447466869999
 10/16  23:00:00,56.1730671657,6.0925278126
 10/16  24:00:00,55.409385102799995,6.08960262333
 10/17  01:00:00,55.4092431412,3.22568
 10/17  02:00:00,55.402207730200004,6.0896428259599995
 10/17  03:00:00,55.3958151801,3.22568
 10/17  04:00:00,56.452420163199996,6.0896806013499996
 10/17  05:00:00,56.2782999074,3.22568
 10/17  06:00:00,65.8281197302,475.694524618
 10/17  07:00:00,125.49445389600001,386.315669338
 10/17  08:00:00,166.34787736,293.932206119
 10/17  09:00:00,165.900983822,213.971914853
 10/17  10:00:00,169.467654505,174.03984475200002
 10/17  11:00:00,170.43065899,143.196302923
 10/17  12:00:00,170.253108723,139.525637563
 10/17  13:00:00,166.591843386,126.23457602399999
 10/17  14:00:00,167.479718553,113.39594016
 10/17  15:00:00,166.214249728,93.4404266383
 10/17  16:00:00,164.086959543,70.15988494310001
 10/17  17:00:00,119.88560678,75.0647939912
 10/17  18:00:00,125.60290225600001,99.6693568483
 10/17  19:00:00,128.569640131,152.45664744
 10/17  20:00:00,128.722741797,188.61073443
 10/17  21:00:00,55.3650270271,8.97819606868
 10/17  22:00:00,55.4064572814,8.96381543616
 10/17  23:00:00,56.1935274113,6.09250796487
 10/17  24:00:00,55.4364826899,3.22568
 10/18  01:00:00,55.4385712884,6.08958360029
 10/18  02:00:00,55.4325458783,3.22568
 10/18  03:00:00,55.4267925683,6.08962773431
 10/18  04:00:00,55.635818646800004,3.22568
 10/18  05:00:00,55.6172700867,6.0896716584399995
 10/18  06:00:00,64.41620764460001,324.163668353
 10/18  07:00:00,124.5467249,243.93091108099998
 10/18  08:00:00,165.386270257,191.83859287
 10/18  09:00:00,165.336918862,158.213268874
 10/18  10:00:00,169.306143828,145.993098279
 10/18  11:00:00,169.998686728,113.54891222399999
 10/18  12:00:00,169.283400472,96.46087667399999
 10/18  13:00:00,165.38632700899998,83.83634632270001
 10/18  14:00:00,165.68023353,72.8315514732
 10/18  15:00:00,163.954763918,67.3841338363
 10/18  16:00:00,163.143369651,48.735725162
 10/18  17:00:00,119.862949328,55.525474929
 10/18  18:00:00,125.58084711299999,56.15532798939999
 10/18  19:00:00,128.664847866,65.1435428747
 10/18  20:00:00,128.663186024,67.4621898465
 10/18  21:00:00,55.6275885667,8.978254658660001
 10/18  22:00:00,55.5054484669,6.0945490146
 10/18  23:00:00,56.2482199068,6.0923806014699995
 10/18  24:00:00,55.5339370445,6.08973746234
 10/19  01:00:00,55.5368627313,3.22568
 10/19  02:00:00,55.5323373709,6.08978880194
 10/19  03:00:00,55.5300879656,6.08962422153
 10/19  04:00:00,55.737664577,3.22568
 10/19  05:00:00,55.7127492468,6.08967439222
 10/19  06:00:00,63.865151681899995,177.844113411
 10/19  07:00:00,124.30481590299999,132.307861647
 10/19  08:00:00,165.28348142299998,135.902771059
 10/19  09:00:00,165.307563329,145.808223559
 10/19  10:00:00,169.32249032299998,143.109712137
 10/19  11:00:00,170.04917619999998,116.60325457399999
 10/19  12:00:00,169.626839088,107.13272811899999
 10/19  13:00:00,166.021175734,100.71856383299999
 10/19  14:00:00,166.310001264,88.7157895073
 10/19  15:00:00,164.503300876,76.4342228551
 10/19  16:00:00,163.158042124,53.796893210200004
 10/19  17:00:00,119.86974601799999,67.5773354644
 10/19  18:00:00,125.60353463700001,82.0600991381
 10/19  19:00:00,128.700546113,103.321122762
 10/19  20:00:00,128.676938856,87.3185499212
 10/19  21:00:00,55.6210035046,8.97789314133
 10/19  22:00:00,55.5069933481,6.09482628941
 10/19  23:00:00,56.2488283088,6.092548482790001
 10/19  24:00:00,55.525404423000005,6.08975896515
 10/20  01:00:00,55.5181695526,3.22568
 10/20  02:00:00,55.513939477,6.08960190985
 10/20  03:00:00,55.5065599631,3.22568
 10/20  04:00:00,56.561467233100004,6.08965855541
 10/20  05:00:00,56.3866401082,6.089714999119999
 10/20  06:00:00,64.3195698766,247.976463179
 10/20  07:00:00,124.407272248,204.443142175
 10/20  08:00:00,165.346306589,168.604901269
 10/20  09:00:00,165.324255449,141.566214084
 10/20  10:00:00,169.34886816,133.291869386
 10/20  11:00:00,170.48862261,102.874384796
 10/20  12:00:00,170.262566485,77.1206142446
 10/20  13:00:00,166.996031733,68.85250977279999
 10/20  14:00:00,168.178707129,52.630180393100005
 10/20  15:00:00,165.969559312,50.213368028299996
 10/20  16:00:00,163.547467354,34.4218779384
 10/20  17:00:00,119.87795849,34.4398938508
 10/20  18:00:00,125.597241521,38.7928099237
 10/20  19:00:00,128.454957468,48.6821333672
 10/20  20:00:00,128.454210128,51.040666586499995
 10/20  21:00:00,55.48303398229999,8.97843293928
 10/20  22:00:00,55.5093515584,6.094611785160001
 10/20  23:00:00,56.24957212859999,6.09244310964
 10/20  24:00:00,55.5265512414,6.08979610315
 10/21  01:00:00,55.5162923402,3.22568
 10/21  02:00:00,55.5110617199,6.088320079650001
 10/21  03:00:00,55.5117220279,3.22568
 10/21  04:00:00,55.7206735009,3.22568
 10/21  05:00:00,55.7004300471,6.08830266721
 10/21  06:00:00,55.7112125884,3.22568
 10/21  07:00:00,51.3631795072,3.22568
 10/21  08:00:00,47.101512815,6.088285567330001
 10/21  09:00:00,47.167422681400005,3.22568
 10/21  10:00:00,47.2103610274,6.08981046792
 10/21  11:00:00,47.91463872439999,6.089657139909999
 10/21  12:00:00,47.24088534770001,3.22568
 10/21  13:00:00,47.292264305799996,3.22568
 10/21  14:00:00,47.3120858429,6.088251770169999
 10/21  15:00:00,47.304624616000005,3.22568
 10/21  16:00:00,47.21043559859999,6.08823505344
 10/21  17:00:00,47.1967008056,3.22568
 10/21  18:00:00,52.8911366776,3.22568
 10/21  19:00:00,55.964232012,6.08821837851
 10/21  20:00:00,55.923631065600006,3.22568
 10/21  21:00:00,55.805412822,3.22568
 10/21  22:00:00,55.6367628875,6.08834501646
 10/21  23:00:00,56.3177584137,3.22568
 10/21  24:00:00,55.6223746366,6.0883282766699995
 10/22  01:00:00,55.610656498400004,3.22568
 10/22  02:00:00,55.6093882835,3.22568
 10/22  03:00:00,55.61081079939999,6.08831791529
 10/22  04:00:00,55.8529021599,3.22568
 10/22  05:00:00,55.833891316300004,3.22568
 10/22  06:00:00,55.8306250516,6.08830622166
 10/22  07:00:00,52.8923683616,3.22568
 10/22  08:00:00,47.1939815194,6.089694525619999
 10/22  09:00:00,47.2491544629,3.22568
 10/22  10:00:00,47.284767442399996,6.08976363489
 10/22  11:00:00,47.970325153699996,3.22568
 10/22  12:00:00,47.295528488100004,6.089337640169999
 10/22  13:00:00,47.34381747850001,6.08968513069
 10/22  14:00:00,47.360031152299996,3.22568
 10/22  15:00:00,47.351359341300004,3.22568
 10/22  16:00:00,47.2504865916,6.0882769653799995
 10/22  17:00:00,47.242383422399996,3.22568
 10/22  18:00:00,54.3679216045,3.22568
 10/22  19:00:00,56.032310063900006,6.08826591116
 10/22  20:00:00,56.002245158,3.22568
 10/22  21:00:00,55.87072450270001,6.0882548553
 10/22  22:00:00,55.6881634266,3.22568
 10/22  23:00:00,56.3682524921,3.22568
 10/22  24:00:00,55.6806047638,6.08824380281
 10/23  01:00:00,55.66585378600001,3.22568
 10/23  02:00:00,55.6545410868,6.08979059554
 10/23  03:00:00,55.647711674300005,3.22568
 10/23  04:00:00,55.8528713492,6.089649186059999
 10/23  05:00:00,55.7949033466,3.22568
 10/23  06:00:00,63.75409416,68.5593094263
 10/23  07:00:00,125.69259245399999,54.4685894849
 10/23  08:00:00,165.282264805,79.7124326375
 10/23  09:00:00,165.333714432,104.07736905600001
 10/23  10:00:00,169.488753474,132.958596237
 10/23  11:00:00,170.407392063,143.513861658
 10/23  12:00:00,169.854498955,167.12849603700002
 10/23  13:00:00,166.030163899,181.85766673700002
 10/23  14:00:00,166.190879621,173.37733406700002
 10/23  15:00:00,164.239039445,166.701229721
 10/23  16:00:00,163.288978254,129.98307134200002
 10/23  17:00:00,120.02384704,139.70530268
 10/23  18:00:00,127.188131086,149.279323492
 10/23  19:00:00,128.857973708,157.79222198899998
 10/23  20:00:00,128.89827926700002,171.630538897
 10/23  21:00:00,55.5271435663,11.854569701099999
 10/23  22:00:00,55.4174247378,6.094883881830001
 10/23  23:00:00,56.1940284685,6.09274852871
 10/23  24:00:00,55.4477419776,3.22568
 10/24  01:00:00,55.449947828999996,6.08973229759
 10/24  02:00:00,55.438371816099995,3.22568
 10/24  03:00:00,55.42179614689999,6.089814713180001
 10/24  04:00:00,56.4704455691,6.08967915425
 10/24  05:00:00,56.2997363277,3.22568
 10/24  06:00:00,65.0514847736,374.465977372
 10/24  07:00:00,126.25767110299999,290.630311608
 10/24  08:00:00,165.69934060399999,242.830405207
 10/24  09:00:00,165.631910466,216.17889223
 10/24  10:00:00,169.561713345,206.799661647
 10/24  11:00:00,170.21420686,173.067543655
 10/24  12:00:00,169.442367053,158.828770745
 10/24  13:00:00,165.828282669,153.051647456
 10/24  14:00:00,166.013182817,132.394837617
 10/24  15:00:00,164.132239497,119.16510972399999
 10/24  16:00:00,163.179038487,86.8819784691
 10/24  17:00:00,119.90002912700001,96.8701896119
 10/24  18:00:00,127.08792842700001,124.069449639
 10/24  19:00:00,128.605725991,160.205052265
 10/24  20:00:00,128.60947027,154.349515484
 10/24  21:00:00,55.3896491257,11.855042963199999
 10/24  22:00:00,55.4257315045,6.094749848119999
 10/24  23:00:00,56.1993187179,6.092614984090001
 10/24  24:00:00,55.458251606800005,3.22568
 10/25  01:00:00,55.4627065259,6.08981437024
 10/25  02:00:00,55.4648042295,3.22568
 10/25  03:00:00,55.465816672299994,6.089684936599999
 10/25  04:00:00,55.676370110200004,6.089773752519999
 10/25  05:00:00,55.6621980943,3.22568
 10/25  06:00:00,64.0606082984,239.33226644200002
 10/25  07:00:00,125.785774869,189.345819291
 10/25  08:00:00,165.28750458,160.663812587
 10/25  09:00:00,165.27175915799998,131.524112945
 10/25  10:00:00,169.26690180000003,113.57134879899999
 10/25  11:00:00,170.274578145,80.0898491763
 10/25  12:00:00,170.820254434,60.7681944728
 10/25  13:00:00,170.092893716,54.5443585994
 10/25  14:00:00,175.423941157,41.2700175033
 10/25  15:00:00,180.04291044400003,24.6829065523
 10/25  16:00:00,174.73891821700002,8.83871571272
 10/25  17:00:00,129.560488596,9.70405621645
 10/25  18:00:00,136.763799299,12.691675563199999
 10/25  19:00:00,137.905619655,15.097947915699999
 10/25  20:00:00,135.425350673,24.6608184407
 10/25  21:00:00,55.7167264382,8.97836775299
 10/25  22:00:00,55.5739188546,6.094624387690001
 10/25  23:00:00,56.3089172617,6.092598988530001
 10/25  24:00:00,55.6045231538,3.22568
 10/26  01:00:00,55.613744058500004,6.08972280147
 10/26  02:00:00,55.6139072054,6.08981842694
 10/26  03:00:00,55.6151353297,3.22568
 10/26  04:00:00,55.85715422689999,6.08969481619
 10/26  05:00:00,55.8515674514,3.22568
 10/26  06:00:00,72.7330517102,47.466146654
 10/26  07:00:00,135.08413935,26.918517954699997
 10/26  08:00:00,175.38332378599998,42.923158719499995
 10/26  09:00:00,176.04040063099998,53.0065257924
 10/26  10:00:00,172.232970267,82.1364244052
 10/26  11:00:00,170.599658073,103.813371196
 10/26  12:00:00,170.08524553799998,108.12863119999999
 10/26  13:00:00,166.265527952,110.51378914200001
 10/26  14:00:00,166.362340529,105.18148565899999
 10/26  15:00:00,164.36075061100001,116.23294334399999
 10/26  16:00:00,163.215452429,96.2222466717
 10/26  17:00:00,119.92498365899999,96.6997949749
 10/26  18:00:00,127.06350718,95.06827235950001
 10/26  19:00:00,128.704939606,95.3332274033
 10/26  20:00:00,128.69524512,99.39685409370001
 10/26  21:00:00,55.6080807834,8.97835725895
 10/26  22:00:00,55.4890888012,6.09497358886
 10/26  23:00:00,56.2317196809,6.09269275712
 10/26  24:00:00,55.507327268599994,6.08966712666
 10/27  01:00:00,55.5043525619,3.22568
 10/27  02:00:00,55.499858851099994,6.08977047158
 10/27  03:00:00,55.4957758065,3.22568
 10/27  04:00:00,56.5497671546,6.089872510369999
 10/27  05:00:00,56.378454947600005,6.0897547974199995
 10/27  06:00:00,64.3351684538,249.938572899
 10/27  07:00:00,125.84300185,207.270134372
 10/27  08:00:00,165.37009396,189.707029138
 10/27  09:00:00,165.367207455,164.94083067399998
 10/27  10:00:00,169.545691739,142.99419587100002
 10/27  11:00:00,170.72728108200002,101.47210137100001
 10/27  12:00:00,170.101592976,93.13933731879999
 10/27  13:00:00,166.235472091,99.0225887532
 10/27  14:00:00,166.639277758,76.7993515095
 10/27  15:00:00,164.871246478,54.8613142383
 10/27  16:00:00,163.320440965,32.1902377048
 10/27  17:00:00,119.870252594,30.599094637399997
 10/27  18:00:00,127.016271264,34.047893531599996
 10/27  19:00:00,128.44508461700002,34.6506332578
 10/27  20:00:00,128.442319701,46.261724275
 10/27  21:00:00,55.4664238154,11.855603693099999
 10/27  22:00:00,55.5070596512,6.09490939612
 10/27  23:00:00,56.2516748206,6.09277407551
 10/27  24:00:00,55.537934697,3.22568
 10/28  01:00:00,55.544717243,6.08832163408
 10/28  02:00:00,55.546856721800005,3.22568
 10/28  03:00:00,55.543031518,3.22568
 10/28  04:00:00,55.7452084127,6.088343957919999
 10/28  05:00:00,55.719351867600004,3.22568
 10/28  06:00:00,55.732010807799995,6.08836664791
 10/28  07:00:00,52.8093098724,3.22568
 10/28  08:00:00,47.0883075346,3.22568
 10/28  09:00:00,47.100867698,6.089815194680001
 10/28  10:00:00,47.091955568100005,6.08970351033
 10/28  11:00:00,47.7664705849,3.22568
 10/28  12:00:00,47.064627129399994,6.089812038250001
 10/28  13:00:00,47.1030820234,3.22568
 10/28  14:00:00,47.1224057159,3.22568
 10/28  15:00:00,47.114305774399995,6.088338551950001
 10/28  16:00:00,47.0177096669,3.22568
 10/28  17:00:00,47.01751401560001,6.08836174514
 10/28  18:00:00,55.5844724243,3.22568
 10/28  19:00:00,55.7919137733,3.22568
 10/28  20:00:00,55.7687823546,6.0883849226999995
 10/28  21:00:00,55.63837067,3.22568
 10/28  22:00:00,55.4725597317,3.22568
 10/28  23:00:00,56.1723085337,6.08789807529
 10/28  24:00:00,55.4446171004,3.22568
 10/29  01:00:00,55.437112855900004,6.08828880792
 10/29  02:00:00,55.4275406783,3.22568
 10/29  03:00:00,55.417869695600004,3.22568
 10/29  04:00:00,55.6257844713,6.08831706602
 10/29  05:00:00,55.6123022167,3.22568
 10/29  06:00:00,55.6198237412,3.22568
 10/29  07:00:00,52.6980293305,6.08834566184
 10/29  08:00:00,46.9878929287,3.22568
 10/29  09:00:00,47.0093169767,6.08973879657
 10/29  10:00:00,47.006751445,6.089854004419999
 10/29  11:00:00,47.7078092548,3.22568
 10/29  12:00:00,47.0050541894,6.08974831676
 10/29  13:00:00,47.0589558417,3.22568
 10/29  14:00:00,47.072203062700005,6.08835778729
 10/29  15:00:00,47.058411611800004,3.22568
 10/29  16:00:00,46.9672779766,3.22568
 10/29  17:00:00,46.9609336214,6.08838681632
 10/29  18:00:00,55.5179485323,3.22568
 10/29  19:00:00,55.716594155200006,6.088150366830001
 10/29  20:00:00,55.688695226499995,3.22568
 10/29  21:00:00,55.5657190762,3.22568
 10/29  22:00:00,55.407572500600004,6.08829878408
 10/29  23:00:00,56.129250034399995,3.22568
 10/29  24:00:00,55.3820270584,3.22568
 10/30  01:00:00,55.3741220271,6.08983387055
 10/30  02:00:00,55.3710305466,6.08973480234
 10/30  03:00:00,55.3675937346,3.22568
 10/30  04:00:00,55.800496767,6.57304408243
 10/30  05:00:00,56.9113491167,5.71649249098
 10/30  06:00:00,65.7444570601,587.797367814
 10/30  07:00:00,128.283891975,365.00856548300004
 10/30  08:00:00,165.81057909999998,252.00683416599998
 10/30  09:00:00,165.528223897,193.417785423
 10/30  10:00:00,169.319415075,138.372758542
 10/30  11:00:00,170.373551236,91.1575756259
 10/30  12:00:00,170.705729032,72.0131857393
 10/30  13:00:00,169.287982736,60.76442390810001
 10/30  14:00:00,173.65396641599997,47.9912604057
 10/30  15:00:00,176.037405835,33.443555429
 10/30  16:00:00,172.417812603,17.8733615136
 10/30  17:00:00,125.26350093200001,20.3600205425
 10/30  18:00:00,129.68749560700002,31.2579100686
 10/30  19:00:00,128.659057719,40.7585245839
 10/30  20:00:00,128.638375152,58.8020916821
 10/30  21:00:00,55.605267417600004,8.9787940747
 10/30  22:00:00,55.495559859,6.0951997007
 10/30  23:00:00,56.2470659293,6.09280435364
 10/30  24:00:00,55.536251541300004,6.08983816382
 10/31  01:00:00,55.5397273918,3.22568
 10/31  02:00:00,55.5321460771,6.08974754664
 10/31  03:00:00,55.5255370271,3.22568
 10/31  04:00:00,56.583206876400006,6.08987654071
 10/31  05:00:00,56.4121124277,6.08978323926
 10/31  06:00:00,64.1757848925,144.285903743
 10/31  07:00:00,127.129620556,121.139907735
 10/31  08:00:00,165.25112583799998,114.22020076
 10/31  09:00:00,165.34629686899999,81.7058728286
 10/31  10:00:00,172.090123627,69.5089216208
 10/31  11:00:00,176.587273388,52.480763225100006
 10/31  12:00:00,180.309927562,55.438494117
 10/31  13:00:00,180.170509475,48.4183490032
 10/31  14:00:00,181.80725277599998,42.9184357777
 10/31  15:00:00,177.75362065299998,35.510780057699996
 10/31  16:00:00,171.114028056,21.74372726
 10/31  17:00:00,123.889094575,23.559031811599997
 10/31  18:00:00,130.271658059,29.423690289
 10/31  19:00:00,128.842513886,34.774793306999996
 10/31  20:00:00,128.480002772,59.320927730600005
 10/31  21:00:00,55.466299719300004,8.97903809768
 10/31  22:00:00,55.4991743351,8.96432389391
 10/31  23:00:00,56.243765850900004,3.22568
 10/31  24:00:00,55.5171066533,6.0899076042599996
 11/01  01:00:00,55.5101486154,6.08982041519
 11/01  02:00:00,55.4998316732,3.22568
 11/01  03:00:00,55.4893976959,6.0897335428799995
 11/01  04:00:00,55.6936727792,3.22568
 11/01  05:00:00,55.676616598100004,6.089869252020001
 11/01  06:00:00,63.9441634492,254.935355657
 11/01  07:00:00,127.212632684,193.564826518
 11/01  08:00:00,165.353625137,195.387639339
 11/01  09:00:00,165.358612775,177.13736897599998
 11/01  10:00:00,169.352718173,137.331632955
 11/01  11:00:00,170.563249116,93.2733617041
 11/01  12:00:00,170.232943011,81.7786585542
 11/01  13:00:00,166.617776249,73.2289654593
 11/01  14:00:00,166.68423664899998,73.16996540640001
 11/01  15:00:00,164.58237822700002,82.679490074
 11/01  16:00:00,163.226564461,65.3733007738
 11/01  17:00:00,119.873884394,66.93019969779999
 11/01  18:00:00,128.452251215,82.2220211448
 11/01  19:00:00,128.694309273,110.331602535
 11/01  20:00:00,128.693589411,120.56688571299999
 11/01  21:00:00,55.5652847811,8.97909670746
 11/01  22:00:00,55.440974519499996,6.09483263133
 11/01  23:00:00,56.2084578103,6.09292280536
 11/01  24:00:00,55.45852983979999,6.08995016613
 11/02  01:00:00,55.454754345,3.22568
 11/02  02:00:00,55.447878373100004,6.089871852000001
 11/02  03:00:00,55.4402288216,3.22568
 11/02  04:00:00,55.656191370600006,6.08979109136
 11/02  05:00:00,55.6462090771,6.089933534809999
 11/02  06:00:00,64.1884997053,320.572059065
 11/02  07:00:00,127.345891487,236.569671382
 11/02  08:00:00,165.429781129,214.545914596
 11/02  09:00:00,165.453653352,201.554693555
 11/02  10:00:00,169.455086064,203.114410802
 11/02  11:00:00,170.15133370799998,171.922200915
 11/02  12:00:00,169.398253125,164.13668390700002
 11/02  13:00:00,165.523981443,142.777235044
 11/02  14:00:00,165.660769452,130.533087895
 11/02  15:00:00,163.528633518,140.894624877
 11/02  16:00:00,163.239794537,124.730842684
 11/02  17:00:00,119.98205380799999,136.964978734
 11/02  18:00:00,128.595309705,156.29056584
 11/02  19:00:00,128.829858688,161.098105884
 11/02  20:00:00,128.84321306299998,168.762499968
 11/02  21:00:00,55.525728099,11.8565668408
 11/02  22:00:00,55.4141811063,6.0949676222699996
 11/02  23:00:00,56.189857545,6.09294461627
 11/02  24:00:00,55.4408584862,6.08981760363
 11/03  01:00:00,55.4365075655,3.22568
 11/03  02:00:00,55.4256489812,6.08997020582
 11/03  03:00:00,55.4149972345,3.22568
 11/03  04:00:00,56.4701282091,6.0898955504400005
 11/03  05:00:00,56.298017958,3.22568
 11/03  06:00:00,65.0917743217,404.395451369
 11/03  07:00:00,127.70977892399999,305.296253852
 11/03  08:00:00,165.649917009,235.472760218
 11/03  09:00:00,165.531979528,195.634466467
 11/03  10:00:00,169.416419565,173.479036142
 11/03  11:00:00,170.505870599,142.69860428799998
 11/03  12:00:00,170.36918814700002,130.789889042
 11/03  13:00:00,166.758401236,117.40901205799999
 11/03  14:00:00,166.97298582,101.407190252
 11/03  15:00:00,165.356377074,87.4023442018
 11/03  16:00:00,163.629943147,66.73218843890001
 11/03  17:00:00,119.868527573,77.773312682
 11/03  18:00:00,128.483441262,110.902942431
 11/03  19:00:00,128.546162835,144.313168955
 11/03  20:00:00,128.551037123,144.54599710899998
 11/03  21:00:00,55.399171081999995,8.979555489560001
 11/03  22:00:00,55.44667900979999,6.0950914028100005
 11/03  23:00:00,56.2133412246,6.092693119
 11/03  24:00:00,55.487677758800004,6.0899382612599995
 11/04  01:00:00,55.498603189099995,3.22568
 11/04  02:00:00,55.5032099636,3.22568
 11/04  03:00:00,55.5044669499,6.088402004780001
 11/04  04:00:00,55.72249836859999,3.22568
 11/04  05:00:00,55.7114427712,6.088317613380001
 11/04  06:00:00,55.7358240479,3.22568
 11/04  07:00:00,54.2553588643,3.22568
 11/04  08:00:00,47.1129193725,6.08838201844
 11/04  09:00:00,47.139127895,3.22568
 11/04  10:00:00,47.146851044799995,6.08984372189
 11/04  11:00:00,47.8376545263,3.22568
 11/04  12:00:00,47.164178818900005,6.0897751930199995
 11/04  13:00:00,47.2167835541,3.22568
 11/04  14:00:00,47.2466333712,6.08831539606
 11/04  15:00:00,47.250254867200006,3.22568
 11/04  16:00:00,47.1588602775,6.08838009416
 11/04  17:00:00,47.150184089,3.22568
 11/04  18:00:00,55.7026601301,3.22568
 11/04  19:00:00,55.9313898639,6.08844471476
 11/04  20:00:00,55.907566185,3.22568
 11/04  21:00:00,55.761269752299995,3.22568
 11/04  22:00:00,55.5934618303,6.08836087695
 11/04  23:00:00,56.2928388919,3.22568
 11/04  24:00:00,55.6057418315,6.08842555763
 11/05  01:00:00,55.608591982,3.22568
 11/05  02:00:00,55.6063482293,3.22568
 11/05  03:00:00,55.5971677294,6.08834787982
 11/05  04:00:00,55.8368173795,3.22568
 11/05  05:00:00,55.838172908599994,6.08841796662
 11/05  06:00:00,55.855108950900004,3.22568
 11/05  07:00:00,54.3563311588,3.22568
 11/05  08:00:00,47.2216647534,6.08980394011
 11/05  09:00:00,47.252341737600005,3.22568
 11/05  10:00:00,47.2468620513,6.08996696929
 11/05  11:00:00,47.912905757,6.08990460848
 11/05  12:00:00,47.23247441,3.22568
 11/05  13:00:00,47.275976174700006,6.0898422744000005
 11/05  14:00:00,47.2945077591,3.22568
 11/05  15:00:00,47.276631347700004,6.08838035921
 11/05  16:00:00,47.119845813199994,3.22568
 11/05  17:00:00,48.4997836085,3.22568
 11/05  18:00:00,55.6255318066,6.088450998
 11/05  19:00:00,55.838356943,3.22568
 11/05  20:00:00,55.8125431109,6.088372789430001
 11/05  21:00:00,55.6842704087,3.22568
 11/05  22:00:00,55.5271227705,3.22568
 11/05  23:00:00,56.212763905,6.0884434712
 11/05  24:00:00,55.5188233329,3.22568
 11/06  01:00:00,55.519651671700004,6.08991714554
 11/06  02:00:00,55.51439968060001,3.22568
 11/06  03:00:00,55.5065087667,6.089861451009999
 11/06  04:00:00,55.5020246193,3.22568
 11/06  05:00:00,55.7144663945,6.08980562551
 11/06  06:00:00,55.698743261000004,6.089975588500001
 11/06  07:00:00,62.471490357700006,165.131258883
 11/06  08:00:00,120.004177221,127.88933195
 11/06  09:00:00,165.26980762899998,141.131946326
 11/06  10:00:00,165.293358394,145.43947057
 11/06  11:00:00,169.547868378,135.950728244
 11/06  12:00:00,170.296035343,113.41052338799999
 11/06  13:00:00,169.479572321,114.317104385
 11/06  14:00:00,165.521936501,153.683177742
 11/06  15:00:00,165.602549746,174.200629575
 11/06  16:00:00,163.547442943,154.96099195
 11/06  17:00:00,164.659236381,121.544970672
 11/06  18:00:00,128.52784764,127.56356560399999
 11/06  19:00:00,128.538881398,137.33179118299998
 11/06  20:00:00,128.754925524,141.786903327
 11/06  21:00:00,128.76063569299998,148.784090094
 11/06  22:00:00,55.5414129221,11.856952874700001
 11/06  23:00:00,55.4229303355,6.09515712945
 11/06  24:00:00,56.1910325363,6.093020800850001
 11/07  01:00:00,55.442651401000006,3.22568
 11/07  02:00:00,55.439469341599995,6.08996089916
 11/07  03:00:00,55.4249475755,6.0899114269700005
 11/07  04:00:00,55.4153114509,3.22568
 11/07  05:00:00,56.4769059522,6.08986184026
 11/07  06:00:00,56.3079298974,3.22568
 11/07  07:00:00,64.9870090814,405.25158179199997
 11/07  08:00:00,120.49430599600001,289.328560831
 11/07  09:00:00,165.66613301299998,245.42132088099999
 11/07  10:00:00,165.638154351,222.208874405
 11/07  11:00:00,169.65616421200002,230.81302218599998
 11/07  12:00:00,170.31037038600002,188.828524586
 11/07  13:00:00,169.52983165700002,186.51522102799998
 11/07  14:00:00,165.538439603,182.85509594400003
 11/07  15:00:00,165.490829013,166.364188848
 11/07  16:00:00,163.45511094100002,142.02338507
 11/07  17:00:00,164.685360735,124.15165423
 11/07  18:00:00,128.573387796,137.497622973
 11/07  19:00:00,128.574352862,145.385330418
 11/07  20:00:00,128.577795764,152.281503546
 11/07  21:00:00,128.581841298,154.376727321
 11/07  22:00:00,55.3774751258,8.980349435219999
 11/07  23:00:00,55.423746315,8.964702733280001
 11/07  24:00:00,56.197127700699994,6.09288484038
 11/08  01:00:00,55.4611769936,3.22568
 11/08  02:00:00,55.461690559,6.089821992719999
 11/08  03:00:00,55.46142945770001,3.22568
 11/08  04:00:00,55.4608744979,6.0900060947000005
 11/08  05:00:00,55.6722261739,6.089962730369999
 11/08  06:00:00,55.6559212008,3.22568
 11/08  07:00:00,64.15599989479999,284.124833562
 11/08  08:00:00,120.132479818,212.774384443
 11/08  09:00:00,165.365960584,196.31495125599997
 11/08  10:00:00,165.431009549,207.703487841
 11/08  11:00:00,169.428845997,201.149472987
 11/08  12:00:00,170.145744521,172.21738647900003
 11/08  13:00:00,169.393048811,163.645721101
 11/08  14:00:00,165.410559672,157.500238002
 11/08  15:00:00,165.423958942,152.602301084
 11/08  16:00:00,163.40960566299998,143.18157392700002
 11/08  17:00:00,164.676976984,119.071542986
 11/08  18:00:00,128.540683908,124.46271353200001
 11/08  19:00:00,128.542330607,126.105336167
 11/08  20:00:00,128.757879826,135.261623188
 11/08  21:00:00,128.756729085,142.528573112
 11/08  22:00:00,55.5619462152,11.8577407848
 11/08  23:00:00,55.4489503732,6.09539793349
 11/08  24:00:00,56.208012887200006,6.09287905204
 11/09  01:00:00,55.47234281,3.22568
 11/09  02:00:00,55.4668441138,6.089965697009999
 11/09  03:00:00,55.4626752178,6.08992890177
 11/09  04:00:00,55.4589924762,3.22568
 11/09  05:00:00,55.6699633284,6.089891967230001
 11/09  06:00:00,55.653199323500004,3.22568
 11/09  07:00:00,64.1632178129,296.56336061
 11/09  08:00:00,120.134238564,210.322012868
 11/09  09:00:00,165.344415049,187.33571289
 11/09  10:00:00,165.366022662,182.24334318099997
 11/09  11:00:00,169.340148606,167.25098741
 11/09  12:00:00,170.038855609,136.721678303
 11/09  13:00:00,169.577972237,138.376747428
 11/09  14:00:00,166.02118039200002,129.56695706600001
 11/09  15:00:00,166.10699571700002,116.85249142100001
 11/09  16:00:00,163.938246466,122.588331896
 11/09  17:00:00,164.625814864,106.05527587200001
 11/09  18:00:00,128.49968903,112.27604282
 11/09  19:00:00,128.516319951,124.617001614
 11/09  20:00:00,128.757563196,137.760973787
 11/09  21:00:00,128.754167454,144.831079508
 11/09  22:00:00,55.5637319971,8.980254136989998
 11/09  23:00:00,55.458149563599996,6.095295890040001
 11/09  24:00:00,56.2200255942,6.093008488990001
 11/10  01:00:00,55.488527300600005,6.0899427659
 11/10  02:00:00,55.4897364808,3.22568
 11/10  03:00:00,55.4942866992,6.0899124239699995
 11/10  04:00:00,55.4965048869,6.0898818963100005
 11/10  05:00:00,56.561312264099996,3.22568
 11/10  06:00:00,56.4022435039,6.08985127756
 11/10  07:00:00,65.2387409354,127.23530277
 11/10  08:00:00,125.168849439,57.3135974653
 11/10  09:00:00,171.074933756,55.6464733931
 11/10  10:00:00,170.762765782,62.6462990453
 11/10  11:00:00,176.641742894,64.8931889061
 11/10  12:00:00,172.10922891299998,66.7650778583
 11/10  13:00:00,169.378924168,101.186928174
 11/10  14:00:00,165.56716879799998,118.35733457200001
 11/10  15:00:00,165.69333710700002,114.30484150299999
 11/10  16:00:00,163.67845473,117.4610485
 11/10  17:00:00,164.60477530100002,100.33290664100001
 11/10  18:00:00,128.473911689,103.30125487
 11/10  19:00:00,128.46580125,101.43718746200001
 11/10  20:00:00,128.46920315100002,107.311006246
 11/10  21:00:00,128.476173329,109.449461759
 11/10  22:00:00,55.4318728087,11.8578162184
 11/10  23:00:00,55.470175434,6.09535506653
 11/10  24:00:00,56.2179045049,6.09283434101
 11/11  01:00:00,55.4843249645,3.22568
 11/11  02:00:00,55.4768220255,6.08848725658
 11/11  03:00:00,55.4693929475,3.22568
 11/11  04:00:00,55.4613853464,3.22568
 11/11  05:00:00,55.6656705179,6.088442404380001
 11/11  06:00:00,55.645540095600005,3.22568
 11/11  07:00:00,55.652934805,6.0883978753
 11/11  08:00:00,47.0108803495,3.22568
 11/11  09:00:00,47.011228431099994,6.09000833795
 11/11  10:00:00,47.033821503999995,3.22568
 11/11  11:00:00,47.027423229700005,6.089983870479999
 11/11  12:00:00,47.7302064186,3.22568
 11/11  13:00:00,47.0054956969,6.0899593986800005
 11/11  14:00:00,47.0381605406,6.08993493424
 11/11  15:00:00,47.049156750600005,3.22568
 11/11  16:00:00,47.033438818,3.22568
 11/11  17:00:00,48.3564330407,6.08839916334
 11/11  18:00:00,55.494456283299996,3.22568
 11/11  19:00:00,55.4912869906,3.22568
 11/11  20:00:00,55.7022136256,6.088506280290001
 11/11  21:00:00,55.685098474700006,3.22568
 11/11  22:00:00,55.5639080218,6.08846216779
 11/11  23:00:00,55.4038637946,3.22568
 11/11  24:00:00,56.1313020822,3.22568
 11/12  01:00:00,55.3984094932,6.088420187580001
 11/12  02:00:00,55.3959227438,3.22568
 11/12  03:00:00,55.3936045164,6.08838085095
 11/12  04:00:00,55.388283326499995,3.22568
 11/12  05:00:00,55.5982191615,3.22568
 11/12  06:00:00,55.582540602899996,6.08849348285
 11/12  07:00:00,55.591627850600005,3.22568
 11/12  08:00:00,46.948846958800004,6.08845474924
 11/12  09:00:00,46.9666237569,3.22568
 11/12  10:00:00,46.9983553337,6.09008450372
 11/12  11:00:00,46.9950423634,3.22568
 11/12  12:00:00,47.7041850354,6.0900663232
 11/12  13:00:00,46.9982533963,6.09004813283
 11/12  14:00:00,47.0550751955,3.22568
 11/12  15:00:00,47.083802991000006,6.08837361138
 11/12  16:00:00,47.0753239262,3.22568
 11/12  17:00:00,48.3953930107,3.22568
 11/12  18:00:00,55.5303734961,6.08848682015
 11/12  19:00:00,55.5267202421,3.22568
 11/12  20:00:00,55.748711276,6.088448389369999
 11/12  21:00:00,55.7400064576,3.22568
 11/12  22:00:00,55.6244216129,3.22568
 11/12  23:00:00,55.4688994354,6.088409990669999
 11/12  24:00:00,56.1625719049,3.22568
 11/13  01:00:00,55.4460455737,6.0898822485899995
 11/13  02:00:00,55.441425009700005,3.22568
 11/13  03:00:00,55.44287628439999,6.09010136785
 11/13  04:00:00,55.439029733699996,3.22568
 11/13  05:00:00,55.646445400299996,6.090089701469999
 11/13  06:00:00,55.6390808153,6.09007794383
 11/13  07:00:00,64.2036906971,332.319890825
 11/13  08:00:00,120.12028750399999,210.04315626599998
 11/13  09:00:00,165.293836855,160.147346082
 11/13  10:00:00,165.290516689,137.381305179
 11/13  11:00:00,169.287107652,133.197375491
 11/13  12:00:00,169.988069441,109.384074576
 11/13  13:00:00,169.28392819799998,110.80703282700001
 11/13  14:00:00,165.324118985,122.770295249
 11/13  15:00:00,165.343998771,126.390215543
 11/13  16:00:00,163.312243244,110.262993654
 11/13  17:00:00,166.034175238,99.21387824959999
 11/13  18:00:00,128.496285503,123.632261045
 11/13  19:00:00,128.515068773,139.081332972
 11/13  20:00:00,128.743501671,143.324390426
 11/13  21:00:00,128.71004413100002,131.462241189
 11/13  22:00:00,55.5788172858,8.98057007932
 11/13  23:00:00,55.462593406,6.09561391007
 11/13  24:00:00,56.21521320430001,6.092936337519999
 11/14  01:00:00,55.4821937796,6.09001385429
 11/14  02:00:00,55.4693667058,6.09000892538
 11/14  03:00:00,55.4622844099,3.22568
 11/14  04:00:00,55.461797273100004,6.090003770469999
 11/14  05:00:00,56.5296746473,3.22568
 11/14  06:00:00,56.377930365,6.08999849276
 11/14  07:00:00,64.3518172461,226.31839545900002
 11/14  08:00:00,120.043271638,161.61420208799998
 11/14  09:00:00,165.264315861,126.290894291
 11/14  10:00:00,165.271594949,109.725634668
 11/14  11:00:00,169.275443091,114.763823661
 11/14  12:00:00,170.093743904,97.6466764669
 11/14  13:00:00,169.536307122,100.027794128
 11/14  14:00:00,165.983140993,100.771092418
 11/14  15:00:00,166.274524184,96.3503297843
 11/14  16:00:00,164.30531398,89.92482522889999
 11/14  17:00:00,166.026488452,72.8515121505
 11/14  18:00:00,128.470557029,89.0435801377
 11/14  19:00:00,128.496331888,117.840134941
 11/14  20:00:00,128.551191232,159.728259414
 11/14  21:00:00,128.579661864,165.529607955
 11/14  22:00:00,55.3827726879,11.8583490052
 11/14  23:00:00,55.4262044934,6.095435156080001
 11/14  24:00:00,56.193196643,6.0929094399
 11/15  01:00:00,55.4426164467,3.22568
 11/15  02:00:00,55.4326737508,6.0899779254999995
 11/15  03:00:00,55.4173144327,6.08997928911
 11/15  04:00:00,55.402439723,3.22568
 11/15  05:00:00,55.6079688092,6.0899804706300005
 11/15  06:00:00,55.588330849799995,3.22568
 11/15  07:00:00,65.36215835189999,504.52801304
 11/15  08:00:00,122.59335934399999,344.995469134
 11/15  09:00:00,165.878845699,230.925684802
 11/15  10:00:00,165.500196439,179.63935065799998
 11/15  11:00:00,169.367216541,156.616613643
 11/15  12:00:00,170.529171697,124.665239825
 11/15  13:00:00,170.133069126,101.699723657
 11/15  14:00:00,166.62277673100002,86.3969336333
 11/15  15:00:00,166.884994198,69.2293368447
 11/15  16:00:00,164.727986679,59.325866860299996
 11/15  17:00:00,166.10653998799998,52.0172149567
 11/15  18:00:00,128.444037243,75.5826904249
 11/15  19:00:00,128.459674137,92.7201372026
 11/15  20:00:00,128.68167194,101.67390032799999
 11/15  21:00:00,128.674697074,107.932997684
 11/15  22:00:00,55.570696105799996,8.9810559047
 11/15  23:00:00,55.4732418926,8.96513659872
 11/15  24:00:00,56.233413543100006,6.09300754678
 11/16  01:00:00,55.528213849,3.22568
 11/16  02:00:00,55.525752581800006,6.08999235591
 11/16  03:00:00,55.528473096099994,3.22568
 11/16  04:00:00,55.541015395600006,6.089999980549999
 11/16  05:00:00,55.7701183809,6.090007458400001
 11/16  06:00:00,55.7523085653,3.22568
 11/16  07:00:00,63.8308760197,120.438168193
 11/16  08:00:00,122.37062629,63.068297753900005
 11/16  09:00:00,168.394697168,55.1615195212
 11/16  10:00:00,170.962485061,59.620045613100004
 11/16  11:00:00,178.03154237599998,58.563894446000006
 11/16  12:00:00,184.002122658,52.5122919625
 11/16  13:00:00,188.195774108,55.4653805312
 11/16  14:00:00,183.498525583,42.7795874474
 11/16  15:00:00,182.587851045,35.145010419
 11/16  16:00:00,181.186331713,28.7191734732
 11/16  17:00:00,179.84584305799999,9.36347280097
 11/16  18:00:00,143.074827115,6.742214414509999
 11/16  19:00:00,134.46837754,24.7656079294
 11/16  20:00:00,128.690253351,60.378286359300006
 11/16  21:00:00,128.679141342,93.85216458379999
 11/16  22:00:00,55.615654084700004,8.98070708806
 11/16  23:00:00,55.4990309593,6.0953656569
 11/16  24:00:00,56.23868725649999,6.09319371037
 11/17  01:00:00,55.5140016904,6.090029643019999
 11/17  02:00:00,55.50613974109999,6.09004381856
 11/17  03:00:00,55.497782343900006,3.22568
 11/17  04:00:00,55.4896669279,6.090057740700001
 11/17  05:00:00,56.543945031199996,3.22568
 11/17  06:00:00,56.3709742285,6.090071516259999
 11/17  07:00:00,64.3517681413,293.085993025
 11/17  08:00:00,121.532014439,212.308838715
 11/17  09:00:00,165.393287456,210.74154352
 11/17  10:00:00,165.496049441,225.369333365
 11/17  11:00:00,169.543641878,222.34692285
 11/17  12:00:00,170.219546481,179.47872727599997
 11/17  13:00:00,169.445057381,172.284388029
 11/17  14:00:00,165.453209338,168.269365169
 11/17  15:00:00,165.42085213,149.949115378
 11/17  16:00:00,163.40076077,148.67171838299998
 11/17  17:00:00,166.105610269,126.61111682100001
 11/17  18:00:00,128.53488078700002,129.2474971
 11/17  19:00:00,128.53606676,137.670559129
 11/17  20:00:00,128.52536196399998,138.443182931
 11/17  21:00:00,128.51750059399998,136.306344301
 11/17  22:00:00,55.389000861499994,8.981877151599999
 11/17  23:00:00,55.429548962700004,8.96543592433
 11/17  24:00:00,56.19215456,6.093162411180001
 11/18  01:00:00,55.44368932729999,3.22568
 11/18  02:00:00,55.4405351595,3.22568
 11/18  03:00:00,55.4333740929,6.08843809734
 11/18  04:00:00,55.4250373167,3.22568
 11/18  05:00:00,55.6290640207,6.088433490780001
 11/18  06:00:00,55.605174169499996,3.22568
 11/18  07:00:00,55.6099622017,3.22568
 11/18  08:00:00,48.4026527153,6.08842912426
 11/18  09:00:00,46.9935580256,3.22568
 11/18  10:00:00,47.024010607700006,6.09011406059
 11/18  11:00:00,47.0203017642,3.22568
 11/18  12:00:00,47.720556046999995,6.09013403074
 11/18  13:00:00,47.0055455224,6.090153953960001
 11/18  14:00:00,47.0447650806,3.22568
 11/18  15:00:00,47.0554701362,3.22568
 11/18  16:00:00,47.044291409399996,6.08846974
 11/18  17:00:00,49.7979836309,3.22568
 11/18  18:00:00,55.5042864177,6.08846566892
 11/18  19:00:00,55.4891542603,3.22568
 11/18  20:00:00,55.6886527229,3.22568
 11/18  21:00:00,55.6644449192,6.08846160518
 11/18  22:00:00,55.537662473900006,3.22568
 11/18  23:00:00,55.3769713684,6.0884575430400005
 11/18  24:00:00,56.1130858872,3.22568
 11/19  01:00:00,55.3672427021,3.22568
 11/19  02:00:00,55.3634464821,6.0884577234
 11/19  03:00:00,56.3053507738,4.18045118547
 11/19  04:00:00,56.7056002979,7.813414888680001
 11/19  05:00:00,56.917996512799995,5.17870912396
 11/19  06:00:00,56.9044584309,5.31810552857
 11/19  07:00:00,56.5876576724,7.753955379219999
 11/19  08:00:00,48.3711037616,3.22568
 11/19  09:00:00,46.9484620977,6.09015572643
 11/19  10:00:00,46.971463183500006,3.22568
 11/19  11:00:00,46.973012205699995,6.09018202734
 11/19  12:00:00,47.683666431000006,6.08997405014
 11/19  13:00:00,46.979301194399994,3.22568
 11/19  14:00:00,47.031120987,6.090000494990001
 11/19  15:00:00,47.0502034162,3.22568
 11/19  16:00:00,47.036193666,6.0885556238900005
 11/19  17:00:00,49.7957604403,3.22568
 11/19  18:00:00,55.509874841400006,3.22568
 11/19  19:00:00,55.5078235413,6.08855714801
 11/19  20:00:00,55.7218323849,3.22568
 11/19  21:00:00,55.70400991100001,6.08855868576
 11/19  22:00:00,55.587489947399995,3.22568
 11/19  23:00:00,55.4297754832,3.22568
 11/19  24:00:00,56.1421957331,6.08856023087
 11/20  01:00:00,55.429290367,3.22568
 11/20  02:00:00,55.43394320310001,6.09004095569
 11/20  03:00:00,55.4351123432,6.0900740422599995
 11/20  04:00:00,55.4291308831,3.22568
 11/20  05:00:00,55.637145453500004,6.09010691931
 11/20  06:00:00,55.6201051611,3.22568
 11/20  07:00:00,64.39292855779999,376.790575881
 11/20  08:00:00,121.62212199,236.451469395
 11/20  09:00:00,165.35175883899998,192.574840547
 11/20  10:00:00,165.349381196,174.716004287
 11/20  11:00:00,169.332303764,166.853069364
 11/20  12:00:00,170.032408348,134.901386348
 11/20  13:00:00,169.30932456,131.53174367399998
 11/20  14:00:00,165.340852654,139.197937138
 11/20  15:00:00,165.367536516,140.596131305
 11/20  16:00:00,163.35646044700002,136.673611463
 11/20  17:00:00,166.093565622,122.09965635299999
 11/20  18:00:00,128.543735586,131.128484486
 11/20  19:00:00,128.545302695,135.723153969
 11/20  20:00:00,128.838503116,175.703904432
 11/20  21:00:00,128.928533757,202.777933022
 11/20  22:00:00,55.5262069114,8.98160106731
 11/20  23:00:00,55.415060901400004,8.965756550619998
 11/20  24:00:00,56.1900577212,6.09333020696
 11/21  01:00:00,55.4545439997,3.22568
 11/21  02:00:00,55.451182316499995,6.09006161952
 11/21  03:00:00,55.444744076499994,3.22568
 11/21  04:00:00,55.437490916099996,6.09010098851
 11/21  05:00:00,56.493890297,6.09014015551
 11/21  06:00:00,56.323534061000004,3.22568
 11/21  07:00:00,64.7429042344,341.732960425
 11/21  08:00:00,121.749242775,266.914802146
 11/21  09:00:00,165.530344941,235.784634119
 11/21  10:00:00,165.58678196600002,227.040906452
 11/21  11:00:00,169.540651443,209.897238376
 11/21  12:00:00,170.198539054,178.94054985
 11/21  13:00:00,169.533756755,197.130842885
 11/21  14:00:00,165.621006016,204.479202086
 11/21  15:00:00,165.589336283,187.241824005
 11/21  16:00:00,163.578303254,182.40926709299998
 11/21  17:00:00,166.379018199,174.994966879
 11/21  18:00:00,128.80725910700002,176.237888436
 11/21  19:00:00,128.82772005799998,191.58983169200002
 11/21  20:00:00,128.870777958,205.97885424
 11/21  21:00:00,128.874923912,207.31884654099997
 11/21  22:00:00,55.3410872456,8.98085760359
 11/21  23:00:00,55.385271021,8.965394927430001
 11/21  24:00:00,56.170980658599994,6.09341119686
 11/22  01:00:00,55.4168159604,3.22568
 11/22  02:00:00,55.4194061323,6.09013823616
 11/22  03:00:00,55.4150154331,3.22568
 11/22  04:00:00,55.4073862447,6.09018385521
 11/22  05:00:00,55.615194078500004,6.08999308885
 11/22  06:00:00,55.594849167,3.22568
 11/22  07:00:00,65.04051374229999,421.39101656400004
 11/22  08:00:00,122.184635712,317.36892884400004
 11/22  09:00:00,165.87743469,265.301322202
 11/22  10:00:00,165.897794939,244.72075608900002
 11/22  11:00:00,169.90121493700002,244.745658446
 11/22  12:00:00,170.571276221,220.23480420200002
 11/22  13:00:00,169.70790555899998,206.976468741
 11/22  14:00:00,165.697301935,205.44754992900002
 11/22  15:00:00,165.602138873,183.10005326299998
 11/22  16:00:00,163.566740019,178.776443504
 11/22  17:00:00,166.417418045,180.000844173
 11/22  18:00:00,129.096502047,211.028324852
 11/22  19:00:00,129.47214402,238.692489122
 11/22  20:00:00,129.767942079,248.119813147
 11/22  21:00:00,129.76440317700002,260.286259988
 11/22  22:00:00,55.4642900634,11.859623895699999
 11/22  23:00:00,55.3596327219,6.09572668748
 11/22  24:00:00,56.155278496499996,6.0931903312
 11/23  01:00:00,55.389392352399994,3.22568
 11/23  02:00:00,55.388119646199996,6.08858916122
 11/23  03:00:00,55.3829486451,3.22568
 11/23  04:00:00,55.3781555845,6.088456954419999
 11/23  05:00:00,55.5884610887,3.22568
 11/23  06:00:00,55.5712609884,3.22568
 11/23  07:00:00,55.5830122263,6.08848093852
 11/23  08:00:00,49.805116177600006,3.22568
 11/23  09:00:00,46.9492632534,6.09006567863
 11/23  10:00:00,46.9650806087,3.22568
 11/23  11:00:00,46.962855321199996,6.090117407259999
 11/23  12:00:00,47.6835453771,6.09016904335
 11/23  13:00:00,46.956263836400005,3.22568
 11/23  14:00:00,46.9930369816,6.09022060003
 11/23  15:00:00,47.0066245369,3.22568
 11/23  16:00:00,46.9949844037,6.08854375112
 11/23  17:00:00,49.752027703,3.22568
 11/23  18:00:00,55.4551022387,3.22568
 11/23  19:00:00,55.4407900846,6.0885680424099995
 11/23  20:00:00,55.65083374979999,3.22568
 11/23  21:00:00,55.6335661074,6.0885923196
 11/23  22:00:00,55.8533321445,3.42949719975
 11/23  23:00:00,56.928591338500006,4.2045390867300005
 11/23  24:00:00,57.4451326184,7.2262578101
 11/24  01:00:00,57.039955269,5.05135359819
 11/24  02:00:00,56.70365354689999,8.74283649155
 11/24  03:00:00,58.5012901132,28.2916469579
 11/24  04:00:00,57.939525648,23.1332145563
 11/24  05:00:00,60.1506400025,37.859936706
 11/24  06:00:00,59.397435676099995,38.5967899387
 11/24  07:00:00,66.593248679,660.9259333719999
 11/24  08:00:00,124.369716995,451.222055726
 11/24  09:00:00,166.399911132,354.12575089800004
 11/24  10:00:00,166.36753735899998,296.738509345
 11/24  11:00:00,170.140774949,259.567489774
 11/24  12:00:00,170.357647033,187.872524035
 11/24  13:00:00,169.571409523,181.48940193200002
 11/24  14:00:00,166.06595288,177.223724961
 11/24  15:00:00,166.217088837,170.630786382
 11/24  16:00:00,164.057301683,166.75750746100002
 11/24  17:00:00,166.24989749899999,162.346548459
 11/24  18:00:00,128.92921749299998,205.61436832299998
 11/24  19:00:00,129.173817098,222.170404615
 11/24  20:00:00,129.38881894600001,234.612938587
 11/24  21:00:00,129.555421101,249.35590400599997
 11/24  22:00:00,55.3132658725,8.98223684732
 11/24  23:00:00,55.36130014890001,6.09569096961
 11/24  24:00:00,56.1550009226,8.96103490632
 11/25  01:00:00,55.389154309700004,3.22568
 11/25  02:00:00,55.3857721363,3.22568
 11/25  03:00:00,55.379635987,6.08856414887
 11/25  04:00:00,55.3743780012,3.22568
 11/25  05:00:00,55.5839030259,6.08859924059
 11/25  06:00:00,56.7994203171,3.83877610954
 11/25  07:00:00,57.147880898500006,4.18094445537
 11/25  08:00:00,49.7950365887,6.08847795546
 11/25  09:00:00,46.9545844546,3.22568
 11/25  10:00:00,46.999734411599995,6.0902410065699994
 11/25  11:00:00,47.0194392548,3.22568
 11/25  12:00:00,47.7292218918,6.09006702054
 11/25  13:00:00,47.0573318812,6.0901312797300005
 11/25  14:00:00,47.1103659903,3.22568
 11/25  15:00:00,47.1409970825,3.22568
 11/25  16:00:00,47.130559942,6.088531479119999
 11/25  17:00:00,51.3008906174,3.22568
 11/25  18:00:00,55.5728796575,6.088567112490001
 11/25  19:00:00,55.564677556999996,3.22568
 11/25  20:00:00,55.7613337737,3.22568
 11/25  21:00:00,55.7452829509,6.0886027038999995
 11/25  22:00:00,55.6294713159,3.22568
 11/25  23:00:00,55.4711462688,6.088481712719999
 11/25  24:00:00,56.1755234757,3.22568
 11/26  01:00:00,55.484500561000004,6.088520946189999
 11/26  02:00:00,55.4822915159,3.22568
 11/26  03:00:00,55.4866482454,3.22568
 11/26  04:00:00,55.4879571664,6.08856143844
 11/26  05:00:00,55.704741991000006,3.22568
 11/26  06:00:00,55.695656516899994,6.08860220548
 11/26  07:00:00,55.7036459223,3.22568
 11/26  08:00:00,49.9254627467,3.22568
 11/26  09:00:00,47.073685339799994,6.09021222202
 11/26  10:00:00,47.1062846078,6.0900439329100005
 11/26  11:00:00,47.136631439700004,3.22568
 11/26  12:00:00,47.848911794399996,6.09011451272
 11/26  13:00:00,47.1744283229,3.22568
 11/26  14:00:00,47.2358619059,6.09018498642
 11/26  15:00:00,47.254065142799995,3.22568
 11/26  16:00:00,47.232110595600005,6.08859746164
 11/26  17:00:00,51.4050377812,3.22568
 11/26  18:00:00,55.6767354264,6.08848166923
 11/26  19:00:00,55.6665438742,3.22568
 11/26  20:00:00,55.8896880693,6.08852298469
 11/26  21:00:00,55.874793475299995,3.22568
 11/26  22:00:00,55.74665844850001,3.22568
 11/26  23:00:00,55.584090678100004,6.088564251290001
 11/26  24:00:00,56.2842060995,3.22568
 11/27  01:00:00,55.6033338942,6.09018738372
 11/27  02:00:00,55.6120664034,3.22568
 11/27  03:00:00,55.6066644334,6.09026445156
 11/27  04:00:00,55.6136450451,6.0901018661899995
 11/27  05:00:00,55.8789028015,3.22568
 11/27  06:00:00,55.874142146400004,6.09017871003
 11/27  07:00:00,77.0109071894,27.226860191999997
 11/27  08:00:00,134.948755815,20.4179759102
 11/27  09:00:00,176.555311768,37.6939918303
 11/27  10:00:00,169.529225822,65.3072672488
 11/27  11:00:00,171.951161522,73.626731415
 11/27  12:00:00,178.16986182099998,55.972553771899996
 11/27  13:00:00,175.66576570599997,56.5244093487
 11/27  14:00:00,167.258835485,65.9459432383
 11/27  15:00:00,166.406376089,71.6954571166
 11/27  16:00:00,164.300429105,71.7516131432
 11/27  17:00:00,167.454318976,60.441235211300004
 11/27  18:00:00,128.471011745,73.310516883
 11/27  19:00:00,128.47270617700002,81.5860099026
 11/27  20:00:00,128.69675459200002,86.9512082532
 11/27  21:00:00,128.701111735,108.468761805
 11/27  22:00:00,55.5909097121,8.982495886619999
 11/27  23:00:00,55.4696448093,6.0956289541499995
 11/27  24:00:00,56.2171160102,6.0934558476600005
 11/28  01:00:00,55.4780492741,6.09025433349
 11/28  02:00:00,55.4722851893,6.09009760826
 11/28  03:00:00,55.4672226307,3.22568
 11/28  04:00:00,55.4626305979,6.09018084153
 11/28  05:00:00,56.5201821688,6.090263834480001
 11/28  06:00:00,56.3435401395,3.22568
 11/28  07:00:00,64.5658511236,335.262687701
 11/28  08:00:00,123.12889199600001,253.275699356
 11/28  09:00:00,165.60711547399998,251.899639638
 11/28  10:00:00,165.69003995100002,234.157112955
 11/28  11:00:00,169.600185702,213.226323808
 11/28  12:00:00,170.48142294299998,220.018169978
 11/28  13:00:00,169.922870661,232.111881858
 11/28  14:00:00,165.857076299,211.47570088
 11/28  15:00:00,165.75400267700002,199.552507657
 11/28  16:00:00,163.691347786,190.21871939599998
 11/28  17:00:00,167.895532186,181.164658966
 11/28  18:00:00,128.948195467,193.066708024
 11/28  19:00:00,128.95507040200002,203.611489536
 11/28  20:00:00,128.96069561,214.39875717099997
 11/28  21:00:00,128.964614517,217.320801093
 11/28  22:00:00,55.3352996163,11.861004496300001
 11/28  23:00:00,55.38553331520001,6.095654667590001
 11/28  24:00:00,56.173626965100006,6.093234134299999
 11/29  01:00:00,55.422634340200005,6.09018293865
 11/29  02:00:00,55.428250257399995,3.22568
 11/29  03:00:00,55.4230140887,6.090272419430001
 11/29  04:00:00,55.4096775327,6.090120965630001
 11/29  05:00:00,55.6188306221,3.22568
 11/29  06:00:00,55.604478534399995,6.0902101961
 11/29  07:00:00,64.7383543654,377.068688647
 11/29  08:00:00,123.42728635600001,311.323154094
 11/29  09:00:00,165.74806488,258.55148343
 11/29  10:00:00,165.763236191,240.505337798
 11/29  11:00:00,169.709662098,226.27448184099998
 11/29  12:00:00,170.42405797799998,210.01132150599997
 11/29  13:00:00,169.62554675799998,201.166431908
 11/29  14:00:00,165.617062039,199.92203993200002
 11/29  15:00:00,165.61702147,192.36341853
 11/29  16:00:00,163.586757311,185.94595745900003
 11/29  17:00:00,167.758190103,171.07053874
 11/29  18:00:00,128.822913191,187.35745025900002
 11/29  19:00:00,128.866846711,203.934342759
 11/29  20:00:00,129.135713962,221.33728865700002
 11/29  21:00:00,129.241241766,236.29554142599997
 11/29  22:00:00,55.47469181100001,8.981869689460002
 11/29  23:00:00,55.367947379899995,8.9658611443
 11/29  24:00:00,56.1660421529,6.093528567180001
 11/30  01:00:00,55.4116300146,3.22568
 11/30  02:00:00,55.4170724529,6.09014587823
 11/30  03:00:00,55.421609057,6.09024151133
 11/30  04:00:00,55.4330639107,3.22568
 11/30  05:00:00,55.6521252974,6.090095585349999
 11/30  06:00:00,55.63603477149999,6.09019099094
 11/30  07:00:00,64.3030267723,286.374000907
 11/30  08:00:00,123.00073086799999,224.143131388
 11/30  09:00:00,165.32566333,193.92781014
 11/30  10:00:00,165.335864974,181.96761537900002
 11/30  11:00:00,169.331834448,181.903869593
 11/30  12:00:00,170.12423349899998,188.946965391
 11/30  13:00:00,169.448268922,196.06427292900003
 11/30  14:00:00,165.492583534,196.29980148599998
 11/30  15:00:00,165.510275883,185.91243400000002
 11/30  16:00:00,163.483478752,175.303663389
 11/30  17:00:00,167.65433952700002,155.23352434
 11/30  18:00:00,128.669446723,166.618152505
 11/30  19:00:00,128.744853058,194.17744697900002
 11/30  20:00:00,128.98189607700002,198.88988375099999
 11/30  21:00:00,129.024701592,215.32570247299998
 11/30  22:00:00,55.5107311816,8.98220504488
 11/30  23:00:00,55.409477367,8.96580860382
 11/30  24:00:00,56.1900557061,6.093505363459999
 12/01  01:00:00,55.4586466957,3.22568
 12/01  02:00:00,55.4693371497,6.0901188804699995
 12/01  03:00:00,55.474787549300004,6.0902206851
 12/01  04:00:00,55.4811943663,3.22568
 12/01  05:00:00,56.549391856999996,6.09032218006
 12/01  06:00:00,56.3902855475,6.09018160555
 12/01  07:00:00,64.33254469149999,158.707209995
 12/01  08:00:00,124.31726324899999,101.72338276299999
 12/01  09:00:00,166.073046348,72.0470003318
 12/01  10:00:00,169.5622428,66.6619352916
 12/01  11:00:00,175.69374529599997,71.4666124595
 12/01  12:00:00,175.49386828,59.1221714256
 12/01  13:00:00,173.74832189900002,59.156281364099996
 12/01  14:00:00,165.765318614,95.75019632909999
 12/01  15:00:00,165.412931902,141.956447685
 12/01  16:00:00,163.392900815,135.679733852
 12/01  17:00:00,167.481167897,114.868189697
 12/01  18:00:00,128.498648345,120.93163708899999
 12/01  19:00:00,128.507552648,128.460356136
 12/01  20:00:00,128.52059388799998,139.2541895
 12/01  21:00:00,128.528130514,141.229019462
 12/01  22:00:00,55.4048704863,11.8609544312
 12/01  23:00:00,55.4455413489,6.096115241080001
 12/01  24:00:00,56.201790966000004,6.09356692635
 12/02  01:00:00,55.467016450299994,3.22568
 12/02  02:00:00,55.466035187299994,6.088571336669999
 12/02  03:00:00,55.4612818343,3.22568
 12/02  04:00:00,55.4608527651,6.088645088130001
 12/02  05:00:00,55.6743284883,3.22568
 12/02  06:00:00,55.6538345492,3.22568
 12/02  07:00:00,55.659137256099996,6.0885599272099995
 12/02  08:00:00,51.304226138599994,3.22568
 12/02  09:00:00,47.0142495396,6.08863419418
 12/02  10:00:00,47.022669999499996,3.22568
 12/02  11:00:00,47.0018601968,6.09016830983
 12/02  12:00:00,47.700194196400005,6.0902757993400005
 12/02  13:00:00,46.9696993082,3.22568
 12/02  14:00:00,47.008068193,6.08861786918
 12/02  15:00:00,47.019045210600005,3.22568
 12/02  16:00:00,47.00847836649999,3.22568
 12/02  17:00:00,51.195486879099995,6.0885330941
 12/02  18:00:00,55.471611827299995,3.22568
 12/02  19:00:00,55.4604843505,6.08860765477
 12/02  20:00:00,55.675858132799995,3.22568
 12/02  21:00:00,55.6612900792,6.08852290545
 12/02  22:00:00,55.538819267799994,3.22568
 12/02  23:00:00,55.382737633199994,3.22568
 12/02  24:00:00,56.1176581806,6.08859749964
 12/03  01:00:00,55.385621137200005,3.22568
 12/03  02:00:00,55.3836771339,6.0883333441400005
 12/03  03:00:00,55.382089388999994,3.22568
 12/03  04:00:00,55.38060709689999,3.22568
 12/03  05:00:00,56.602628519,7.681266171789999
 12/03  06:00:00,56.585466503199996,4.88659983548
 12/03  07:00:00,56.5953965583,7.877139302210001
 12/03  08:00:00,51.2253333336,3.22568
 12/03  09:00:00,46.940047996000004,6.09029073282
 12/03  10:00:00,46.9546214208,3.22568
 12/03  11:00:00,46.9427540808,6.09016105926
 12/03  12:00:00,47.6557845499,6.090274612309999
 12/03  13:00:00,46.9120516948,3.22568
 12/03  14:00:00,46.9474655473,6.090144909480001
 12/03  15:00:00,46.9598116875,3.22568
 12/03  16:00:00,46.9471033154,6.08855733102
 12/03  17:00:00,51.136391497299996,3.22568
 12/03  18:00:00,55.4223445241,3.22568
 12/03  19:00:00,55.420346431599995,6.08863730049
 12/03  20:00:00,56.644129174899994,4.91113888703
 12/03  21:00:00,56.627941227600004,7.97024563749
 12/03  22:00:00,57.1920765123,8.62145572158
 12/03  23:00:00,56.699627952600004,12.003411225199999
 12/03  24:00:00,58.92861632859999,23.865977454499998
 12/04  01:00:00,57.9346356092,28.6673068521
 12/04  02:00:00,58.53269937,31.5793392368
 12/04  03:00:00,58.45012761899999,37.4611837633
 12/04  04:00:00,58.8434992332,40.1282114771
 12/04  05:00:00,58.871376599899996,44.210551887600005
 12/04  06:00:00,59.424543972600006,53.56091800430001
 12/04  07:00:00,66.2561489192,737.814207819
 12/04  08:00:00,125.80995257100001,448.515301476
 12/04  09:00:00,166.39548107299998,353.50438065099996
 12/04  10:00:00,166.355902077,303.22816496400003
 12/04  11:00:00,170.341935137,282.318960063
 12/04  12:00:00,171.19088102799998,248.12522286
 12/04  13:00:00,170.564351041,251.43896131900001
 12/04  14:00:00,166.662309094,249.190362635
 12/04  15:00:00,166.812251575,239.29078277099998
 12/04  16:00:00,164.588028253,231.944755913
 12/04  17:00:00,168.498835959,215.17592555599998
 12/04  18:00:00,129.536381504,254.478833426
 12/04  19:00:00,129.551103001,278.330372914
 12/04  20:00:00,129.774426554,285.859058166
 12/04  21:00:00,129.768528264,292.931408063
 12/04  22:00:00,55.4463347126,8.98279160901
 12/04  23:00:00,55.341778928000004,8.96644277278
 12/04  24:00:00,56.140793366000004,6.09360063274
 12/05  01:00:00,55.373219704899995,3.22568
 12/05  02:00:00,56.3839370287,6.6572731185
 12/05  03:00:00,56.71581624270001,7.0882035729799995
 12/05  04:00:00,57.0486079613,4.70112064389
 12/05  05:00:00,57.772335796899995,7.7093629110699995
 12/05  06:00:00,57.9371099477,8.65300996749
 12/05  07:00:00,66.3883103556,566.388240955
 12/05  08:00:00,125.64668978899999,427.751144978
 12/05  09:00:00,166.371932129,348.03626023099997
 12/05  10:00:00,166.375389582,321.861628673
 12/05  11:00:00,170.371873875,317.41681273
 12/05  12:00:00,171.124357238,297.199259135
 12/05  13:00:00,170.358362525,291.22852879
 12/05  14:00:00,166.376680437,287.88335157299997
 12/05  15:00:00,166.373516316,278.692419191
 12/05  16:00:00,164.346569344,271.725263817
 12/05  17:00:00,168.54719601600002,278.400342573
 12/05  18:00:00,129.602550126,327.045585947
 12/05  19:00:00,129.61221584700002,341.80342198799997
 12/05  20:00:00,129.616169922,343.087919525
 12/05  21:00:00,129.616790165,345.18188300300005
 12/05  22:00:00,55.287273425200006,8.98297331489
 12/05  23:00:00,55.3377994042,8.966137351210001
 12/05  24:00:00,56.135866023999995,6.09368387484
 12/06  01:00:00,55.3717185229,3.22568
 12/06  02:00:00,55.3724259671,6.090276809780001
 12/06  03:00:00,56.380444187200006,6.837144325060001
 12/06  04:00:00,56.7147770691,4.54139800886
 12/06  05:00:00,57.263344894700005,8.108722267760001
 12/06  06:00:00,56.910720042200005,8.52367642626
 12/06  07:00:00,66.08751470989999,587.249152526
 12/06  08:00:00,125.68116684399999,452.30786433800006
 12/06  09:00:00,166.392274708,375.79059155199997
 12/06  10:00:00,166.38595034600002,347.374487365
 12/06  11:00:00,170.370048078,332.15334983
 12/06  12:00:00,171.12237407,299.218993007
 12/06  13:00:00,170.355050643,296.18210666
 12/06  14:00:00,166.370791125,292.134829355
 12/06  15:00:00,166.36693204600002,284.685507626
 12/06  16:00:00,164.340816211,283.40283975799997
 12/06  17:00:00,168.55095661,300.671129963
 12/06  18:00:00,129.609580469,344.652244222
 12/06  19:00:00,129.62474175399998,370.33817471699996
 12/06  20:00:00,129.84857182,383.338828144
 12/06  21:00:00,129.840039772,384.66763015
 12/06  22:00:00,55.43091857100001,11.862084066300001
 12/06  23:00:00,55.3313226113,6.09584786225
 12/06  24:00:00,56.804637065,6.695166209580001
 12/07  01:00:00,56.7139494608,7.47381387122
 12/07  02:00:00,57.05233213060001,5.636922181009999
 12/07  03:00:00,56.7128655909,9.284673225610002
 12/07  04:00:00,57.721663762,17.8405666126
 12/07  05:00:00,58.9510221804,41.3265936967
 12/07  06:00:00,59.6824647499,56.9344564987
 12/07  07:00:00,66.2971847332,716.773407442
 12/07  08:00:00,125.918852481,524.36597584
 12/07  09:00:00,166.444415453,428.77486217800003
 12/07  10:00:00,166.401067565,394.049397944
 12/07  11:00:00,170.375783726,370.21331643699995
 12/07  12:00:00,171.128001311,336.24070718900003
 12/07  13:00:00,170.344579504,307.647295154
 12/07  14:00:00,166.357626891,292.464124048
 12/07  15:00:00,166.350912751,279.554772989
 12/07  16:00:00,164.32705233299998,270.48493603400004
 12/07  17:00:00,168.53229457,281.02969387400003
 12/07  18:00:00,129.597973141,339.031188709
 12/07  19:00:00,129.620558028,375.576975118
 12/07  20:00:00,129.854107019,398.82729512199995
 12/07  21:00:00,129.85617171299998,414.077363041
 12/07  22:00:00,55.4209916449,8.9831597392
 12/07  23:00:00,55.319309723100005,6.09634302408
 12/07  24:00:00,57.1346117247,6.968601356839999
 12/08  01:00:00,56.7083128515,7.62033222842
 12/08  02:00:00,57.0487607596,8.693756958489999
 12/08  03:00:00,56.712313675699995,7.50269159011
 12/08  04:00:00,58.984758184899995,41.3008594522
 12/08  05:00:00,60.1127062136,54.7157493116
 12/08  06:00:00,60.139367918199994,56.33341060520001
 12/08  07:00:00,66.669830871,755.56409468
 12/08  08:00:00,126.066104324,557.446633877
 12/08  09:00:00,166.478180665,452.32054847800003
 12/08  10:00:00,166.410550967,398.747485718
 12/08  11:00:00,170.3675045,360.277992939
 12/08  12:00:00,171.120498919,325.33095379400004
 12/08  13:00:00,170.35384841200002,318.134702682
 12/08  14:00:00,166.366015252,302.040283135
 12/08  15:00:00,166.361220661,281.659394388
 12/08  16:00:00,164.336435762,269.40916435099996
 12/08  17:00:00,168.535923604,270.555120203
 12/08  18:00:00,129.590556801,308.842669413
 12/08  19:00:00,129.601705303,329.904597564
 12/08  20:00:00,129.610240382,341.319832285
 12/08  21:00:00,129.619122167,344.972219141
 12/08  22:00:00,55.2864488693,11.8626574432
 12/08  23:00:00,55.3368963819,6.09608365449
 12/08  24:00:00,56.1362996333,6.09365463759
 12/09  01:00:00,55.3705811568,6.08868893831
 12/09  02:00:00,55.3717255053,3.22568
 12/09  03:00:00,55.3678174987,3.22568
 12/09  04:00:00,55.3646463113,6.08863841175
 12/09  05:00:00,56.592305542700004,3.9217652965199994
 12/09  06:00:00,56.244920015699996,6.60310427872
 12/09  07:00:00,56.5945420851,4.03869250723
 12/09  08:00:00,51.5651875341,3.42870271775
 12/09  09:00:00,46.9357782038,6.08869991227
 12/09  10:00:00,46.9484609618,6.090297017979999
 12/09  11:00:00,46.9376833754,3.22568
 12/09  12:00:00,47.6579553787,6.09019934429
 12/09  13:00:00,46.913306032399994,3.22568
 12/09  14:00:00,46.948469406899996,6.08864031758
 12/09  15:00:00,46.958962546,3.22568
 12/09  16:00:00,46.9442011155,6.088590547280001
 12/09  17:00:00,52.711192477299996,4.49614819237
 12/09  18:00:00,56.871301468599995,7.953662098130001
 12/09  19:00:00,56.998922390699995,6.884247976369999
 12/09  20:00:00,58.5575627571,34.851116620700004
 12/09  21:00:00,59.16182362560001,44.8989284956
 12/09  22:00:00,59.6640726675,67.7089043059
 12/09  23:00:00,59.3903289867,75.9091119521
 12/09  24:00:00,60.2596033671,84.660387711
 12/10  01:00:00,59.402805779,93.74978117799999
 12/10  02:00:00,60.057355470699996,105.124035211
 12/10  03:00:00,60.0776902167,111.920046489
 12/10  04:00:00,60.199905192799996,119.437410175
 12/10  05:00:00,60.5940626683,144.407099061
 12/10  06:00:00,60.6176279178,151.47237255
 12/10  07:00:00,60.80251152020001,159.47237645799999
 12/10  08:00:00,56.2360520649,120.20326611799999
 12/10  09:00:00,51.5166585663,118.54292772299999
 12/10  10:00:00,51.0552254801,93.31397767360001
 12/10  11:00:00,50.8663511509,72.5006375531
 12/10  12:00:00,51.609587133000005,70.1164309157
 12/10  13:00:00,49.736388793100005,47.4290084979
 12/10  14:00:00,50.1602521257,49.1336741562
 12/10  15:00:00,49.694931775,40.9062911917
 12/10  16:00:00,49.4392712701,37.0718339513
 12/10  17:00:00,54.7199230807,62.9946105567
 12/10  18:00:00,58.968433454899994,62.207598500100005
 12/10  19:00:00,59.7511244695,88.292242156
 12/10  20:00:00,60.0978455845,90.43245874870001
 12/10  21:00:00,61.0764693452,125.023080487
 12/10  22:00:00,60.1859657591,152.04989972799999
 12/10  23:00:00,61.3215016124,185.62800093099997
 12/10  24:00:00,61.0516934582,162.331576549
 12/11  01:00:00,61.4030723981,211.13266089200002
 12/11  02:00:00,60.4265676549,174.93239847599997
 12/11  03:00:00,61.502779652799994,210.305128006
 12/11  04:00:00,60.4861617092,182.89129353299998
 12/11  05:00:00,61.7889430687,225.801828025
 12/11  06:00:00,60.7154591824,193.021058017
 12/11  07:00:00,66.4135907659,888.54764686
 12/11  08:00:00,128.269007039,716.829038268
 12/11  09:00:00,166.818983364,591.847318039
 12/11  10:00:00,166.61171711,553.708411888
 12/11  11:00:00,170.461381268,489.91006010300003
 12/11  12:00:00,171.155631578,417.770494845
 12/11  13:00:00,170.35882298,380.988426649
 12/11  14:00:00,166.360357921,350.072018435
 12/11  15:00:00,166.34792371,325.35030466
 12/11  16:00:00,164.32355333799998,314.603781068
 12/11  17:00:00,168.55326947,344.769276915
 12/11  18:00:00,129.644518695,421.69174586
 12/11  19:00:00,129.672819574,453.07764958300004
 12/11  20:00:00,129.938395571,492.61952629300004
 12/11  21:00:00,129.952925507,515.349445716
 12/11  22:00:00,55.4062947485,8.984212374310001
 12/11  23:00:00,56.658948423999995,10.9551038947
 12/11  24:00:00,59.107890983100006,42.2389204146
 12/12  01:00:00,58.8310325042,56.3981620296
 12/12  02:00:00,59.7540494618,82.5911748292
 12/12  03:00:00,59.171692318299996,86.0206908998
 12/12  04:00:00,59.7617149812,95.205926946
 12/12  05:00:00,60.2416358312,99.3289763034
 12/12  06:00:00,60.6543468543,106.32365892700001
 12/12  07:00:00,66.7023125268,821.4247375210001
 12/12  08:00:00,127.68694802600001,571.935820795
 12/12  09:00:00,166.505284367,465.34953955
 12/12  10:00:00,166.46350978799998,432.43524444400003
 12/12  11:00:00,170.410097544,396.526226695
 12/12  12:00:00,171.144376364,347.191643147
 12/12  13:00:00,170.368151359,326.576316107
 12/12  14:00:00,166.37395385,308.30943226200003
 12/12  15:00:00,166.36971231799998,287.074555212
 12/12  16:00:00,164.347439598,268.638777108
 12/12  17:00:00,168.542888417,255.570809004
 12/12  18:00:00,129.58692112,276.836879916
 12/12  19:00:00,129.603113996,288.174590518
 12/12  20:00:00,129.609163398,299.083114839
 12/12  21:00:00,129.607451448,300.275010508
 12/12  22:00:00,55.3033625754,11.8633344247
 12/12  23:00:00,55.35024429640001,6.09619840462
 12/12  24:00:00,56.1498304999,6.0937661707
 12/13  01:00:00,55.39606505729999,6.09042326855
 12/13  02:00:00,55.393793953999996,3.22568
 12/13  03:00:00,55.391462410200006,6.09034645882
 12/13  04:00:00,55.3878405755,6.09026953081
 12/13  05:00:00,55.5969948295,3.22568
 12/13  06:00:00,55.5810131203,6.09044165669
 12/13  07:00:00,65.008073601,406.34512759
 12/13  08:00:00,126.349762335,327.032266017
 12/13  09:00:00,165.773772335,271.18169493799996
 12/13  10:00:00,165.680801121,229.14912954599998
 12/13  11:00:00,169.611929371,226.71613209
 12/13  12:00:00,170.351848035,209.609703498
 12/13  13:00:00,169.57246356,200.39517429
 12/13  14:00:00,165.603183102,201.714988887
 12/13  15:00:00,165.627457787,198.84167579200002
 12/13  16:00:00,163.602344485,187.61333432400002
 12/13  17:00:00,167.778364713,169.16975470100002
 12/13  18:00:00,128.76429008600002,172.675442267
 12/13  19:00:00,128.71361924299998,174.988428705
 12/13  20:00:00,128.908677858,182.794205287
 12/13  21:00:00,128.870329294,181.731403815
 12/13  22:00:00,55.53713642020001,8.984448548200001
 12/13  23:00:00,55.42370285609999,8.96683998132
 12/13  24:00:00,56.196261515699995,6.09378090096
 12/14  01:00:00,55.464048875699994,3.22568
 12/14  02:00:00,55.4617196659,6.09034301008
 12/14  03:00:00,55.458390016,6.09027124048
 12/14  04:00:00,55.455658032799995,3.22568
 12/14  05:00:00,55.667483886599996,6.09044904513
 12/14  06:00:00,55.6514059741,6.09037692133
 12/14  07:00:00,64.1687136237,272.32870761
 12/14  08:00:00,125.844274461,205.586679461
 12/14  09:00:00,165.357712932,188.70991396099998
 12/14  10:00:00,165.38602315,193.967145938
 12/14  11:00:00,169.387086615,191.572518693
 12/14  12:00:00,170.131106426,179.641654014
 12/14  13:00:00,169.414059272,180.997844442
 12/14  14:00:00,165.416900206,167.338040302
 12/14  15:00:00,165.415566084,153.22086745200002
 12/14  16:00:00,163.419597773,157.558114976
 12/14  17:00:00,167.609087057,146.700784281
 12/14  18:00:00,128.63720382399998,155.731912679
 12/14  19:00:00,128.666130492,169.141321322
 12/14  20:00:00,128.97445605299998,197.75207991599999
 12/14  21:00:00,129.061000342,215.50917434
 12/14  22:00:00,55.51363673149999,8.9841551119
 12/14  23:00:00,55.402338444799994,8.966603776389999
 12/14  24:00:00,56.1793700627,6.0938117063999995
 12/15  01:00:00,55.4300646313,3.22568
 12/15  02:00:00,55.4240799308,6.09044907979
 12/15  03:00:00,55.4200463742,6.090382129349999
 12/15  04:00:00,55.4216808718,3.22568
 12/15  05:00:00,56.483348243900004,6.0903151091100005
 12/15  06:00:00,56.3085516973,3.7292763506
 12/15  07:00:00,64.9663169167,368.795152037
 12/15  08:00:00,126.201258019,296.221512901
 12/15  09:00:00,165.67273033200001,254.018543218
 12/15  10:00:00,165.69574304399998,236.95521965700001
 12/15  11:00:00,169.69666382100002,235.180055345
 12/15  12:00:00,170.437874716,214.954458615
 12/15  13:00:00,169.635082423,203.12153483900002
 12/15  14:00:00,165.618583507,199.78184561400002
 12/15  15:00:00,165.618398595,190.646344035
 12/15  16:00:00,163.602357206,187.403035421
 12/15  17:00:00,167.76787578,165.602901502
 12/15  18:00:00,128.785457986,174.588633252
 12/15  19:00:00,128.840977883,195.62056537700002
 12/15  20:00:00,128.884055139,208.63723831
 12/15  21:00:00,128.888835632,212.362999575
 12/15  22:00:00,55.34896402,8.984268724089999
 12/15  23:00:00,55.39039634270001,8.96669432146
 12/15  24:00:00,56.1700729964,6.0938592393699995
 12/16  01:00:00,55.415204109099996,3.22568
 12/16  02:00:00,55.416236096000006,3.22568
 12/16  03:00:00,55.4076837116,6.08872049865
 12/16  04:00:00,55.4001961691,3.22568
 12/16  05:00:00,55.6034469346,6.08870329525
 12/16  06:00:00,55.5800325787,3.22568
 12/16  07:00:00,55.5894739233,6.08868629227
 12/16  08:00:00,52.6659826112,3.22568
 12/16  09:00:00,46.9543142063,3.22568
 12/16  10:00:00,46.976081986400004,6.09040890791
 12/16  11:00:00,46.977567028500005,6.0903467184
 12/16  12:00:00,47.696624183800004,3.22568
 12/16  13:00:00,46.985154503000004,6.0902845403
 12/16  14:00:00,47.0291770311,3.22568
 12/16  15:00:00,47.0399865066,6.088715376830001
 12/16  16:00:00,47.0235162318,3.22568
 12/16  17:00:00,51.2046583893,6.088698593280001
 12/16  18:00:00,55.486145706,3.22568
 12/16  19:00:00,55.4809252511,6.088681844809999
 12/16  20:00:00,55.689955612,3.22568
 12/16  21:00:00,55.672888367700004,3.22568
 12/16  22:00:00,55.5523181974,6.08866512342
 12/16  23:00:00,55.3893180947,3.22568
 12/16  24:00:00,56.114186702,6.08864842426
 12/17  01:00:00,55.3717525266,3.22568
 12/17  02:00:00,55.366515364899996,6.0886361007300005
 12/17  03:00:00,56.580994499999996,3.99007513125
 12/17  04:00:00,56.7098307219,4.27706827363
 12/17  05:00:00,56.806313212700005,7.20088408046
 12/17  06:00:00,57.2442201958,5.01721482599
 12/17  07:00:00,56.9165217157,7.772978318400001
 12/17  08:00:00,53.98952496810001,4.74950370014
 12/17  09:00:00,47.9436928183,7.0747690271399994
 12/17  10:00:00,47.6290683257,3.6699810138099997
 12/17  11:00:00,46.9483271361,6.0903812120500005
 12/17  12:00:00,47.666494699,6.090323866
 12/17  13:00:00,46.936324300200006,3.22568
 12/17  14:00:00,46.977228220200004,6.090517874730001
 12/17  15:00:00,46.9871092642,3.22568
 12/17  16:00:00,46.9690697565,6.088697946209999
 12/17  17:00:00,51.152702216099996,3.22568
 12/17  18:00:00,55.432759572600006,6.08868574615
 12/17  19:00:00,55.4278789468,3.22568
 12/17  20:00:00,55.643307290100005,6.08867357232
 12/17  21:00:00,55.6299029925,3.22568
 12/17  22:00:00,56.5213619945,4.02140141161
 12/17  23:00:00,56.700040656999995,7.50251827182
 12/17  24:00:00,57.777013334399996,5.26412618202
 12/18  01:00:00,56.702005737200004,8.0849197938
 12/18  02:00:00,57.044748400900005,8.79507369485
 12/18  03:00:00,56.70892380350001,5.64420876452
 12/18  04:00:00,57.0461362082,9.37272515011
 12/18  05:00:00,56.8602721039,8.758128740130001
 12/18  06:00:00,56.914333551999995,6.1318999201199995
 12/18  07:00:00,65.2636318236,537.173408816
 12/18  08:00:00,126.343143346,336.41721022900003
 12/18  09:00:00,165.70042545299998,280.28939752599996
 12/18  10:00:00,165.706020223,254.412640532
 12/18  11:00:00,169.704401477,247.828673965
 12/18  12:00:00,170.446247467,226.13802152
 12/18  13:00:00,169.570121611,197.45294365799998
 12/18  14:00:00,165.5827132,207.186488043
 12/18  15:00:00,165.599575359,196.95749000400002
 12/18  16:00:00,163.55200809,187.795167193
 12/18  17:00:00,167.689157736,158.233973693
 12/18  18:00:00,128.726282938,178.019972661
 12/18  19:00:00,128.756392855,199.16943947400003
 12/18  20:00:00,129.00396424299998,215.872283671
 12/18  21:00:00,129.018840378,221.23576254
 12/18  22:00:00,55.5092997537,8.98379242479
 12/18  23:00:00,55.3964812791,8.96686623862
 12/18  24:00:00,56.169836265600004,6.093656568589999
 12/19  01:00:00,55.41590366649999,6.090373705119999
 12/19  02:00:00,55.4131170633,3.22568
 12/19  03:00:00,55.4088672808,6.09032634015
 12/19  04:00:00,55.4049672685,3.22568
 12/19  05:00:00,56.4645641106,6.09053127483
 12/19  06:00:00,56.2929995622,6.090483487719999
 12/19  07:00:00,65.233607005,425.789152734
 12/19  08:00:00,126.54056259299999,344.75698376699995
 12/19  09:00:00,166.059051869,278.954575686
 12/19  10:00:00,166.077685923,254.488046252
 12/19  11:00:00,170.07639896,257.48855902099996
 12/19  12:00:00,170.829346487,238.92483007799999
 12/19  13:00:00,169.887105482,220.952778427
 12/19  14:00:00,165.796530675,215.020261792
 12/19  15:00:00,165.795612821,212.17133738400003
 12/19  16:00:00,163.772153236,203.33080043099997
 12/19  17:00:00,167.947825145,188.910668093
 12/19  18:00:00,129.04862506799998,209.565480124
 12/19  19:00:00,129.11901208700002,227.612621348
 12/19  20:00:00,129.041175446,224.325201592
 12/19  21:00:00,128.989230332,227.691110517
 12/19  22:00:00,55.342738726499995,8.98469827711
 12/19  23:00:00,55.388475945,8.967021486410001
 12/19  24:00:00,56.166251655,6.094031655529999
 12/20  01:00:00,55.4042430881,3.22568
 12/20  02:00:00,55.401239304300006,6.090397578099999
 12/20  03:00:00,55.3963616809,6.09035484204
 12/20  04:00:00,55.3919187215,3.22568
 12/20  05:00:00,55.6022441917,6.09031200488
 12/20  06:00:00,55.5849046684,6.09052208855
 12/20  07:00:00,65.1490501612,434.860227305
 12/20  08:00:00,126.609540395,343.546235593
 12/20  09:00:00,166.04783952100001,279.287580148
 12/20  10:00:00,165.820777705,234.423255957
 12/20  11:00:00,169.63393824,223.61640101700002
 12/20  12:00:00,170.39364248200002,217.204857992
 12/20  13:00:00,169.886630989,247.57195122599998
 12/20  14:00:00,166.095362437,243.432194622
 12/20  15:00:00,166.091212679,230.65811087900002
 12/20  16:00:00,163.61789406,169.608893327
 12/20  17:00:00,167.601492236,136.702002311
 12/20  18:00:00,128.64897013799998,160.859809595
 12/20  19:00:00,128.678399748,182.53909473099998
 12/20  20:00:00,128.935573071,202.985593515
 12/20  21:00:00,128.951518484,209.98625537
 12/20  22:00:00,55.514030804300006,8.98455460433
 12/20  23:00:00,55.405780676800006,8.966858513270001
 12/20  24:00:00,56.1816954621,6.093952314269999
 12/21  01:00:00,55.4349799895,3.22568
 12/21  02:00:00,55.437164182,6.09031491488
 12/21  03:00:00,55.4294488982,6.09053041638
 12/21  04:00:00,55.4142461829,3.22568
 12/21  05:00:00,55.616291107100004,6.0904920692
 12/21  06:00:00,55.5965329451,6.09045368681
 12/21  07:00:00,64.9908935575,439.138347991
 12/21  08:00:00,126.595642454,333.274634875
 12/21  09:00:00,166.056366845,274.717127468
 12/21  10:00:00,166.07712161799998,256.103311559
 12/21  11:00:00,170.076186509,256.332358428
 12/21  12:00:00,170.82980359799998,238.430024943
 12/21  13:00:00,170.07249241,237.423324601
 12/21  14:00:00,166.090677027,233.60356089599998
 12/21  15:00:00,166.086205898,226.878362675
 12/21  16:00:00,164.056028753,220.058194242
 12/21  17:00:00,168.227435619,201.130400064
 12/21  18:00:00,129.38709755,227.381901305
 12/21  19:00:00,129.556432204,249.60991974799998
 12/21  20:00:00,129.781248551,263.863132041
 12/21  21:00:00,129.770669545,273.373656113
 12/21  22:00:00,55.4573750747,8.98518327224
 12/21  23:00:00,55.353192263900006,8.967460406889998
 12/21  24:00:00,56.1489324212,6.09382545715
 12/22  01:00:00,55.3853213427,3.22568
 12/22  02:00:00,55.3865799153,6.090358602899999
 12/22  03:00:00,55.3809704646,6.09032519319
 12/22  04:00:00,55.375831484799996,3.22568
 12/22  05:00:00,57.785308360900004,6.98240175622
 12/22  06:00:00,57.9493258687,7.468992557130001
 12/22  07:00:00,66.2159407441,537.120545582
 12/22  08:00:00,127.03767775,436.75170173199996
 12/22  09:00:00,166.375097171,348.076246729
 12/22  10:00:00,166.372217169,308.514758051
 12/22  11:00:00,170.36548569,289.565409415
 12/22  12:00:00,171.12416942,264.29687172
 12/22  13:00:00,170.364955966,262.204675191
 12/22  14:00:00,166.29053854100002,247.966557965
 12/22  15:00:00,166.081128662,226.23114939599998
 12/22  16:00:00,164.19542419,235.173767892
 12/22  17:00:00,168.527778402,219.834240196
 12/22  18:00:00,129.568218741,250.96228770599998
 12/22  19:00:00,129.578998045,274.099808343
 12/22  20:00:00,129.585798605,287.000819448
 12/22  21:00:00,129.586154489,295.311087423
 12/22  22:00:00,55.299468616800006,8.98494444584
 12/22  23:00:00,55.3488361733,8.96774553977
 12/22  24:00:00,56.1436126948,6.09410019336
 12/23  01:00:00,55.379181885600005,3.22568
 12/23  02:00:00,55.3783578582,6.08876282418
 12/23  03:00:00,55.37291128,3.22568
 12/23  04:00:00,56.2651153313,6.64995967647
 12/23  05:00:00,56.9294225435,4.26736588284
 12/23  06:00:00,57.2497246626,7.50097442837
 12/23  07:00:00,56.874347800100004,4.50382931004
 12/23  08:00:00,53.3284472156,3.7097763327999997
 12/23  09:00:00,46.9394896506,6.08880359656
 12/23  10:00:00,46.956660182200004,6.09052755786
 12/23  11:00:00,46.9562492584,3.22568
 12/23  12:00:00,47.674899528000005,6.09049823582
 12/23  13:00:00,46.953859215,6.09046892632
 12/23  14:00:00,46.99972334,3.22568
 12/23  15:00:00,47.0189268249,3.22568
 12/23  16:00:00,47.006705761400006,6.08879965049
 12/23  17:00:00,51.1939770005,3.22568
 12/23  18:00:00,55.477829396800004,6.0885413896200005
 12/23  19:00:00,55.474561751,3.22568
 12/23  20:00:00,55.6874399191,6.0886612717499995
 12/23  21:00:00,55.6686002905,3.22568
 12/23  22:00:00,55.5443401086,3.22568
 12/23  23:00:00,55.390071031400005,6.088675417389999
 12/23  24:00:00,56.1180910661,3.22568
 12/24  01:00:00,55.3885764304,6.088691548230001
 12/24  02:00:00,55.384660942,3.22568
 12/24  03:00:00,55.3832824189,6.08870919627
 12/24  04:00:00,55.60013289649999,3.4124781781999998
 12/24  05:00:00,56.5349750484,3.9240616127900005
 12/24  06:00:00,56.585854693900004,6.92039907482
 12/24  07:00:00,56.9341676971,4.4374481479900005
 12/24  08:00:00,52.9971507251,6.32231008801
 12/24  09:00:00,46.944118421800006,3.22568
 12/24  10:00:00,46.962192976000004,6.09039820432
 12/24  11:00:00,46.9576590399,6.0903735051400005
 12/24  12:00:00,47.6744317824,3.22568
 12/24  13:00:00,46.9600503555,6.0903488068
 12/24  14:00:00,47.0096500866,6.090579141849999
 12/24  15:00:00,47.0284640155,3.22568
 12/24  16:00:00,47.019373581800004,6.08866413247
 12/24  17:00:00,51.2099489184,3.22568
 12/24  18:00:00,55.4842412437,3.22568
 12/24  19:00:00,55.4804983414,6.08868244267
 12/24  20:00:00,55.7022585205,3.22568
 12/24  21:00:00,55.6932718891,6.08870073681
 12/24  22:00:00,55.5854115431,3.22568
 12/24  23:00:00,55.4269309782,6.08871901328
 12/24  24:00:00,56.136913033599996,3.22568
 12/25  01:00:00,55.4264697737,3.22568
 12/25  02:00:00,55.4299388894,6.08874020947
 12/25  03:00:00,55.4289947916,3.22568
 12/25  04:00:00,55.412673589499995,6.08876202322
 12/25  05:00:00,55.6096516068,3.22568
 12/25  06:00:00,55.583277765,6.08878403277
 12/25  07:00:00,55.5814080243,3.22568
 12/25  08:00:00,52.6506141287,3.22568
 12/25  09:00:00,46.933041950799996,6.090583055630001
 12/25  10:00:00,47.5007255158,6.591566854269999
 12/25  11:00:00,47.2684629768,3.5022052970199997
 12/25  12:00:00,48.2790933356,6.59811879768
 12/25  13:00:00,46.906212409700004,6.0905218226199995
 12/25  14:00:00,46.9426134709,3.22568
 12/25  15:00:00,46.9533845624,6.08872382223
 12/25  16:00:00,48.234740808699996,4.37731826797
 12/25  17:00:00,52.813360541099996,8.09844755237
 12/25  18:00:00,56.7632544365,5.918673935369999
 12/25  19:00:00,57.5157784251,19.5845220582
 12/25  20:00:00,58.6949327218,40.7940169286
 12/25  21:00:00,59.1902560741,45.917408207200005
 12/25  22:00:00,59.6098409758,81.66740004350001
 12/25  23:00:00,59.343913224,81.78087794310001
 12/25  24:00:00,60.99897583,114.24760854
 12/26  01:00:00,60.0244789861,105.11102011
 12/26  02:00:00,60.510634296899994,143.384673065
 12/26  03:00:00,60.2261344014,128.507279483
 12/26  04:00:00,60.7157558204,158.958954611
 12/26  05:00:00,61.3496635487,136.263767124
 12/26  06:00:00,61.672382273400004,172.71027813700002
 12/26  07:00:00,66.7452666564,831.778362759
 12/26  08:00:00,129.551026165,658.192416182
 12/26  09:00:00,166.636540213,539.1415915919999
 12/26  10:00:00,166.51556177,499.71003962300006
 12/26  11:00:00,170.418191701,461.04373429099996
 12/26  12:00:00,171.144186752,405.12892484199995
 12/26  13:00:00,170.35081049,375.970389797
 12/26  14:00:00,166.367429008,362.62698803
 12/26  15:00:00,166.360310111,349.218324866
 12/26  16:00:00,164.338924037,337.642735476
 12/26  17:00:00,168.57553145100002,367.12544789300006
 12/26  18:00:00,129.655985229,418.440946504
 12/26  19:00:00,129.67711517799998,438.509924534
 12/26  20:00:00,129.690692662,448.096350365
 12/26  21:00:00,129.710003926,460.94103683599997
 12/26  22:00:00,55.2547394255,8.985618139149999
 12/26  23:00:00,56.322843031800005,10.0820342993
 12/26  24:00:00,57.4708289221,8.53489222783
 12/27  01:00:00,58.238349146000004,34.2236948802
 12/27  02:00:00,58.702146704499995,52.369948467200004
 12/27  03:00:00,59.7477370295,76.4072055053
 12/27  04:00:00,59.163610070699995,76.2332433767
 12/27  05:00:00,59.974554551400004,95.4499009302
 12/27  06:00:00,59.3776846689,99.3423766675
 12/27  07:00:00,66.3701063564,823.45154226
 12/27  08:00:00,129.152965328,596.41400269
 12/27  09:00:00,166.513619495,484.084055649
 12/27  10:00:00,166.443799241,447.776663288
 12/27  11:00:00,170.37901335,415.89610798
 12/27  12:00:00,171.114783424,363.13345114699996
 12/27  13:00:00,170.336849326,343.11598532700003
 12/27  14:00:00,166.352487578,325.650470574
 12/27  15:00:00,166.348487417,310.226058769
 12/27  16:00:00,164.32989997200002,311.039309103
 12/27  17:00:00,167.125039778,337.76352128400003
 12/27  18:00:00,129.621374411,387.821063135
 12/27  19:00:00,129.641255059,409.389316703
 12/27  20:00:00,129.877154494,429.12219492800006
 12/27  21:00:00,129.88325417299998,444.98447814699995
 12/27  22:00:00,55.4120447762,8.98512514357
 12/27  23:00:00,55.988155908100005,9.626184245669998
 12/27  24:00:00,57.471312348599994,7.8126271712
 12/28  01:00:00,57.0469490124,9.93240445263
 12/28  02:00:00,58.258821267100004,37.4243690071
 12/28  03:00:00,59.435787271,61.9460533839
 12/28  04:00:00,58.9934778268,64.5697192212
 12/28  05:00:00,60.1341649316,89.8165797803
 12/28  06:00:00,59.2100192975,86.6074843082
 12/28  07:00:00,66.3834249213,828.903802265
 12/28  08:00:00,129.230862443,616.389286944
 12/28  09:00:00,166.538711645,505.380735113
 12/28  10:00:00,166.49668525799999,481.203823348
 12/28  11:00:00,170.400133458,440.517194052
 12/28  12:00:00,171.14055346,395.24640883
 12/28  13:00:00,170.36249274,377.41870312300006
 12/28  14:00:00,166.37248241,361.921690255
 12/28  15:00:00,166.366535317,346.78942918800004
 12/28  16:00:00,164.347161384,338.199739389
 12/28  17:00:00,167.14892582299998,358.41028935599996
 12/28  18:00:00,129.652460064,409.37414194699994
 12/28  19:00:00,129.669969858,431.12176368800004
 12/28  20:00:00,129.895720083,434.244012081
 12/28  21:00:00,129.88963044,441.22772077400003
 12/28  22:00:00,55.4114361655,11.8654577558
 12/28  23:00:00,55.6505618188,6.46594005589
 12/28  24:00:00,57.80736202560001,8.15068000315
 12/29  01:00:00,56.7075680149,8.993281114910001
 12/29  02:00:00,57.358464672,13.135960396600002
 12/29  03:00:00,58.878333296499996,45.7521617845
 12/29  04:00:00,59.271378867399996,55.8715485587
 12/29  05:00:00,60.104213539300005,58.8415455682
 12/29  06:00:00,60.636234601400005,73.63848397439999
 12/29  07:00:00,66.6544515109,759.878405877
 12/29  08:00:00,128.830985144,516.109134157
 12/29  09:00:00,166.45202515399998,423.16532037699994
 12/29  10:00:00,166.390030986,380.38571889199994
 12/29  11:00:00,170.374413435,360.446760756
 12/29  12:00:00,171.123960708,320.91329735700003
 12/29  13:00:00,170.360496842,312.439670282
 12/29  14:00:00,166.373280454,312.91637686400003
 12/29  15:00:00,166.358617645,283.900193332
 12/29  16:00:00,164.334814854,261.74766693
 12/29  17:00:00,167.098784733,256.940990804
 12/29  18:00:00,129.587464976,307.574408642
 12/29  19:00:00,129.602231697,330.448902342
 12/29  20:00:00,129.60768667899998,334.095178727
 12/29  21:00:00,129.607648574,332.436141809
 12/29  22:00:00,55.2881629856,8.98560618442
 12/29  23:00:00,55.3383538633,8.96772582511
 12/29  24:00:00,56.1370922621,6.093966890340001
 12/30  01:00:00,55.37136898600001,3.22568
 12/30  02:00:00,55.3708355409,6.08881714161
 12/30  03:00:00,56.3784927475,3.9660412522199993
 12/30  04:00:00,56.374537376800006,6.97433234337
 12/30  05:00:00,57.2609079692,4.9937117008800005
 12/30  06:00:00,56.9069500786,5.0945131229000005
 12/30  07:00:00,57.259970692299994,9.49249044077
 12/30  08:00:00,55.4216986309,5.01716716798
 12/30  09:00:00,47.9366141908,7.424494420489999
 12/30  10:00:00,47.9489272593,4.41032184073
 12/30  11:00:00,46.9262464131,6.090563099600001
 12/30  12:00:00,47.6483435864,6.09056382076
 12/30  13:00:00,46.909735708999996,3.22568
 12/30  14:00:00,46.950460828000004,6.08884691178
 12/30  15:00:00,46.963828755600005,3.22568
 12/30  16:00:00,46.95220844,6.08872048368
 12/30  17:00:00,49.7126725488,3.22568
 12/30  18:00:00,55.4283436192,6.088762612130001
 12/30  19:00:00,55.4271508386,3.22568
 12/30  20:00:00,55.640136479700004,3.22568
 12/30  21:00:00,55.6249545634,6.088804682569999
 12/30  22:00:00,56.5193182142,4.55177451181
 12/30  23:00:00,57.0364924055,8.691060374700001
 12/30  24:00:00,57.4396836953,5.97030233976
 12/31  01:00:00,57.0378548948,10.879334446500001
 12/31  02:00:00,56.699332384799995,8.168178457969999
 12/31  03:00:00,57.4984448851,11.8504581972
 12/31  04:00:00,58.2599843304,30.619304406799998
 12/31  05:00:00,58.9534554982,33.899391383600005
 12/31  06:00:00,57.9789996604,26.3347509546
 12/31  07:00:00,59.1610100599,39.3375785881
 12/31  08:00:00,56.133714741300004,22.0267096301
 12/31  09:00:00,48.9144344136,14.852778614000002
 12/31  10:00:00,48.279724752700005,13.031170351300002
 12/31  11:00:00,47.928128110900005,9.47085670571
 12/31  12:00:00,47.6371544528,3.22568
 12/31  13:00:00,46.8957563577,6.090496098659999
 12/31  14:00:00,46.935487450100005,6.090500896699999
 12/31  15:00:00,46.9492939745,3.22568
 12/31  16:00:00,46.9374880131,6.08875478774
 12/31  17:00:00,49.6979360229,3.22568
 12/31  18:00:00,56.03500397609999,4.7566718996
 12/31  19:00:00,56.760801011000005,9.72155193985
 12/31  20:00:00,56.6368675266,6.9981460799
 12/31  21:00:00,57.3005541271,15.462638411199999
 12/31  22:00:00,58.7771672612,48.0266737917
 12/31  23:00:00,59.78355478899999,76.744170158
 12/31  24:00:00,59.6163070045,65.1713952979
