Date/Time,Electricity:Facility [kW](Hourly),Gas:Facility [kW](Hourly)
 01/02  01:00:00,15.1069992076,0.0
 01/02  02:00:00,15.1069992076,0.0
 01/02  03:00:00,15.1069992076,0.0
 01/02  04:00:00,15.1069992076,0.0
 01/02  05:00:00,15.1069992076,0.0
 01/02  06:00:00,15.1069992076,0.0
 01/02  07:00:00,23.3382338046,155.598984864
 01/02  08:00:00,30.6088837794,120.178762059
 01/02  09:00:00,34.6805134837,102.146778289
 01/02  10:00:00,49.1586237098,85.1728176606
 01/02  11:00:00,49.1586237098,72.0890607307
 01/02  12:00:00,49.1586237098,52.953702568000004
 01/02  13:00:00,49.1586237098,49.8027710661
 01/02  14:00:00,49.1586237098,42.1998716202
 01/02  15:00:00,49.1586237098,42.6432743692
 01/02  16:00:00,49.1586237098,39.4510804238
 01/02  17:00:00,49.1586237098,41.7879149655
 01/02  18:00:00,60.643623709799996,55.134041482600004
 01/02  19:00:00,48.7988344962,64.5416437187
 01/02  20:00:00,48.7988344962,75.7784994751
 01/02  21:00:00,44.251346817,82.6990967425
 01/02  22:00:00,22.3776491824,0.0
 01/02  23:00:00,15.1069992076,0.0
 01/02  24:00:00,15.1069992076,0.0
 01/03  01:00:00,15.1069992076,0.0
 01/03  02:00:00,15.1069992076,0.0
 01/03  03:00:00,15.1069992076,0.0
 01/03  04:00:00,15.1069992076,0.0
 01/03  05:00:00,15.1069992076,0.0
 01/03  06:00:00,15.1069992076,0.0
 01/03  07:00:00,23.3382338046,182.325600753
 01/03  08:00:00,30.6088837794,137.49724415
 01/03  09:00:00,34.6805134837,111.986905636
 01/03  10:00:00,49.1586237098,90.4935692754
 01/03  11:00:00,49.1586237098,78.1432696789
 01/03  12:00:00,49.1586237098,54.937119007
 01/03  13:00:00,49.1586237098,43.5276389312
 01/03  14:00:00,49.1586237098,37.4724387018
 01/03  15:00:00,49.1586237098,31.4529567483
 01/03  16:00:00,49.1586237098,25.3548426558
 01/03  17:00:00,49.1586237098,35.2265643075
 01/03  18:00:00,60.643623709799996,57.7469982116
 01/03  19:00:00,48.7988344962,70.2802433562
 01/03  20:00:00,48.7988344962,81.69831237609999
 01/03  21:00:00,44.251346817,87.4059731606
 01/03  22:00:00,22.3776491824,0.0
 01/03  23:00:00,15.1069992076,0.0
 01/03  24:00:00,15.1069992076,0.0
 01/04  01:00:00,15.1069992076,0.0
 01/04  02:00:00,15.1069992076,0.0
 01/04  03:00:00,15.1069992076,0.0
 01/04  04:00:00,15.1069992076,0.0
 01/04  05:00:00,15.1069992076,0.0
 01/04  06:00:00,15.1178250717,0.280732003116
 01/04  07:00:00,23.3382338046,183.41614583900002
 01/04  08:00:00,30.6088837794,143.789110131
 01/04  09:00:00,34.6805134837,121.910635445
 01/04  10:00:00,49.1586237098,93.6964335716
 01/04  11:00:00,49.1586237098,81.307069967
 01/04  12:00:00,49.1586237098,63.1244534091
 01/04  13:00:00,49.1586237098,63.3064969434
 01/04  14:00:00,49.1586237098,64.2877978858
 01/04  15:00:00,49.1586237098,64.3779334787
 01/04  16:00:00,49.1586237098,63.6344795463
 01/04  17:00:00,49.1586237098,64.4410041516
 01/04  18:00:00,60.643623709799996,72.20630044640001
 01/04  19:00:00,48.7988344962,81.5590681039
 01/04  20:00:00,48.7988344962,93.48350292069999
 01/04  21:00:00,44.251346817,99.709408522
 01/04  22:00:00,22.3776491824,0.0
 01/04  23:00:00,15.1069992076,0.0
 01/04  24:00:00,15.1069992076,0.0
 01/05  01:00:00,15.1069992076,0.0
 01/05  02:00:00,15.1319867397,0.64375848286
 01/05  03:00:00,15.1568689165,1.27753751498
 01/05  04:00:00,15.247296618699998,3.5999551071699996
 01/05  05:00:00,15.3054740374,5.08859401271
 01/05  06:00:00,15.497614048199999,9.99100150787
 01/05  07:00:00,23.3382338046,246.441875375
 01/05  08:00:00,30.6088837794,197.887299309
 01/05  09:00:00,34.6805134837,166.196961953
 01/05  10:00:00,49.1586237098,135.300977794
 01/05  11:00:00,49.1586237098,123.29727450700001
 01/05  12:00:00,49.1586237098,109.04165838600001
 01/05  13:00:00,49.1586237098,94.4697233955
 01/05  14:00:00,49.1586237098,88.0246386077
 01/05  15:00:00,49.1586237098,92.9246965925
 01/05  16:00:00,49.1586237098,89.5350019605
 01/05  17:00:00,49.1586237098,92.8130428889
 01/05  18:00:00,60.643623709799996,106.385840229
 01/05  19:00:00,48.7988344962,118.252634431
 01/05  20:00:00,48.7988344962,129.739644189
 01/05  21:00:00,44.251346817,135.236727793
 01/05  22:00:00,22.3776491824,0.0
 01/05  23:00:00,15.1069992076,0.0
 01/05  24:00:00,15.1414806324,0.882738524264
 01/06  01:00:00,15.2030952243,2.4652652694799997
 01/06  02:00:00,15.2982252037,4.88089080267
 01/06  03:00:00,15.434732764200001,8.39684398579
 01/06  04:00:00,15.6660292166,14.191579120899998
 01/06  05:00:00,15.8364765457,18.5247211811
 01/06  06:00:00,15.9141036074,20.4251966401
 01/06  07:00:00,23.3382338046,252.455983492
 01/06  08:00:00,30.6088837794,211.617076876
 01/06  09:00:00,34.6805134837,190.801032187
 01/06  10:00:00,49.1586237098,160.891159843
 01/06  11:00:00,49.1586237098,143.15407280899998
 01/06  12:00:00,49.1586237098,121.464988369
 01/06  13:00:00,49.1586237098,104.65099270399999
 01/06  14:00:00,49.1586237098,85.8901016376
 01/06  15:00:00,49.1586237098,76.8656122781
 01/06  16:00:00,49.1586237098,62.020183695200004
 01/06  17:00:00,49.1586237098,69.2577790108
 01/06  18:00:00,60.643623709799996,84.51099695970001
 01/06  19:00:00,48.7988344962,91.9937866998
 01/06  20:00:00,48.7988344962,103.77591048
 01/06  21:00:00,44.251346817,114.284719315
 01/06  22:00:00,22.3776491824,0.0
 01/06  23:00:00,15.1069992076,0.0
 01/06  24:00:00,15.1069992076,0.0
 01/07  01:00:00,14.712858864100001,1.41703427188
 01/07  02:00:00,14.761550558800002,2.66452413068
 01/07  03:00:00,14.831485683699999,4.45890697882
 01/07  04:00:00,14.8234554397,4.2535624319
 01/07  05:00:00,14.8798106529,5.68924318075
 01/07  06:00:00,14.9142690168,6.571428518609999
 01/07  07:00:00,22.8888153486,226.31194389400002
 01/07  08:00:00,26.0613961002,183.23023282900002
 01/07  09:00:00,25.5855381253,162.372304342
 01/07  10:00:00,37.3138344962,135.582603418
 01/07  11:00:00,49.1586237098,118.01374828700001
 01/07  12:00:00,49.1586237098,99.8433483522
 01/07  13:00:00,49.1586237098,86.9027794893
 01/07  14:00:00,49.1586237098,81.2174674382
 01/07  15:00:00,49.1586237098,79.9999019701
 01/07  16:00:00,49.1586237098,76.1903786465
 01/07  17:00:00,49.1586237098,77.671235434
 01/07  18:00:00,58.729457043100005,84.9759227504
 01/07  19:00:00,44.251346817,102.02419186799999
 01/07  20:00:00,35.1563714586,112.520667531
 01/07  21:00:00,35.1563714586,115.271598148
 01/07  22:00:00,26.0613961002,116.274731081
 01/07  23:00:00,14.657580751600001,0.0
 01/07  24:00:00,14.657580751600001,0.0
 01/08  01:00:00,14.657580751600001,0.0
 01/08  02:00:00,14.657580751600001,0.0
 01/08  03:00:00,14.6856661596,0.7207800941689999
 01/08  04:00:00,14.767622771800001,2.82506363925
 01/08  05:00:00,14.8097310047,3.8968363578699994
 01/08  06:00:00,15.0409959201,9.81129017675
 01/08  07:00:00,15.4090955327,19.0690316424
 01/08  08:00:00,15.6860831831,26.1362728954
 01/08  09:00:00,16.490562766900002,259.980464248
 01/08  10:00:00,14.5763961002,209.5356954
 01/08  11:00:00,28.218859137800003,170.623363359
 01/08  12:00:00,28.218859137800003,149.273315749
 01/08  13:00:00,37.3138344962,125.784185925
 01/08  14:00:00,37.3138344962,111.45362619299999
 01/08  15:00:00,37.3138344962,97.98119690200001
 01/08  16:00:00,37.3138344962,86.8627237863
 01/08  17:00:00,37.3138344962,88.5896720053
 01/08  18:00:00,37.789692471100004,123.18766912
 01/08  19:00:00,30.6088837794,142.036711077
 01/08  20:00:00,14.657580751600001,0.0
 01/08  21:00:00,14.657580751600001,0.0
 01/08  22:00:00,14.750366550299999,2.38789539873
 01/08  23:00:00,14.8520275183,4.96958774792
 01/08  24:00:00,15.1968494071,13.760926788399999
 01/09  01:00:00,15.845208385,18.726975883199998
 01/09  02:00:00,16.2833156166,29.8602898251
 01/09  03:00:00,16.229892413399998,28.482526139
 01/09  04:00:00,16.5817937475,37.4685542513
 01/09  05:00:00,16.4361214779,33.7318631093
 01/09  06:00:00,16.8276836386,43.7547163458
 01/09  07:00:00,23.3382338046,295.054030871
 01/09  08:00:00,30.6088837794,259.215618714
 01/09  09:00:00,34.6805134837,231.94860733599998
 01/09  10:00:00,49.1586237098,197.18932786099998
 01/09  11:00:00,49.1586237098,173.23275677200002
 01/09  12:00:00,49.1586237098,149.607818922
 01/09  13:00:00,49.1586237098,127.835757639
 01/09  14:00:00,49.1586237098,110.371060859
 01/09  15:00:00,49.1586237098,96.414470061
 01/09  16:00:00,49.1586237098,90.8694580605
 01/09  17:00:00,49.1586237098,94.5820046245
 01/09  18:00:00,58.729457043100005,110.576739911
 01/09  19:00:00,48.7988344962,128.386905821
 01/09  20:00:00,48.7988344962,144.69497895700002
 01/09  21:00:00,44.251346817,151.168596409
 01/09  22:00:00,22.3776491824,0.0
 01/09  23:00:00,15.1069992076,0.0
 01/09  24:00:00,15.1759683249,1.7678097051
 01/10  01:00:00,15.2547370951,3.7891894511
 01/10  02:00:00,15.3831906096,7.07692204988
 01/10  03:00:00,15.4340236448,8.371387018130001
 01/10  04:00:00,15.681432283800001,14.618705766600002
 01/10  05:00:00,15.6922148286,14.904262946700001
 01/10  06:00:00,15.8103148798,17.87238693
 01/10  07:00:00,23.3382338046,238.17316917
 01/10  08:00:00,30.6088837794,191.11556636400002
 01/10  09:00:00,34.6805134837,165.779334234
 01/10  10:00:00,49.1586237098,131.138317951
 01/10  11:00:00,49.1586237098,107.37354347600001
 01/10  12:00:00,49.1586237098,89.7195053301
 01/10  13:00:00,49.1586237098,80.7198522867
 01/10  14:00:00,49.1586237098,76.96353674560001
 01/10  15:00:00,49.1586237098,71.7116657258
 01/10  16:00:00,49.1586237098,62.3852895653
 01/10  17:00:00,49.1586237098,62.255716249799995
 01/10  18:00:00,58.729457043100005,73.8284588882
 01/10  19:00:00,48.7988344962,75.3240163693
 01/10  20:00:00,48.7988344962,78.072658599
 01/10  21:00:00,44.251346817,79.20825945060001
 01/10  22:00:00,22.3776491824,0.0
 01/10  23:00:00,15.1069992076,0.0
 01/10  24:00:00,15.1069992076,0.0
 01/11  01:00:00,15.1069992076,0.0
 01/11  02:00:00,15.1069992076,0.0
 01/11  03:00:00,15.1069992076,0.0
 01/11  04:00:00,15.1069992076,0.0
 01/11  05:00:00,15.1069992076,0.0
 01/11  06:00:00,15.1069992076,0.0
 01/11  07:00:00,23.3382338046,154.18240455
 01/11  08:00:00,30.6088837794,119.353890385
 01/11  09:00:00,34.6805134837,99.1096149832
 01/11  10:00:00,49.1586237098,81.1489128131
 01/11  11:00:00,49.1586237098,73.4796697092
 01/11  12:00:00,49.1586237098,59.2494151375
 01/11  13:00:00,49.1586237098,60.303333012799996
 01/11  14:00:00,49.1586237098,59.1605045346
 01/11  15:00:00,49.1586237098,51.9243633584
 01/11  16:00:00,49.1586237098,46.66488673520001
 01/11  17:00:00,49.1586237098,46.11125434229999
 01/11  18:00:00,58.729457043100005,47.9956779764
 01/11  19:00:00,48.7988344962,55.596438046
 01/11  20:00:00,48.7988344962,68.3423980816
 01/11  21:00:00,44.251346817,77.22614514189999
 01/11  22:00:00,22.3776491824,0.0
 01/11  23:00:00,15.1069992076,0.0
 01/11  24:00:00,15.1069992076,0.0
 01/12  01:00:00,15.1069992076,0.0
 01/12  02:00:00,15.1069992076,0.0
 01/12  03:00:00,15.135960743800002,0.7426833582950001
 01/12  04:00:00,15.173566205799998,1.7059547915200002
 01/12  05:00:00,15.2464511451,3.5743939069699997
 01/12  06:00:00,15.3216776167,5.49165930877
 01/12  07:00:00,23.3382338046,233.46235992799998
 01/12  08:00:00,30.6088837794,199.28465616
 01/12  09:00:00,34.6805134837,180.287736725
 01/12  10:00:00,49.1586237098,145.30777626100001
 01/12  11:00:00,49.1586237098,127.365074638
 01/12  12:00:00,49.1586237098,97.874775767
 01/12  13:00:00,49.1586237098,81.8021003931
 01/12  14:00:00,49.1586237098,77.5339453388
 01/12  15:00:00,49.1586237098,73.84899679819999
 01/12  16:00:00,49.1586237098,68.9063758284
 01/12  17:00:00,49.1586237098,73.87140019
 01/12  18:00:00,58.729457043100005,84.6053290706
 01/12  19:00:00,48.7988344962,91.23939794
 01/12  20:00:00,48.7988344962,98.5234556811
 01/12  21:00:00,44.251346817,102.000044219
 01/12  22:00:00,22.3776491824,0.0
 01/12  23:00:00,15.1069992076,0.0
 01/12  24:00:00,15.1069992076,0.0
 01/13  01:00:00,15.1069992076,0.0
 01/13  02:00:00,15.1069992076,0.0
 01/13  03:00:00,15.1069992076,0.0
 01/13  04:00:00,15.1350316731,0.7202356903139999
 01/13  05:00:00,15.1644921825,1.47799343976
 01/13  06:00:00,15.1549534603,1.22920745809
 01/13  07:00:00,23.3382338046,204.657878532
 01/13  08:00:00,30.6088837794,166.440264128
 01/13  09:00:00,34.6805134837,149.739121974
 01/13  10:00:00,49.1586237098,121.102509654
 01/13  11:00:00,49.1586237098,100.060944422
 01/13  12:00:00,49.1586237098,77.2729261884
 01/13  13:00:00,49.1586237098,67.7158747916
 01/13  14:00:00,49.1586237098,59.9240259559
 01/13  15:00:00,49.1586237098,51.811857871899996
 01/13  16:00:00,49.1586237098,49.159254420500005
 01/13  17:00:00,49.1586237098,57.6739437577
 01/13  18:00:00,58.729457043100005,73.1077918207
 01/13  19:00:00,48.7988344962,86.0773133074
 01/13  20:00:00,48.7988344962,101.07756337
 01/13  21:00:00,44.251346817,109.737505861
 01/13  22:00:00,22.3776491824,0.0
 01/13  23:00:00,15.1069992076,0.0
 01/13  24:00:00,15.1069992076,0.0
 01/14  01:00:00,14.657580751600001,0.0
 01/14  02:00:00,14.720300359500001,1.60958940024
 01/14  03:00:00,14.762712907000001,2.69548627486
 01/14  04:00:00,14.8372202008,4.61356570317
 01/14  05:00:00,14.8257356297,4.30364216074
 01/14  06:00:00,14.990675982,8.53103888778
 01/14  07:00:00,22.8888153486,233.156275572
 01/14  08:00:00,26.0613961002,192.62974422599999
 01/14  09:00:00,25.5855381253,174.329460549
 01/14  10:00:00,37.3138344962,143.713146722
 01/14  11:00:00,49.1586237098,120.599633869
 01/14  12:00:00,49.1586237098,100.754968097
 01/14  13:00:00,49.1586237098,94.1398483435
 01/14  14:00:00,49.1586237098,81.461943046
 01/14  15:00:00,49.1586237098,68.3796244083
 01/14  16:00:00,49.1586237098,72.5642082022
 01/14  17:00:00,49.1586237098,71.8127929807
 01/14  18:00:00,58.729457043100005,80.0069971966
 01/14  19:00:00,44.251346817,99.02037997129999
 01/14  20:00:00,35.1563714586,106.83095061799999
 01/14  21:00:00,35.1563714586,113.492145728
 01/14  22:00:00,26.0613961002,124.90899349200001
 01/14  23:00:00,14.657580751600001,0.0
 01/14  24:00:00,14.657580751600001,0.0
 01/15  01:00:00,14.657580751600001,0.0
 01/15  02:00:00,14.657580751600001,0.0
 01/15  03:00:00,14.657580751600001,0.0
 01/15  04:00:00,14.6865724626,0.745961486143
 01/15  05:00:00,14.7028052179,1.16621952927
 01/15  06:00:00,14.714404396900001,1.45734468245
 01/15  07:00:00,14.7768281832,3.07472419001
 01/15  08:00:00,14.8091528318,3.88929375254
 01/15  09:00:00,16.490562766900002,206.18293373400002
 01/15  10:00:00,14.5763961002,162.374990548
 01/15  11:00:00,28.218859137800003,132.906380684
 01/15  12:00:00,28.218859137800003,107.756651461
 01/15  13:00:00,37.3138344962,86.9657892592
 01/15  14:00:00,37.3138344962,84.74260824560001
 01/15  15:00:00,37.3138344962,83.7493079524
 01/15  16:00:00,37.3138344962,81.5850862522
 01/15  17:00:00,37.3138344962,83.78706900479999
 01/15  18:00:00,37.789692471100004,126.77032970399999
 01/15  19:00:00,30.6088837794,148.466151578
 01/15  20:00:00,14.657580751600001,0.0
 01/15  21:00:00,14.657580751600001,0.0
 01/15  22:00:00,14.657580751600001,0.0
 01/15  23:00:00,14.7215304323,1.63954387434
 01/15  24:00:00,14.807170749700001,3.83701266765
 01/16  01:00:00,14.880647623800002,5.70644724235
 01/16  02:00:00,15.1190416049,11.7630971932
 01/16  03:00:00,15.331982691099999,17.130922238900002
 01/16  04:00:00,15.3674763088,18.0241881124
 01/16  05:00:00,15.445371183199999,19.9828375514
 01/16  06:00:00,15.490991405199999,21.1353245187
 01/16  07:00:00,15.5519805037,22.693346749299998
 01/16  08:00:00,15.587837090599999,23.6016943439
 01/16  09:00:00,16.490562766900002,242.37971798900003
 01/16  10:00:00,14.5763961002,197.430598273
 01/16  11:00:00,28.218859137800003,170.64232580700002
 01/16  12:00:00,28.218859137800003,149.824337022
 01/16  13:00:00,37.3138344962,128.603229223
 01/16  14:00:00,37.3138344962,111.608874746
 01/16  15:00:00,37.3138344962,94.7388346259
 01/16  16:00:00,37.3138344962,87.01669513690001
 01/16  17:00:00,37.3138344962,86.3570223559
 01/16  18:00:00,35.8755258045,114.444603428
 01/16  19:00:00,30.6088837794,127.60284531799999
 01/16  20:00:00,14.657580751600001,0.0
 01/16  21:00:00,14.657580751600001,0.0
 01/16  22:00:00,14.657580751600001,0.0
 01/16  23:00:00,14.657580751600001,0.0
 01/16  24:00:00,14.6765684756,0.48828900910800005
 01/17  01:00:00,15.1447489918,0.967330787269
 01/17  02:00:00,15.174698940499999,1.7430400282700003
 01/17  03:00:00,15.197589963299999,2.31427452303
 01/17  04:00:00,15.213911991700002,2.7454196716799997
 01/17  05:00:00,15.217074524500001,2.821790131
 01/17  06:00:00,15.2129105411,2.7215567065900004
 01/17  07:00:00,23.3382338046,201.53816398900003
 01/17  08:00:00,30.6088837794,150.750612948
 01/17  09:00:00,34.6805134837,116.05306567
 01/17  10:00:00,49.1586237098,78.3265885243
 01/17  11:00:00,49.1586237098,65.9576054628
 01/17  12:00:00,49.1586237098,50.384140226999996
 01/17  13:00:00,49.1586237098,40.7597141298
 01/17  14:00:00,49.1586237098,32.253935537800004
 01/17  15:00:00,49.1586237098,30.935447648
 01/17  16:00:00,49.1586237098,33.196257807100004
 01/17  17:00:00,49.1586237098,37.9687634618
 01/17  18:00:00,56.815290376499995,51.6775147913
 01/17  19:00:00,48.7988344962,60.3821995971
 01/17  20:00:00,48.7988344962,74.3396977967
 01/17  21:00:00,44.251346817,88.4163364992
 01/17  22:00:00,22.3776491824,0.0
 01/17  23:00:00,15.1069992076,0.0
 01/17  24:00:00,15.1069992076,0.0
 01/18  01:00:00,15.1069992076,0.0
 01/18  02:00:00,15.1069992076,0.0
 01/18  03:00:00,15.1069992076,0.0
 01/18  04:00:00,15.1069992076,0.0
 01/18  05:00:00,15.1069992076,0.0
 01/18  06:00:00,15.1254115561,0.47374792652900005
 01/18  07:00:00,23.3382338046,183.131740923
 01/18  08:00:00,30.6088837794,143.312097015
 01/18  09:00:00,34.6805134837,119.861173042
 01/18  10:00:00,49.1586237098,95.0257688832
 01/18  11:00:00,49.1586237098,87.8218062939
 01/18  12:00:00,49.1586237098,75.3076635462
 01/18  13:00:00,49.1586237098,69.4393087767
 01/18  14:00:00,49.1586237098,63.5396150303
 01/18  15:00:00,49.1586237098,55.7582142824
 01/18  16:00:00,49.1586237098,51.7864310327
 01/18  17:00:00,49.1586237098,48.6909330137
 01/18  18:00:00,56.815290376499995,57.870696083
 01/18  19:00:00,48.7988344962,65.3673281838
 01/18  20:00:00,48.7988344962,69.9364556633
 01/18  21:00:00,44.251346817,75.1168627395
 01/18  22:00:00,22.3776491824,0.0
 01/18  23:00:00,15.1069992076,0.0
 01/18  24:00:00,15.1069992076,0.0
 01/19  01:00:00,15.1069992076,0.0
 01/19  02:00:00,15.1069992076,0.0
 01/19  03:00:00,15.1069992076,0.0
 01/19  04:00:00,15.1069992076,0.0
 01/19  05:00:00,15.1069992076,0.0
 01/19  06:00:00,15.1069992076,0.0
 01/19  07:00:00,23.3382338046,173.669977208
 01/19  08:00:00,30.6088837794,135.73161644299998
 01/19  09:00:00,34.6805134837,115.836106718
 01/19  10:00:00,49.1586237098,92.89588102629999
 01/19  11:00:00,49.1586237098,82.8485357319
 01/19  12:00:00,49.1586237098,73.5175474318
 01/19  13:00:00,49.1586237098,69.53653543819999
 01/19  14:00:00,49.1586237098,67.6330433662
 01/19  15:00:00,49.1586237098,68.19405998270001
 01/19  16:00:00,49.1586237098,61.5820168817
 01/19  17:00:00,49.1586237098,57.7917551426
 01/19  18:00:00,56.815290376499995,65.2136961926
 01/19  19:00:00,48.7988344962,71.7596849276
 01/19  20:00:00,48.7988344962,82.1127884057
 01/19  21:00:00,44.251346817,88.29870680209999
 01/19  22:00:00,22.3776491824,0.0
 01/19  23:00:00,15.1069992076,0.0
 01/19  24:00:00,15.1069992076,0.0
 01/20  01:00:00,15.1069992076,0.0
 01/20  02:00:00,15.1069992076,0.0
 01/20  03:00:00,15.1519465771,1.1574549784700001
 01/20  04:00:00,15.1734462499,1.6986575285299998
 01/20  05:00:00,15.276365265799999,4.352395728069999
 01/20  06:00:00,15.300296002,4.94426825635
 01/20  07:00:00,23.3382338046,235.268129877
 01/20  08:00:00,30.6088837794,194.67981728599997
 01/20  09:00:00,34.6805134837,172.50784298
 01/20  10:00:00,49.1586237098,135.968689058
 01/20  11:00:00,49.1586237098,110.881018936
 01/20  12:00:00,49.1586237098,88.34761867709999
 01/20  13:00:00,49.1586237098,78.2317590974
 01/20  14:00:00,49.1586237098,64.9819936834
 01/20  15:00:00,49.1586237098,54.2411909825
 01/20  16:00:00,49.1586237098,56.9746424879
 01/20  17:00:00,49.1586237098,67.7950234841
 01/20  18:00:00,56.815290376499995,84.7983194766
 01/20  19:00:00,48.7988344962,97.6419811716
 01/20  20:00:00,48.7988344962,105.920956316
 01/20  21:00:00,44.251346817,110.89826553600001
 01/20  22:00:00,22.3776491824,0.0
 01/20  23:00:00,15.1069992076,0.0
 01/20  24:00:00,15.1069992076,0.0
 01/21  01:00:00,14.657580751600001,0.0
 01/21  02:00:00,14.710807201600002,1.36848641896
 01/21  03:00:00,14.7856819423,3.28163153769
 01/21  04:00:00,14.857070116900001,5.1200778567
 01/21  05:00:00,14.9701542623,7.988384860810001
 01/21  06:00:00,15.3283195521,17.0817143058
 01/21  07:00:00,22.8888153486,252.10690771
 01/21  08:00:00,26.0613961002,214.977327414
 01/21  09:00:00,23.671371458600003,188.77178441900003
 01/21  10:00:00,37.3138344962,158.76500693100002
 01/21  11:00:00,49.1586237098,134.480043268
 01/21  12:00:00,49.1586237098,110.31441793299999
 01/21  13:00:00,49.1586237098,96.69426522170001
 01/21  14:00:00,49.1586237098,84.5370318061
 01/21  15:00:00,49.1586237098,76.6203444862
 01/21  16:00:00,49.1586237098,76.3826182702
 01/21  17:00:00,49.1586237098,81.8951451668
 01/21  18:00:00,56.815290376499995,97.0524725492
 01/21  19:00:00,44.251346817,123.635727251
 01/21  20:00:00,35.1563714586,137.53266519
 01/21  21:00:00,35.1563714586,143.126518517
 01/21  22:00:00,26.0613961002,152.49821912299998
 01/21  23:00:00,14.657580751600001,0.0
 01/21  24:00:00,14.657580751600001,0.0
 01/22  01:00:00,14.6904421782,0.842918452217
 01/22  02:00:00,14.785757029700001,3.2894373460299997
 01/22  03:00:00,14.841742930999999,4.71809365639
 01/22  04:00:00,14.890663807200001,5.974265539709999
 01/22  05:00:00,15.031053750999998,9.5415731426
 01/22  06:00:00,15.270548686500002,15.5923131669
 01/22  07:00:00,15.3913600604,18.623972028900003
 01/22  08:00:00,15.5055698291,21.504490690999997
 01/22  09:00:00,14.5763961002,240.552091939
 01/22  10:00:00,14.5763961002,193.66935710799999
 01/22  11:00:00,28.218859137800003,164.20563426299998
 01/22  12:00:00,28.218859137800003,142.477730966
 01/22  13:00:00,37.3138344962,105.96761691
 01/22  14:00:00,37.3138344962,81.6413137677
 01/22  15:00:00,37.3138344962,81.1913381837
 01/22  16:00:00,37.3138344962,83.41321861770001
 01/22  17:00:00,37.3138344962,88.2162451214
 01/22  18:00:00,35.8755258045,125.81483182
 01/22  19:00:00,30.6088837794,144.713642448
 01/22  20:00:00,14.657580751600001,0.0
 01/22  21:00:00,14.657580751600001,0.0
 01/22  22:00:00,14.657580751600001,0.0
 01/22  23:00:00,14.7020020107,1.14015899281
 01/22  24:00:00,14.767740997699999,2.81887601811
 01/23  01:00:00,15.262420983800002,3.99126738875
 01/23  02:00:00,15.321598058,5.49009296617
 01/23  03:00:00,15.422502588099999,8.07582682656
 01/23  04:00:00,15.5661973549,11.6828362852
 01/23  05:00:00,15.6312162867,13.3530760528
 01/23  06:00:00,15.627914641099999,13.251850125499999
 01/23  07:00:00,23.3382338046,229.439663254
 01/23  08:00:00,30.6088837794,185.143164388
 01/23  09:00:00,32.766346817,157.0284465
 01/23  10:00:00,49.1586237098,117.734184655
 01/23  11:00:00,49.1586237098,99.60508014450001
 01/23  12:00:00,49.1586237098,80.9302895119
 01/23  13:00:00,49.1586237098,64.1526138847
 01/23  14:00:00,49.1586237098,50.5754115771
 01/23  15:00:00,49.1586237098,43.7912404982
 01/23  16:00:00,49.1586237098,39.089981280399996
 01/23  17:00:00,49.1586237098,39.293654948000004
 01/23  18:00:00,56.815290376499995,47.984001175
 01/23  19:00:00,48.7988344962,56.5553313729
 01/23  20:00:00,48.7988344962,62.5458018082
 01/23  21:00:00,44.251346817,65.2555864091
 01/23  22:00:00,22.3776491824,0.0
 01/23  23:00:00,15.1069992076,0.0
 01/23  24:00:00,15.1069992076,0.0
 01/24  01:00:00,15.1069992076,0.0
 01/24  02:00:00,15.1069992076,0.0
 01/24  03:00:00,15.1069992076,0.0
 01/24  04:00:00,15.1069992076,0.0
 01/24  05:00:00,15.1069992076,0.0
 01/24  06:00:00,15.1069992076,0.0
 01/24  07:00:00,23.3382338046,178.169997247
 01/24  08:00:00,30.6088837794,142.759806587
 01/24  09:00:00,32.766346817,123.52116027
 01/24  10:00:00,49.1586237098,101.41055165200001
 01/24  11:00:00,49.1586237098,91.14151368540001
 01/24  12:00:00,49.1586237098,62.535472779399996
 01/24  13:00:00,49.1586237098,53.8139261321
 01/24  14:00:00,49.1586237098,53.9951769851
 01/24  15:00:00,49.1586237098,53.5428464609
 01/24  16:00:00,49.1586237098,54.6152825704
 01/24  17:00:00,49.1586237098,55.491784911
 01/24  18:00:00,54.9011237098,65.0055589095
 01/24  19:00:00,48.7988344962,72.4522227004
 01/24  20:00:00,48.7988344962,80.6403986128
 01/24  21:00:00,44.251346817,85.44607534880001
 01/24  22:00:00,22.3776491824,0.0
 01/24  23:00:00,15.1069992076,0.0
 01/24  24:00:00,15.1069992076,0.0
 01/25  01:00:00,15.1069992076,0.0
 01/25  02:00:00,15.1069992076,0.0
 01/25  03:00:00,15.1069992076,0.0
 01/25  04:00:00,15.12777466,0.5356076086930001
 01/25  05:00:00,15.1524836718,1.1683565861799998
 01/25  06:00:00,15.199823801800001,2.39138381646
 01/25  07:00:00,23.3382338046,216.42056845099998
 01/25  08:00:00,30.6088837794,178.224115687
 01/25  09:00:00,32.766346817,153.889751209
 01/25  10:00:00,49.1586237098,117.37592119899999
 01/25  11:00:00,49.1586237098,93.3008233235
 01/25  12:00:00,49.1586237098,67.49233100560001
 01/25  13:00:00,49.1586237098,50.2179672398
 01/25  14:00:00,49.1586237098,35.2480055181
 01/25  15:00:00,49.1586237098,28.258703465900002
 01/25  16:00:00,49.1586237098,19.6121972377
 01/25  17:00:00,49.1586237098,35.6734221942
 01/25  18:00:00,54.9011237098,55.224976749700005
 01/25  19:00:00,48.7988344962,70.1185625277
 01/25  20:00:00,48.7988344962,85.28405111939999
 01/25  21:00:00,44.251346817,85.2199803341
 01/25  22:00:00,22.3776491824,0.0
 01/25  23:00:00,15.1069992076,0.0
 01/25  24:00:00,15.1069992076,0.0
 01/26  01:00:00,15.1069992076,0.0
 01/26  02:00:00,15.1069992076,0.0
 01/26  03:00:00,15.1069992076,0.0
 01/26  04:00:00,15.1069992076,0.0
 01/26  05:00:00,15.1069992076,0.0
 01/26  06:00:00,15.1345756435,0.7091188259819999
 01/26  07:00:00,23.3382338046,188.003293194
 01/26  08:00:00,30.6088837794,148.492709197
 01/26  09:00:00,32.766346817,126.129103454
 01/26  10:00:00,49.1586237098,96.3317443072
 01/26  11:00:00,49.1586237098,84.66785389489999
 01/26  12:00:00,49.1586237098,70.0190708375
 01/26  13:00:00,49.1586237098,58.134173345600004
 01/26  14:00:00,49.1586237098,48.007872946000006
 01/26  15:00:00,49.1586237098,45.6518848409
 01/26  16:00:00,49.1586237098,34.178410909
 01/26  17:00:00,49.1586237098,34.7510635925
 01/26  18:00:00,54.9011237098,42.959536681
 01/26  19:00:00,48.7988344962,49.6931373547
 01/26  20:00:00,48.7988344962,62.1737370349
 01/26  21:00:00,44.251346817,70.20086451520001
 01/26  22:00:00,22.3776491824,0.0
 01/26  23:00:00,15.1069992076,0.0
 01/26  24:00:00,15.1069992076,0.0
 01/27  01:00:00,15.1069992076,0.0
 01/27  02:00:00,15.1069992076,0.0
 01/27  03:00:00,15.1069992076,0.0
 01/27  04:00:00,15.1069992076,0.0
 01/27  05:00:00,15.1069992076,0.0
 01/27  06:00:00,15.1069992076,0.0
 01/27  07:00:00,23.3382338046,163.808818521
 01/27  08:00:00,30.6088837794,134.130513412
 01/27  09:00:00,32.766346817,119.52657988899999
 01/27  10:00:00,49.1586237098,91.0812444122
 01/27  11:00:00,49.1586237098,74.6017079374
 01/27  12:00:00,49.1586237098,50.2292509342
 01/27  13:00:00,49.1586237098,35.219603335900004
 01/27  14:00:00,49.1586237098,29.421915505
 01/27  15:00:00,49.1586237098,29.47590287
 01/27  16:00:00,49.1586237098,26.983675194899998
 01/27  17:00:00,49.1586237098,31.7832393388
 01/27  18:00:00,54.9011237098,45.58649578479999
 01/27  19:00:00,48.7988344962,57.4664563783
 01/27  20:00:00,48.7988344962,70.7113057506
 01/27  21:00:00,44.251346817,77.960732408
 01/27  22:00:00,22.3776491824,0.0
 01/27  23:00:00,15.1069992076,0.0
 01/27  24:00:00,15.1069992076,0.0
 01/28  01:00:00,14.657580751600001,0.0
 01/28  02:00:00,14.657580751600001,0.0
 01/28  03:00:00,14.657580751600001,0.0
 01/28  04:00:00,14.657580751600001,0.0
 01/28  05:00:00,14.685585118699999,0.718676678986
 01/28  06:00:00,14.716125493599998,1.50239272277
 01/28  07:00:00,22.8888153486,204.51939563
 01/28  08:00:00,26.0613961002,168.385757705
 01/28  09:00:00,23.671371458600003,152.05007358
 01/28  10:00:00,37.3138344962,126.138565939
 01/28  11:00:00,49.1586237098,99.8256860134
 01/28  12:00:00,49.1586237098,76.731283178
 01/28  13:00:00,49.1586237098,62.363872631099994
 01/28  14:00:00,49.1586237098,48.656133888599996
 01/28  15:00:00,49.1586237098,38.7647625918
 01/28  16:00:00,49.1586237098,33.6828367983
 01/28  17:00:00,49.1586237098,39.5609681331
 01/28  18:00:00,54.9011237098,58.1313109502
 01/28  19:00:00,44.251346817,83.6891321426
 01/28  20:00:00,35.1563714586,96.03512326799999
 01/28  21:00:00,35.1563714586,103.148468021
 01/28  22:00:00,26.0613961002,115.08716816299999
 01/28  23:00:00,14.657580751600001,0.0
 01/28  24:00:00,14.657580751600001,0.0
 01/29  01:00:00,14.657580751600001,0.0
 01/29  02:00:00,14.657580751600001,0.0
 01/29  03:00:00,14.684125073199999,0.6810011672319999
 01/29  04:00:00,14.71306008,1.42237176995
 01/29  05:00:00,14.7432886079,2.19700240477
 01/29  06:00:00,14.8096687996,3.89519375574
 01/29  07:00:00,14.824544230199999,4.27641727687
 01/29  08:00:00,14.927545551400002,6.91151892605
 01/29  09:00:00,14.5763961002,220.05414412099998
 01/29  10:00:00,14.5763961002,167.410350855
 01/29  11:00:00,28.218859137800003,140.478572909
 01/29  12:00:00,28.218859137800003,123.14519483
 01/29  13:00:00,37.3138344962,98.3710194091
 01/29  14:00:00,37.3138344962,89.9750645435
 01/29  15:00:00,37.3138344962,82.4415594175
 01/29  16:00:00,37.3138344962,76.8340635669
 01/29  17:00:00,37.3138344962,68.39246301
 01/29  18:00:00,33.9613591378,84.3077295775
 01/29  19:00:00,30.6088837794,97.47763947780001
 01/29  20:00:00,14.657580751600001,0.0
 01/29  21:00:00,14.657580751600001,0.0
 01/29  22:00:00,14.657580751600001,0.0
 01/29  23:00:00,14.657580751600001,0.0
 01/29  24:00:00,14.657580751600001,0.0
 01/30  01:00:00,15.1069992076,0.0
 01/30  02:00:00,15.1069992076,0.0
 01/30  03:00:00,15.1069992076,0.0
 01/30  04:00:00,15.1069992076,0.0
 01/30  05:00:00,15.117505878800001,0.273266086109
 01/30  06:00:00,15.143694554300001,0.9445518485340001
 01/30  07:00:00,23.3382338046,195.110156723
 01/30  08:00:00,30.6088837794,161.99584162600001
 01/30  09:00:00,32.766346817,141.48960901700002
 01/30  10:00:00,49.1586237098,112.1346294
 01/30  11:00:00,49.1586237098,98.8210750981
 01/30  12:00:00,49.1586237098,81.0135597312
 01/30  13:00:00,49.1586237098,70.77000419069999
 01/30  14:00:00,49.1586237098,64.65270221819999
 01/30  15:00:00,49.1586237098,57.754046933400005
 01/30  16:00:00,49.1586237098,50.762653225600005
 01/30  17:00:00,49.1586237098,52.6299789224
 01/30  18:00:00,54.9011237098,59.7030542029
 01/30  19:00:00,48.7988344962,80.0436662409
 01/30  20:00:00,48.7988344962,101.056827135
 01/30  21:00:00,44.251346817,107.756247942
 01/30  22:00:00,22.3776491824,0.0
 01/30  23:00:00,15.1069992076,0.0
 01/30  24:00:00,15.1069992076,0.0
 01/31  01:00:00,15.1069992076,0.0
 01/31  02:00:00,15.139794546300001,0.842071581848
 01/31  03:00:00,15.1750419473,1.7463000414099998
 01/31  04:00:00,15.2205568602,2.9116127691900004
 01/31  05:00:00,15.2900262254,4.70422131994
 01/31  06:00:00,15.2675453177,4.11229624821
 01/31  07:00:00,23.3382338046,223.53763455700002
 01/31  08:00:00,30.6088837794,180.408925567
 01/31  09:00:00,32.766346817,160.291743119
 01/31  10:00:00,49.1586237098,134.05331629399998
 01/31  11:00:00,49.1586237098,118.56256627399999
 01/31  12:00:00,49.1586237098,98.53986618360001
 01/31  13:00:00,49.1586237098,87.09792693959999
 01/31  14:00:00,49.1586237098,76.9322222376
 01/31  15:00:00,49.1586237098,68.3603973067
 01/31  16:00:00,49.1586237098,55.8709652972
 01/31  17:00:00,49.1586237098,57.8268237429
 01/31  18:00:00,52.986957043100006,74.1309655979
 01/31  19:00:00,48.7988344962,90.2824622549
 01/31  20:00:00,48.7988344962,104.91532585600001
 01/31  21:00:00,44.251346817,114.105482189
 01/31  22:00:00,22.3776491824,0.0
 01/31  23:00:00,15.1069992076,0.0
 01/31  24:00:00,15.1069992076,0.0
 02/01  01:00:00,15.1294699953,0.578278002058
 02/01  02:00:00,15.156855358900001,1.27611954257
 02/01  03:00:00,15.2454482126,3.5512002165
 02/01  04:00:00,15.303644526300001,5.04338105893
 02/01  05:00:00,15.3580636726,6.43732904372
 02/01  06:00:00,15.5213206091,10.5729324383
 02/01  07:00:00,23.3382338046,235.209971318
 02/01  08:00:00,28.6947171127,195.16642083
 02/01  09:00:00,32.766346817,176.427107054
 02/01  10:00:00,49.1586237098,147.04328688200002
 02/01  11:00:00,49.1586237098,123.221049832
 02/01  12:00:00,49.1586237098,97.9997398407
 02/01  13:00:00,49.1586237098,88.16330441
 02/01  14:00:00,49.1586237098,77.2834547955
 02/01  15:00:00,49.1586237098,64.92269958930001
 02/01  16:00:00,49.1586237098,53.764292393000005
 02/01  17:00:00,49.1586237098,52.789762866000004
 02/01  18:00:00,52.986957043100006,63.9714752162
 02/01  19:00:00,48.7988344962,78.6948069508
 02/01  20:00:00,48.7988344962,90.779522419
 02/01  21:00:00,44.251346817,95.80405661399999
 02/01  22:00:00,22.3776491824,0.0
 02/01  23:00:00,15.1069992076,0.0
 02/01  24:00:00,15.1069992076,0.0
 02/02  01:00:00,15.1069992076,0.0
 02/02  02:00:00,15.1069992076,0.0
 02/02  03:00:00,15.1069992076,0.0
 02/02  04:00:00,15.1069992076,0.0
 02/02  05:00:00,15.1069992076,0.0
 02/02  06:00:00,15.1069992076,0.0
 02/02  07:00:00,23.3382338046,186.38967662
 02/02  08:00:00,28.6947171127,152.290977573
 02/02  09:00:00,32.766346817,130.251431415
 02/02  10:00:00,49.1586237098,91.57494114059999
 02/02  11:00:00,49.1586237098,66.9946891947
 02/02  12:00:00,49.1586237098,51.931989333500006
 02/02  13:00:00,49.1586237098,45.3835355374
 02/02  14:00:00,49.1586237098,35.499954335700004
 02/02  15:00:00,49.1586237098,45.927119515
 02/02  16:00:00,49.1586237098,46.7670551638
 02/02  17:00:00,49.1586237098,42.1607894989
 02/02  18:00:00,52.986957043100006,51.0018274329
 02/02  19:00:00,48.7988344962,58.4825706829
 02/02  20:00:00,48.7988344962,63.9360865723
 02/02  21:00:00,44.251346817,69.0452842229
 02/02  22:00:00,22.3776491824,0.0
 02/02  23:00:00,15.1069992076,0.0
 02/02  24:00:00,15.1069992076,0.0
 02/03  01:00:00,15.1069992076,0.0
 02/03  02:00:00,15.1069992076,0.0
 02/03  03:00:00,15.1069992076,0.0
 02/03  04:00:00,15.1069992076,0.0
 02/03  05:00:00,15.1069992076,0.0
 02/03  06:00:00,15.1069992076,0.0
 02/03  07:00:00,23.3382338046,147.791956111
 02/03  08:00:00,28.6947171127,118.848892332
 02/03  09:00:00,32.766346817,102.880195573
 02/03  10:00:00,49.1586237098,81.7318834279
 02/03  11:00:00,49.1586237098,72.3300891887
 02/03  12:00:00,49.1586237098,51.9537020151
 02/03  13:00:00,49.1586237098,41.591360791999996
 02/03  14:00:00,49.1586237098,34.3308455524
 02/03  15:00:00,49.1586237098,22.891599719400002
 02/03  16:00:00,49.1586237098,14.02551207
 02/03  17:00:00,49.1586237098,12.9523611936
 02/03  18:00:00,52.986957043100006,28.613570930300003
 02/03  19:00:00,48.7988344962,41.7281437811
 02/03  20:00:00,48.7988344962,53.6199826554
 02/03  21:00:00,44.251346817,60.916963771599995
 02/03  22:00:00,22.3776491824,0.0
 02/03  23:00:00,15.1069992076,0.0
 02/03  24:00:00,15.1069992076,0.0
 02/04  01:00:00,14.657580751600001,0.0
 02/04  02:00:00,14.657580751600001,0.0
 02/04  03:00:00,14.657580751600001,0.0
 02/04  04:00:00,14.657580751600001,0.0
 02/04  05:00:00,14.657580751600001,0.0
 02/04  06:00:00,14.657580751600001,0.0
 02/04  07:00:00,22.8888153486,140.996181116
 02/04  08:00:00,24.147229433499998,114.325348124
 02/04  09:00:00,23.671371458600003,97.3792913847
 02/04  10:00:00,37.3138344962,76.2360655935
 02/04  11:00:00,49.1586237098,60.567537085299996
 02/04  12:00:00,49.1586237098,42.016316036
 02/04  13:00:00,49.1586237098,33.8308822321
 02/04  14:00:00,49.1586237098,26.388056621
 02/04  15:00:00,49.1586237098,20.9174945432
 02/04  16:00:00,49.1586237098,20.382609958099998
 02/04  17:00:00,49.1586237098,18.9573698618
 02/04  18:00:00,52.986957043100006,27.124392492
 02/04  19:00:00,44.251346817,46.0511403989
 02/04  20:00:00,35.1563714586,55.4833824367
 02/04  21:00:00,35.1563714586,64.0720066831
 02/04  22:00:00,26.0613961002,75.8533621991
 02/04  23:00:00,14.657580751600001,0.0
 02/04  24:00:00,14.657580751600001,0.0
 02/05  01:00:00,14.657580751600001,0.0
 02/05  02:00:00,14.657580751600001,0.0
 02/05  03:00:00,14.657580751600001,0.0
 02/05  04:00:00,14.657580751600001,0.0
 02/05  05:00:00,14.657580751600001,0.0
 02/05  06:00:00,14.657580751600001,0.0
 02/05  07:00:00,14.657580751600001,0.0
 02/05  08:00:00,12.7434140849,0.0
 02/05  09:00:00,14.5763961002,166.865885895
 02/05  10:00:00,14.5763961002,125.271436167
 02/05  11:00:00,28.218859137800003,106.792501317
 02/05  12:00:00,28.218859137800003,103.192434077
 02/05  13:00:00,37.3138344962,75.1682366183
 02/05  14:00:00,37.3138344962,65.8651204946
 02/05  15:00:00,37.3138344962,63.212598093900006
 02/05  16:00:00,37.3138344962,61.129761743500005
 02/05  17:00:00,37.3138344962,64.86848958520001
 02/05  18:00:00,32.047192471100004,85.16086434489999
 02/05  19:00:00,30.6088837794,98.6671675301
 02/05  20:00:00,14.657580751600001,0.0
 02/05  21:00:00,14.657580751600001,0.0
 02/05  22:00:00,14.657580751600001,0.0
 02/05  23:00:00,14.657580751600001,0.0
 02/05  24:00:00,14.657580751600001,0.0
 02/06  01:00:00,15.1069992076,0.0
 02/06  02:00:00,15.1069992076,0.0
 02/06  03:00:00,15.1069992076,0.0
 02/06  04:00:00,15.1335147615,0.681042901655
 02/06  05:00:00,15.1621857895,1.4180036809399998
 02/06  06:00:00,15.2102356015,2.65027924087
 02/06  07:00:00,23.3382338046,211.394803509
 02/06  08:00:00,28.6947171127,173.683721546
 02/06  09:00:00,32.766346817,151.12249725700002
 02/06  10:00:00,49.1586237098,120.545453403
 02/06  11:00:00,49.1586237098,104.38455747200001
 02/06  12:00:00,49.1586237098,77.348611786
 02/06  13:00:00,49.1586237098,58.211402190600005
 02/06  14:00:00,49.1586237098,50.808211243900004
 02/06  15:00:00,49.1586237098,48.306282510900004
 02/06  16:00:00,49.1586237098,46.848196208199994
 02/06  17:00:00,49.1586237098,50.248244425100005
 02/06  18:00:00,52.986957043100006,58.868213429499995
 02/06  19:00:00,48.7988344962,62.83141349939999
 02/06  20:00:00,48.7988344962,71.5125862419
 02/06  21:00:00,44.251346817,75.1439737478
 02/06  22:00:00,22.3776491824,0.0
 02/06  23:00:00,15.1069992076,0.0
 02/06  24:00:00,15.1069992076,0.0
 02/07  01:00:00,15.1069992076,0.0
 02/07  02:00:00,15.1069992076,0.0
 02/07  03:00:00,15.1069992076,0.0
 02/07  04:00:00,15.1069992076,0.0
 02/07  05:00:00,15.1069992076,0.0
 02/07  06:00:00,15.1069992076,0.0
 02/07  07:00:00,23.3382338046,158.514686171
 02/07  08:00:00,28.6947171127,127.37925074799999
 02/07  09:00:00,32.766346817,105.99619334299999
 02/07  10:00:00,49.1586237098,77.4197631159
 02/07  11:00:00,49.1586237098,69.5031595567
 02/07  12:00:00,49.1586237098,51.275845699399994
 02/07  13:00:00,49.1586237098,41.936478207
 02/07  14:00:00,49.1586237098,33.5291490327
 02/07  15:00:00,49.1586237098,34.7988617126
 02/07  16:00:00,49.1586237098,37.9215802406
 02/07  17:00:00,49.1586237098,41.3750894956
 02/07  18:00:00,51.072790376499995,53.2119731412
 02/07  19:00:00,48.7988344962,60.3688618855
 02/07  20:00:00,48.7988344962,63.86206667689999
 02/07  21:00:00,44.251346817,68.5891638925
 02/07  22:00:00,22.3776491824,0.0
 02/07  23:00:00,15.1069992076,0.0
 02/07  24:00:00,15.1069992076,0.0
 02/08  01:00:00,15.1069992076,0.0
 02/08  02:00:00,15.1069992076,0.0
 02/08  03:00:00,15.1069992076,0.0
 02/08  04:00:00,15.1069992076,0.0
 02/08  05:00:00,15.1069992076,0.0
 02/08  06:00:00,15.1069992076,0.0
 02/08  07:00:00,23.3382338046,167.565156533
 02/08  08:00:00,28.6947171127,134.56237243200002
 02/08  09:00:00,32.766346817,113.995864258
 02/08  10:00:00,49.1586237098,88.07723374780001
 02/08  11:00:00,49.1586237098,75.0770149401
 02/08  12:00:00,49.1586237098,64.991037781
 02/08  13:00:00,49.1586237098,59.3239431267
 02/08  14:00:00,49.1586237098,43.671852735
 02/08  15:00:00,49.1586237098,38.5470104457
 02/08  16:00:00,49.1586237098,39.8581484623
 02/08  17:00:00,49.1586237098,45.2356005787
 02/08  18:00:00,51.072790376499995,58.618841073
 02/08  19:00:00,48.7988344962,60.8548089392
 02/08  20:00:00,48.7988344962,67.3123432146
 02/08  21:00:00,44.251346817,74.5624748793
 02/08  22:00:00,22.3776491824,0.0
 02/08  23:00:00,15.1069992076,0.0
 02/08  24:00:00,15.1069992076,0.0
 02/09  01:00:00,15.1069992076,0.0
 02/09  02:00:00,15.1069992076,0.0
 02/09  03:00:00,15.1069992076,0.0
 02/09  04:00:00,15.1069992076,0.0
 02/09  05:00:00,15.1069992076,0.0
 02/09  06:00:00,15.1264934774,0.501779040811
 02/09  07:00:00,23.3382338046,199.067409042
 02/09  08:00:00,26.7805504461,165.149618836
 02/09  09:00:00,32.766346817,141.052721438
 02/09  10:00:00,49.1586237098,111.970898838
 02/09  11:00:00,49.1586237098,84.4810935616
 02/09  12:00:00,49.1586237098,55.039762564600004
 02/09  13:00:00,49.1586237098,56.860293920100005
 02/09  14:00:00,49.1586237098,58.4258173972
 02/09  15:00:00,49.1586237098,50.3292255399
 02/09  16:00:00,49.1586237098,39.5867543308
 02/09  17:00:00,49.1586237098,32.6127470808
 02/09  18:00:00,51.072790376499995,46.966373629799996
 02/09  19:00:00,48.7988344962,75.31848475
 02/09  20:00:00,48.7988344962,97.4835732383
 02/09  21:00:00,44.251346817,105.473888262
 02/09  22:00:00,22.3776491824,0.0
 02/09  23:00:00,15.1069992076,0.0
 02/09  24:00:00,15.1069992076,0.0
 02/10  01:00:00,15.1069992076,0.0
 02/10  02:00:00,15.1267278901,0.506613968674
 02/10  03:00:00,15.1499684224,1.0999308026799999
 02/10  04:00:00,15.1624532653,1.42154436241
 02/10  05:00:00,15.2467956746,3.5737981884199996
 02/10  06:00:00,15.323757761800001,5.55282713045
 02/10  07:00:00,23.3382338046,237.646517225
 02/10  08:00:00,26.7805504461,198.322528567
 02/10  09:00:00,32.766346817,176.335693717
 02/10  10:00:00,49.1586237098,148.721405161
 02/10  11:00:00,49.1586237098,132.690530613
 02/10  12:00:00,49.1586237098,109.031314807
 02/10  13:00:00,49.1586237098,91.24078744020001
 02/10  14:00:00,49.1586237098,76.3227276054
 02/10  15:00:00,49.1586237098,69.7251138723
 02/10  16:00:00,49.1586237098,58.2132526543
 02/10  17:00:00,49.1586237098,50.63375263
 02/10  18:00:00,51.072790376499995,69.1722852348
 02/10  19:00:00,48.7988344962,86.35504387360001
 02/10  20:00:00,48.7988344962,95.9798609514
 02/10  21:00:00,44.251346817,103.798909619
 02/10  22:00:00,22.3776491824,0.0
 02/10  23:00:00,15.1069992076,0.0
 02/10  24:00:00,15.1069992076,0.0
 02/11  01:00:00,14.657580751600001,0.0
 02/11  02:00:00,14.657580751600001,0.0
 02/11  03:00:00,14.657580751600001,0.0
 02/11  04:00:00,14.6854693943,0.7151295803990001
 02/11  05:00:00,14.7053122503,1.22671976923
 02/11  06:00:00,14.745670757300001,2.25920953968
 02/11  07:00:00,22.8888153486,211.87783597
 02/11  08:00:00,22.2330627669,174.855870813
 02/11  09:00:00,23.671371458600003,154.373829643
 02/11  10:00:00,37.3138344962,119.805276
 02/11  11:00:00,49.1586237098,90.6564243825
 02/11  12:00:00,49.1586237098,66.5604154892
 02/11  13:00:00,49.1586237098,58.0929264558
 02/11  14:00:00,49.1586237098,53.651606433599994
 02/11  15:00:00,49.1586237098,57.79919547390001
 02/11  16:00:00,49.1586237098,57.8165490217
 02/11  17:00:00,49.1586237098,58.386523152200006
 02/11  18:00:00,51.072790376499995,71.2603025673
 02/11  19:00:00,44.251346817,98.38879642139999
 02/11  20:00:00,35.1563714586,113.85234155299999
 02/11  21:00:00,35.1563714586,126.552155121
 02/11  22:00:00,26.0613961002,142.194596413
 02/11  23:00:00,14.657580751600001,0.0
 02/11  24:00:00,14.657580751600001,0.0
 02/12  01:00:00,14.657580751600001,0.0
 02/12  02:00:00,14.6869107954,0.7516292843250001
 02/12  03:00:00,14.7074273822,1.2810064516
 02/12  04:00:00,14.743745499800001,2.20802035525
 02/12  05:00:00,14.80670658,3.8240754240400006
 02/12  06:00:00,14.846743135999999,4.83751411628
 02/12  07:00:00,15.1116945576,11.6011939516
 02/12  08:00:00,11.4316786342,15.3025328927
 02/12  09:00:00,14.5763961002,226.93845944900002
 02/12  10:00:00,14.5763961002,180.89879907099998
 02/12  11:00:00,28.218859137800003,156.19434154299998
 02/12  12:00:00,28.218859137800003,136.04738472100001
 02/12  13:00:00,37.3138344962,104.42256559299999
 02/12  14:00:00,37.3138344962,91.70855346360001
 02/12  15:00:00,37.3138344962,74.1354852792
 02/12  16:00:00,37.3138344962,70.3884354721
 02/12  17:00:00,37.3138344962,73.6206316841
 02/12  18:00:00,30.133025804499997,100.86782572700001
 02/12  19:00:00,30.6088837794,111.457803073
 02/12  20:00:00,14.657580751600001,0.0
 02/12  21:00:00,14.657580751600001,0.0
 02/12  22:00:00,14.657580751600001,0.0
 02/12  23:00:00,14.657580751600001,0.0
 02/12  24:00:00,14.657580751600001,0.0
 02/13  01:00:00,15.1069992076,0.0
 02/13  02:00:00,15.1069992076,0.0
 02/13  03:00:00,15.1069992076,0.0
 02/13  04:00:00,15.1069992076,0.0
 02/13  05:00:00,15.1069992076,0.0
 02/13  06:00:00,15.1069992076,0.0
 02/13  07:00:00,23.3382338046,184.995226494
 02/13  08:00:00,26.7805504461,147.884878128
 02/13  09:00:00,32.766346817,129.001512185
 02/13  10:00:00,49.1586237098,98.08454018639999
 02/13  11:00:00,49.1586237098,80.35990630170001
 02/13  12:00:00,49.1586237098,68.812980788
 02/13  13:00:00,49.1586237098,58.726889578299996
 02/13  14:00:00,49.1586237098,51.865010938599994
 02/13  15:00:00,49.1586237098,49.2715951102
 02/13  16:00:00,49.1586237098,48.3176463557
 02/13  17:00:00,49.1586237098,56.5540531598
 02/13  18:00:00,51.072790376499995,62.1224134828
 02/13  19:00:00,48.7988344962,68.3566623626
 02/13  20:00:00,48.7988344962,84.9917389128
 02/13  21:00:00,44.251346817,97.5985189677
 02/13  22:00:00,22.3776491824,0.0
 02/13  23:00:00,15.1069992076,0.0
 02/13  24:00:00,15.1069992076,0.0
 02/14  01:00:00,15.1069992076,0.0
 02/14  02:00:00,15.1069992076,0.0
 02/14  03:00:00,15.1069992076,0.0
 02/14  04:00:00,15.135804163,0.7392746342450001
 02/14  05:00:00,15.1706149157,1.6333579763400001
 02/14  06:00:00,15.2372343398,3.34465379178
 02/14  07:00:00,23.3382338046,221.956165967
 02/14  08:00:00,26.7805504461,180.645430992
 02/14  09:00:00,32.766346817,156.698185431
 02/14  10:00:00,49.1586237098,129.031920188
 02/14  11:00:00,49.1586237098,116.733349694
 02/14  12:00:00,49.1586237098,98.4914101214
 02/14  13:00:00,49.1586237098,89.70034941120001
 02/14  14:00:00,49.1586237098,82.2296641735
 02/14  15:00:00,49.1586237098,77.0394843762
 02/14  16:00:00,49.1586237098,68.92719750159999
 02/14  17:00:00,49.1586237098,67.3868736916
 02/14  18:00:00,51.072790376499995,74.61880000880001
 02/14  19:00:00,48.7988344962,80.7391239288
 02/14  20:00:00,48.7988344962,87.8245277332
 02/14  21:00:00,44.251346817,88.42687499120001
 02/14  22:00:00,22.3776491824,0.0
 02/14  23:00:00,15.1069992076,0.0
 02/14  24:00:00,15.1069992076,0.0
 02/15  01:00:00,15.1069992076,0.0
 02/15  02:00:00,15.1069992076,0.0
 02/15  03:00:00,15.1069992076,0.0
 02/15  04:00:00,15.1069992076,0.0
 02/15  05:00:00,15.1069992076,0.0
 02/15  06:00:00,15.1069992076,0.0
 02/15  07:00:00,23.3382338046,186.284115235
 02/15  08:00:00,26.7805504461,150.921720289
 02/15  09:00:00,32.766346817,127.41718015
 02/15  10:00:00,49.1586237098,95.9004683132
 02/15  11:00:00,49.1586237098,82.01681084020001
 02/15  12:00:00,49.1586237098,58.9261345417
 02/15  13:00:00,49.1586237098,50.594811998900006
 02/15  14:00:00,49.1586237098,49.0348637419
 02/15  15:00:00,49.1586237098,49.489050463599995
 02/15  16:00:00,49.1586237098,45.9788924354
 02/15  17:00:00,49.1586237098,49.183032455200006
 02/15  18:00:00,49.1586237098,60.5872603951
 02/15  19:00:00,48.7988344962,67.31769267909999
 02/15  20:00:00,48.7988344962,77.9208635555
 02/15  21:00:00,44.251346817,87.2896187146
 02/15  22:00:00,22.3776491824,0.0
 02/15  23:00:00,15.1069992076,0.0
 02/15  24:00:00,15.1069992076,0.0
 02/16  01:00:00,15.1069992076,0.0
 02/16  02:00:00,15.1069992076,0.0
 02/16  03:00:00,15.1069992076,0.0
 02/16  04:00:00,15.1069992076,0.0
 02/16  05:00:00,15.1367771695,0.7643805352069999
 02/16  06:00:00,15.157144114200001,1.28900686065
 02/16  07:00:00,23.3382338046,208.646458436
 02/16  08:00:00,26.7805504461,171.207968583
 02/16  09:00:00,32.766346817,144.022919771
 02/16  10:00:00,49.1586237098,107.74714444600001
 02/16  11:00:00,49.1586237098,87.1367061717
 02/16  12:00:00,49.1586237098,66.8695344389
 02/16  13:00:00,49.1586237098,61.8147229902
 02/16  14:00:00,49.1586237098,57.1679242641
 02/16  15:00:00,49.1586237098,57.777478218599995
 02/16  16:00:00,49.1586237098,62.4590521687
 02/16  17:00:00,49.1586237098,66.7951559432
 02/16  18:00:00,49.1586237098,74.6683958537
 02/16  19:00:00,48.7988344962,81.8957198473
 02/16  20:00:00,48.7988344962,92.8877865718
 02/16  21:00:00,44.251346817,102.711335518
 02/16  22:00:00,22.3776491824,0.0
 02/16  23:00:00,15.1069992076,0.0
 02/16  24:00:00,15.1069992076,0.0
 02/17  01:00:00,15.1069992076,0.0
 02/17  02:00:00,15.1069992076,0.0
 02/17  03:00:00,15.1069992076,0.0
 02/17  04:00:00,15.1069992076,0.0
 02/17  05:00:00,15.1069992076,0.0
 02/17  06:00:00,15.118053363,0.28680207744
 02/17  07:00:00,23.3382338046,188.573850152
 02/17  08:00:00,24.8663837794,151.002708333
 02/17  09:00:00,32.766346817,127.184813512
 02/17  10:00:00,49.1586237098,97.10395762370001
 02/17  11:00:00,49.1586237098,79.4696730138
 02/17  12:00:00,49.1586237098,54.7017049752
 02/17  13:00:00,49.1586237098,38.5273512603
 02/17  14:00:00,49.1586237098,33.6673781808
 02/17  15:00:00,49.1586237098,27.5061112181
 02/17  16:00:00,49.1586237098,29.4318604737
 02/17  17:00:00,49.1586237098,39.7120023393
 02/17  18:00:00,49.1586237098,51.0164976736
 02/17  19:00:00,48.7988344962,61.98536194850001
 02/17  20:00:00,48.7988344962,72.4669403425
 02/17  21:00:00,44.251346817,80.4169123608
 02/17  22:00:00,22.3776491824,0.0
 02/17  23:00:00,15.1069992076,0.0
 02/17  24:00:00,15.1069992076,0.0
 02/18  01:00:00,14.657580751600001,0.0
 02/18  02:00:00,14.657580751600001,0.0
 02/18  03:00:00,14.657580751600001,0.0
 02/18  04:00:00,14.657580751600001,0.0
 02/18  05:00:00,14.657580751600001,0.0
 02/18  06:00:00,14.7128725183,1.4193709713999998
 02/18  07:00:00,22.8888153486,206.040408985
 02/18  08:00:00,20.3188961002,172.118794776
 02/18  09:00:00,23.671371458600003,151.534986062
 02/18  10:00:00,37.3138344962,118.12185872399999
 02/18  11:00:00,49.1586237098,85.5937948479
 02/18  12:00:00,49.1586237098,58.940567531800006
 02/18  13:00:00,49.1586237098,49.9929944897
 02/18  14:00:00,49.1586237098,42.0222368132
 02/18  15:00:00,49.1586237098,30.3835338501
 02/18  16:00:00,49.1586237098,32.3278160937
 02/18  17:00:00,49.1586237098,36.6012020902
 02/18  18:00:00,49.1586237098,51.6897417046
 02/18  19:00:00,44.251346817,77.4810140552
 02/18  20:00:00,35.1563714586,96.356015259
 02/18  21:00:00,35.1563714586,111.578906838
 02/18  22:00:00,26.0613961002,126.188625945
 02/18  23:00:00,14.657580751600001,0.0
 02/18  24:00:00,14.657580751600001,0.0
 02/19  01:00:00,14.657580751600001,0.0
 02/19  02:00:00,14.657580751600001,0.0
 02/19  03:00:00,14.686653326300002,0.746349086293
 02/19  04:00:00,14.6929305433,0.907901882112
 02/19  05:00:00,14.777922948499999,3.08985850694
 02/19  06:00:00,14.8199223254,4.1661318214300005
 02/19  07:00:00,14.992248560899998,8.564192151439999
 02/19  08:00:00,9.467385216810001,14.067036471300002
 02/19  09:00:00,14.5763961002,226.36766119700002
 02/19  10:00:00,14.5763961002,173.066339422
 02/19  11:00:00,28.218859137800003,136.328759459
 02/19  12:00:00,28.218859137800003,109.39908782799999
 02/19  13:00:00,37.3138344962,74.12516171909999
 02/19  14:00:00,37.3138344962,53.468765857
 02/19  15:00:00,37.3138344962,39.6250698139
 02/19  16:00:00,37.3138344962,38.8417397532
 02/19  17:00:00,37.3138344962,51.0577563702
 02/19  18:00:00,28.218859137800003,77.9656996602
 02/19  19:00:00,30.6088837794,90.7523594278
 02/19  20:00:00,14.657580751600001,0.0
 02/19  21:00:00,14.657580751600001,0.0
 02/19  22:00:00,14.657580751600001,0.0
 02/19  23:00:00,14.657580751600001,0.0
 02/19  24:00:00,14.657580751600001,0.0
 02/20  01:00:00,14.657580751600001,0.0
 02/20  02:00:00,14.657580751600001,0.0
 02/20  03:00:00,14.657580751600001,0.0
 02/20  04:00:00,14.657580751600001,0.0
 02/20  05:00:00,14.6996917841,1.0842673768200002
 02/20  06:00:00,14.715760848499999,1.4885180437299999
 02/20  07:00:00,14.791552921400001,3.4437626109900004
 02/20  08:00:00,9.08290555635,4.29615325111
 02/20  09:00:00,14.5763961002,203.817150002
 02/20  10:00:00,14.5763961002,150.755481065
 02/20  11:00:00,28.218859137800003,115.918179526
 02/20  12:00:00,28.218859137800003,93.8397429458
 02/20  13:00:00,37.3138344962,71.289419988
 02/20  14:00:00,37.3138344962,56.4897184016
 02/20  15:00:00,37.3138344962,40.6569496739
 02/20  16:00:00,37.3138344962,41.9784533302
 02/20  17:00:00,37.3138344962,43.829550843
 02/20  18:00:00,28.218859137800003,73.4790678807
 02/20  19:00:00,30.6088837794,89.425929494
 02/20  20:00:00,14.657580751600001,0.0
 02/20  21:00:00,14.657580751600001,0.0
 02/20  22:00:00,14.657580751600001,0.0
 02/20  23:00:00,14.657580751600001,0.0
 02/20  24:00:00,14.657580751600001,0.0
 02/21  01:00:00,15.1069992076,0.0
 02/21  02:00:00,15.1069992076,0.0
 02/21  03:00:00,15.1069992076,0.0
 02/21  04:00:00,15.1069992076,0.0
 02/21  05:00:00,15.1069992076,0.0
 02/21  06:00:00,15.1069992076,0.0
 02/21  07:00:00,23.3382338046,167.899319754
 02/21  08:00:00,24.8663837794,135.40940553
 02/21  09:00:00,32.766346817,114.322848105
 02/21  10:00:00,49.1586237098,87.98419158979999
 02/21  11:00:00,49.1586237098,77.90812897949999
 02/21  12:00:00,49.1586237098,60.1011535179
 02/21  13:00:00,49.1586237098,48.3650611983
 02/21  14:00:00,49.1586237098,48.610417237
 02/21  15:00:00,49.1586237098,46.507606117200005
 02/21  16:00:00,49.1586237098,39.5078482985
 02/21  17:00:00,49.1586237098,41.0620689095
 02/21  18:00:00,49.1586237098,49.3555291802
 02/21  19:00:00,48.7988344962,58.7271447484
 02/21  20:00:00,48.7988344962,68.9355014561
 02/21  21:00:00,44.251346817,73.5368493876
 02/21  22:00:00,22.3776491824,0.0
 02/21  23:00:00,15.1069992076,0.0
 02/21  24:00:00,15.1069992076,0.0
 02/22  01:00:00,15.1069992076,0.0
 02/22  02:00:00,15.1069992076,0.0
 02/22  03:00:00,15.1069992076,0.0
 02/22  04:00:00,15.1069992076,0.0
 02/22  05:00:00,15.1290593717,0.567556051997
 02/22  06:00:00,15.156676001400001,1.27152163679
 02/22  07:00:00,23.3382338046,216.902041722
 02/22  08:00:00,24.8663837794,181.00246403900002
 02/22  09:00:00,32.766346817,155.07152833799998
 02/22  10:00:00,49.1586237098,120.45989359299999
 02/22  11:00:00,49.1586237098,104.42430885
 02/22  12:00:00,49.1586237098,78.2526427779
 02/22  13:00:00,49.1586237098,57.9336380361
 02/22  14:00:00,49.1586237098,58.9592945629
 02/22  15:00:00,49.1586237098,59.541586232
 02/22  16:00:00,49.1586237098,52.843906375699994
 02/22  17:00:00,49.1586237098,57.849971661000005
 02/22  18:00:00,49.1586237098,70.5897624033
 02/22  19:00:00,46.884667829499996,85.6845702472
 02/22  20:00:00,48.7988344962,101.027932401
 02/22  21:00:00,44.251346817,109.930796871
 02/22  22:00:00,22.3776491824,0.0
 02/22  23:00:00,15.1069992076,0.0
 02/22  24:00:00,15.1069992076,0.0
 02/23  01:00:00,15.1069992076,0.0
 02/23  02:00:00,15.1184449655,0.296270566002
 02/23  03:00:00,15.1466158802,1.01483766588
 02/23  04:00:00,15.1511263938,1.12826668067
 02/23  05:00:00,15.2245084567,3.0140634493700005
 02/23  06:00:00,15.2603016724,3.92994541551
 02/23  07:00:00,23.3382338046,226.17971757700002
 02/23  08:00:00,22.9522171127,186.28472343299998
 02/23  09:00:00,32.766346817,169.744961905
 02/23  10:00:00,49.1586237098,137.486706711
 02/23  11:00:00,49.1586237098,112.93749327299999
 02/23  12:00:00,49.1586237098,93.12434112049999
 02/23  13:00:00,49.1586237098,79.2755440195
 02/23  14:00:00,49.1586237098,59.3357357962
 02/23  15:00:00,49.1586237098,45.801966325100004
 02/23  16:00:00,49.1586237098,41.7957117402
 02/23  17:00:00,49.1586237098,45.1840541297
 02/23  18:00:00,49.1586237098,55.2760396049
 02/23  19:00:00,46.884667829499996,62.1269312513
 02/23  20:00:00,48.7988344962,75.8737293908
 02/23  21:00:00,44.251346817,84.80131541770001
 02/23  22:00:00,22.3776491824,0.0
 02/23  23:00:00,15.1069992076,0.0
 02/23  24:00:00,15.1069992076,0.0
 02/24  01:00:00,15.1069992076,0.0
 02/24  02:00:00,15.1069992076,0.0
 02/24  03:00:00,15.1069992076,0.0
 02/24  04:00:00,15.1069992076,0.0
 02/24  05:00:00,15.1069992076,0.0
 02/24  06:00:00,15.1069992076,0.0
 02/24  07:00:00,23.3382338046,177.285868575
 02/24  08:00:00,22.9522171127,139.091795122
 02/24  09:00:00,32.766346817,114.21976680899999
 02/24  10:00:00,49.1586237098,82.2648499102
 02/24  11:00:00,49.1586237098,73.46780522899999
 02/24  12:00:00,49.1586237098,63.557309695200004
 02/24  13:00:00,49.1586237098,56.1211614205
 02/24  14:00:00,49.1586237098,51.8462271549
 02/24  15:00:00,49.1586237098,50.583861184700005
 02/24  16:00:00,49.1586237098,52.3003278262
 02/24  17:00:00,49.1586237098,59.7330960515
 02/24  18:00:00,49.1586237098,66.637058024
 02/24  19:00:00,46.884667829499996,77.6623762337
 02/24  20:00:00,48.7988344962,92.2344924126
 02/24  21:00:00,44.251346817,96.3559702802
 02/24  22:00:00,22.3776491824,0.0
 02/24  23:00:00,15.1069992076,0.0
 02/24  24:00:00,15.1069992076,0.0
 02/25  01:00:00,14.657580751600001,0.0
 02/25  02:00:00,14.657580751600001,0.0
 02/25  03:00:00,14.657580751600001,0.0
 02/25  04:00:00,14.657580751600001,0.0
 02/25  05:00:00,14.7008948469,1.11309143464
 02/25  06:00:00,14.7225624519,1.6615421827399999
 02/25  07:00:00,22.8888153486,214.417557161
 02/25  08:00:00,18.4047294335,176.38540713700002
 02/25  09:00:00,23.671371458600003,153.651328697
 02/25  10:00:00,37.3138344962,123.925228765
 02/25  11:00:00,49.1586237098,96.114709945
 02/25  12:00:00,49.1586237098,76.8381775796
 02/25  13:00:00,49.1586237098,76.2700562242
 02/25  14:00:00,49.1586237098,74.24578089
 02/25  15:00:00,49.1586237098,67.9673683331
 02/25  16:00:00,49.1586237098,63.947355117200004
 02/25  17:00:00,49.1586237098,63.349585201000004
 02/25  18:00:00,49.1586237098,75.6304009349
 02/25  19:00:00,42.3371801503,107.638824059
 02/25  20:00:00,35.1563714586,123.423478899
 02/25  21:00:00,35.1563714586,130.843716478
 02/25  22:00:00,26.0613961002,145.446610542
 02/25  23:00:00,14.657580751600001,0.0
 02/25  24:00:00,14.657580751600001,0.0
 02/26  01:00:00,14.657580751600001,0.0
 02/26  02:00:00,14.6872442398,0.7594232507800001
 02/26  03:00:00,14.7066539993,1.25970631718
 02/26  04:00:00,14.720762031600001,1.6130665918399998
 02/26  05:00:00,14.801246259000001,3.68698525567
 02/26  06:00:00,14.8580058686,5.1192039797
 02/26  07:00:00,14.973414459,8.083506354939999
 02/26  08:00:00,7.52051102033,13.2079983098
 02/26  09:00:00,14.5763961002,222.509152457
 02/26  10:00:00,14.5763961002,172.282771138
 02/26  11:00:00,28.218859137800003,143.61521586799998
 02/26  12:00:00,28.218859137800003,122.10894833
 02/26  13:00:00,37.3138344962,99.1475950374
 02/26  14:00:00,37.3138344962,89.5080786516
 02/26  15:00:00,37.3138344962,84.5422614444
 02/26  16:00:00,37.3138344962,77.8732998478
 02/26  17:00:00,37.3138344962,78.7113568346
 02/26  18:00:00,28.218859137800003,106.418197711
 02/26  19:00:00,28.6947171127,131.248969641
 02/26  20:00:00,14.657580751600001,0.0
 02/26  21:00:00,14.657580751600001,0.0
 02/26  22:00:00,14.657580751600001,0.0
 02/26  23:00:00,14.6802080368,0.581118568526
 02/26  24:00:00,14.7083805052,1.29826490611
 02/27  01:00:00,15.2457451923,3.5531927571199997
 02/27  02:00:00,15.301463721800001,4.9805811881099995
 02/27  03:00:00,15.382285944200001,7.04355676525
 02/27  04:00:00,15.640993296300001,13.582851183299999
 02/27  05:00:00,15.866152763399999,19.249846301199998
 02/27  06:00:00,16.0559955825,24.0548979936
 02/27  07:00:00,23.3382338046,266.518476728
 02/27  08:00:00,22.9522171127,228.348441123
 02/27  09:00:00,32.766346817,199.009946255
 02/27  10:00:00,49.1586237098,162.976913306
 02/27  11:00:00,49.1586237098,136.347625669
 02/27  12:00:00,49.1586237098,98.78332522209999
 02/27  13:00:00,49.1586237098,78.8553383247
 02/27  14:00:00,49.1586237098,76.0452076225
 02/27  15:00:00,49.1586237098,72.4750625863
 02/27  16:00:00,49.1586237098,64.3319956297
 02/27  17:00:00,49.1586237098,70.2520691636
 02/27  18:00:00,49.1586237098,85.8786101176
 02/27  19:00:00,46.884667829499996,101.02917635700001
 02/27  20:00:00,48.7988344962,117.059341356
 02/27  21:00:00,44.251346817,127.42939080000001
 02/27  22:00:00,22.3776491824,0.0
 02/27  23:00:00,15.1069992076,0.0
 02/27  24:00:00,15.1397003862,0.8365515462459999
 02/28  01:00:00,15.169031448,1.59002655675
 02/28  02:00:00,15.254085265699999,3.7599403673400005
 02/28  03:00:00,15.3252945225,5.594781608130001
 02/28  04:00:00,15.430509633800002,8.25161385416
 02/28  05:00:00,15.8043927429,17.7363884051
 02/28  06:00:00,15.971784391600002,21.885222694899998
 02/28  07:00:00,23.3382338046,264.71946568
 02/28  08:00:00,22.9522171127,228.737387194
 02/28  09:00:00,32.766346817,200.813950454
 02/28  10:00:00,49.1586237098,165.484620474
 02/28  11:00:00,49.1586237098,141.734360591
 02/28  12:00:00,49.1586237098,113.643471475
 02/28  13:00:00,49.1586237098,91.8282633418
 02/28  14:00:00,49.1586237098,82.2317890818
 02/28  15:00:00,49.1586237098,80.1535516275
 02/28  16:00:00,49.1586237098,72.3791139494
 02/28  17:00:00,49.1586237098,68.3063359466
 02/28  18:00:00,49.1586237098,76.8239894746
 02/28  19:00:00,46.884667829499996,91.25123394459999
 02/28  20:00:00,48.7988344962,105.94730070899999
 02/28  21:00:00,44.251346817,115.82478873
 02/28  22:00:00,22.3776491824,0.0
 02/28  23:00:00,15.1069992076,0.0
 02/28  24:00:00,15.1069992076,0.0
 03/01  01:00:00,15.1069992076,0.0
 03/01  02:00:00,15.163798249000001,1.45464298232
 03/01  03:00:00,15.1613887067,1.38848986606
 03/01  04:00:00,15.2711059063,4.20447328395
 03/01  05:00:00,15.2713972719,4.19776325681
 03/01  06:00:00,15.508606051600001,10.2509685475
 03/01  07:00:00,23.3382338046,241.70751376
 03/01  08:00:00,21.038050446099998,201.167395763
 03/01  09:00:00,32.766346817,177.770812176
 03/01  10:00:00,49.1586237098,138.07994659
 03/01  11:00:00,49.1586237098,97.5896147209
 03/01  12:00:00,49.1586237098,64.4942363855
 03/01  13:00:00,49.1586237098,53.339076558
 03/01  14:00:00,49.1586237098,49.5908440543
 03/01  15:00:00,49.1586237098,45.8173362175
 03/01  16:00:00,49.1586237098,42.203599524299996
 03/01  17:00:00,49.1586237098,46.259124990299995
 03/01  18:00:00,49.1586237098,50.4403082417
 03/01  19:00:00,46.884667829499996,61.246052218500004
 03/01  20:00:00,48.7988344962,80.7775660091
 03/01  21:00:00,44.251346817,90.73999335379999
 03/01  22:00:00,22.3776491824,0.0
 03/01  23:00:00,15.1069992076,0.0
 03/01  24:00:00,15.1069992076,0.0
 03/02  01:00:00,15.1069992076,0.0
 03/02  02:00:00,15.1069992076,0.0
 03/02  03:00:00,15.1069992076,0.0
 03/02  04:00:00,15.134238152,0.7009319234070001
 03/02  05:00:00,15.1348274687,0.7165600538789999
 03/02  06:00:00,15.151861703599998,1.15799243536
 03/02  07:00:00,23.3382338046,192.98228817700002
 03/02  08:00:00,21.038050446099998,150.461371134
 03/02  09:00:00,32.766346817,131.693627854
 03/02  10:00:00,49.1586237098,103.482039606
 03/02  11:00:00,49.1586237098,84.61707989109999
 03/02  12:00:00,49.1586237098,60.5940428391
 03/02  13:00:00,49.1586237098,44.7901495755
 03/02  14:00:00,49.1586237098,38.4304111587
 03/02  15:00:00,49.1586237098,31.4147815798
 03/02  16:00:00,49.1586237098,19.6650015322
 03/02  17:00:00,49.1586237098,29.0686927269
 03/02  18:00:00,49.1586237098,41.5066481618
 03/02  19:00:00,44.9705011629,50.312618872399995
 03/02  20:00:00,48.7988344962,62.0970270778
 03/02  21:00:00,44.251346817,69.139479926
 03/02  22:00:00,22.3776491824,0.0
 03/02  23:00:00,15.1069992076,0.0
 03/02  24:00:00,15.1069992076,0.0
 03/03  01:00:00,15.1069992076,0.0
 03/03  02:00:00,15.1069992076,0.0
 03/03  03:00:00,15.1069992076,0.0
 03/03  04:00:00,15.1069992076,0.0
 03/03  05:00:00,15.1069992076,0.0
 03/03  06:00:00,15.1069992076,0.0
 03/03  07:00:00,23.3382338046,166.589800977
 03/03  08:00:00,21.038050446099998,132.813522081
 03/03  09:00:00,32.766346817,109.82876448200001
 03/03  10:00:00,49.1586237098,81.5447772799
 03/03  11:00:00,49.1586237098,78.3695231453
 03/03  12:00:00,49.1586237098,69.66236619850001
 03/03  13:00:00,49.1586237098,58.3089130162
 03/03  14:00:00,49.1586237098,46.390677948100006
 03/03  15:00:00,49.1586237098,39.015544409600004
 03/03  16:00:00,49.1586237098,29.810500171399998
 03/03  17:00:00,49.1586237098,31.3606651915
 03/03  18:00:00,49.1586237098,43.6345405528
 03/03  19:00:00,44.9705011629,59.9165499905
 03/03  20:00:00,48.7988344962,77.1868834248
 03/03  21:00:00,44.251346817,93.8271795354
 03/03  22:00:00,22.3776491824,0.0
 03/03  23:00:00,15.1069992076,0.0
 03/03  24:00:00,15.1069992076,0.0
 03/04  01:00:00,14.657580751600001,0.0
 03/04  02:00:00,14.6789031232,0.548003762106
 03/04  03:00:00,14.7084484858,1.30136950142
 03/04  04:00:00,14.807465298499999,3.84464489236
 03/04  05:00:00,14.8644499223,5.30016866405
 03/04  06:00:00,15.1893133609,13.555245414200002
 03/04  07:00:00,22.8888153486,255.648279471
 03/04  08:00:00,16.490562766900002,218.25372424
 03/04  09:00:00,23.671371458600003,187.859401055
 03/04  10:00:00,37.3138344962,144.937860568
 03/04  11:00:00,49.1586237098,109.391553657
 03/04  12:00:00,49.1586237098,73.9805957818
 03/04  13:00:00,49.1586237098,64.3637375953
 03/04  14:00:00,49.1586237098,58.9927332488
 03/04  15:00:00,49.1586237098,57.348617221400005
 03/04  16:00:00,49.1586237098,61.226531862399995
 03/04  17:00:00,49.1586237098,59.043098638000004
 03/04  18:00:00,49.1586237098,68.5148910417
 03/04  19:00:00,40.4230134837,93.957774375
 03/04  20:00:00,35.1563714586,112.742951514
 03/04  21:00:00,35.1563714586,128.16785767
 03/04  22:00:00,26.0613961002,145.511835501
 03/04  23:00:00,14.657580751600001,0.0
 03/04  24:00:00,14.657580751600001,0.0
 03/05  01:00:00,14.690225164100001,0.835878392491
 03/05  02:00:00,14.765379172100001,2.76708877986
 03/05  03:00:00,14.853450983399998,5.00614124474
 03/05  04:00:00,15.062973234100001,10.3762734355
 03/05  05:00:00,15.3376136096,17.2763761452
 03/05  06:00:00,15.5566634523,22.8347444208
 03/05  07:00:00,15.7211974546,26.9750441615
 03/05  08:00:00,6.29028128642,30.587418209699997
 03/05  09:00:00,14.5763961002,263.49845585
 03/05  10:00:00,14.5763961002,202.20190600799998
 03/05  11:00:00,28.218859137800003,165.156316527
 03/05  12:00:00,28.218859137800003,128.492987177
 03/05  13:00:00,37.3138344962,90.293495258
 03/05  14:00:00,37.3138344962,74.183207576
 03/05  15:00:00,37.3138344962,66.1687312075
 03/05  16:00:00,37.3138344962,64.3655637488
 03/05  17:00:00,37.3138344962,68.1853630293
 03/05  18:00:00,28.218859137800003,98.83916331340001
 03/05  19:00:00,26.7805504461,110.012638471
 03/05  20:00:00,14.657580751600001,0.0
 03/05  21:00:00,14.657580751600001,0.0
 03/05  22:00:00,14.657580751600001,0.0
 03/05  23:00:00,14.657580751600001,0.0
 03/05  24:00:00,14.657580751600001,0.0
 03/06  01:00:00,15.1069992076,0.0
 03/06  02:00:00,15.127446951600001,0.5262755548420001
 03/06  03:00:00,15.1522683881,1.16075399985
 03/06  04:00:00,15.162567566500002,1.4276451258200002
 03/06  05:00:00,15.223578215,2.98762409796
 03/06  06:00:00,15.2703822328,4.20278691212
 03/06  07:00:00,23.3382338046,222.12846605400003
 03/06  08:00:00,21.038050446099998,179.885312212
 03/06  09:00:00,32.766346817,155.635636969
 03/06  10:00:00,49.1586237098,114.614276747
 03/06  11:00:00,49.1586237098,87.1767268607
 03/06  12:00:00,49.1586237098,78.6278557911
 03/06  13:00:00,49.1586237098,81.0044440493
 03/06  14:00:00,49.1586237098,77.0127250634
 03/06  15:00:00,49.1586237098,72.7812812233
 03/06  16:00:00,49.1586237098,66.2804573694
 03/06  17:00:00,49.1586237098,65.6731179171
 03/06  18:00:00,49.1586237098,73.1486706691
 03/06  19:00:00,44.9705011629,83.2406869772
 03/06  20:00:00,48.7988344962,95.0286423401
 03/06  21:00:00,44.251346817,100.78928016399999
 03/06  22:00:00,22.3776491824,0.0
 03/06  23:00:00,15.1069992076,0.0
 03/06  24:00:00,15.1069992076,0.0
 03/07  01:00:00,15.1069992076,0.0
 03/07  02:00:00,15.129545361500002,0.5798373432580001
 03/07  03:00:00,15.1723352486,1.6774424164200001
 03/07  04:00:00,15.2879439177,4.635630931030001
 03/07  05:00:00,15.3113536987,5.2380287159400005
 03/07  06:00:00,15.706208862,15.2393197733
 03/07  07:00:00,23.3382338046,255.118263455
 03/07  08:00:00,19.1238837794,218.83458595599998
 03/07  09:00:00,32.766346817,190.68519285
 03/07  10:00:00,49.1586237098,140.250448654
 03/07  11:00:00,49.1586237098,101.73677750600001
 03/07  12:00:00,49.1586237098,75.6745666962
 03/07  13:00:00,49.1586237098,78.2702609414
 03/07  14:00:00,49.1586237098,78.66506072909999
 03/07  15:00:00,49.1586237098,76.6281353501
 03/07  16:00:00,49.1586237098,72.3661450095
 03/07  17:00:00,49.1586237098,79.02169639350001
 03/07  18:00:00,49.1586237098,90.7655393285
 03/07  19:00:00,44.9705011629,109.54701776799999
 03/07  20:00:00,48.7988344962,128.819370955
 03/07  21:00:00,44.251346817,136.295203498
 03/07  22:00:00,22.3776491824,0.0
 03/07  23:00:00,15.1069992076,0.0
 03/07  24:00:00,15.139066032,0.82161475911
 03/08  01:00:00,15.1823895518,1.93286996074
 03/08  02:00:00,15.267658858299999,4.1271148155
 03/08  03:00:00,15.3381404378,5.92451887895
 03/08  04:00:00,15.390525016199998,7.266674901649999
 03/08  05:00:00,15.5247031075,10.684189381900001
 03/08  06:00:00,15.683895695799999,14.705421208299999
 03/08  07:00:00,23.3382338046,236.879451671
 03/08  08:00:00,19.1238837794,191.9416532
 03/08  09:00:00,32.766346817,162.577653362
 03/08  10:00:00,49.1586237098,126.66319217200001
 03/08  11:00:00,49.1586237098,102.082132966
 03/08  12:00:00,49.1586237098,82.22725675699999
 03/08  13:00:00,49.1586237098,69.6429714481
 03/08  14:00:00,49.1586237098,66.6005288886
 03/08  15:00:00,49.1586237098,67.7862620432
 03/08  16:00:00,49.1586237098,66.59812701770001
 03/08  17:00:00,49.1586237098,69.2966271175
 03/08  18:00:00,49.1586237098,77.9169378417
 03/08  19:00:00,44.9705011629,86.8951025282
 03/08  20:00:00,48.7988344962,97.08750441139999
 03/08  21:00:00,44.251346817,111.515527099
 03/08  22:00:00,22.3776491824,0.0
 03/08  23:00:00,15.1069992076,0.0
 03/08  24:00:00,15.1069992076,0.0
 03/09  01:00:00,15.138659803900001,0.8119037921719999
 03/09  02:00:00,15.1662016236,1.5203951182
 03/09  03:00:00,15.2499598341,3.6623531903800006
 03/09  04:00:00,15.328021806099999,5.67796874971
 03/09  05:00:00,15.4166728874,7.9175423718100015
 03/09  06:00:00,15.7728435475,16.9697306725
 03/09  07:00:00,23.3382338046,249.08854032099998
 03/09  08:00:00,19.1238837794,206.004816923
 03/09  09:00:00,32.766346817,178.40403283700002
 03/09  10:00:00,49.1586237098,136.432618693
 03/09  11:00:00,49.1586237098,115.048884326
 03/09  12:00:00,49.1586237098,88.9152027815
 03/09  13:00:00,49.1586237098,74.5470552185
 03/09  14:00:00,49.1586237098,66.6540209146
 03/09  15:00:00,49.1586237098,72.7361789076
 03/09  16:00:00,49.1586237098,62.547719309899996
 03/09  17:00:00,49.1586237098,48.8351762427
 03/09  18:00:00,49.1586237098,55.0717772257
 03/09  19:00:00,44.9705011629,66.0090471276
 03/09  20:00:00,48.7988344962,79.47688400439999
 03/09  21:00:00,44.251346817,88.5687547917
 03/09  22:00:00,22.3776491824,0.0
 03/09  23:00:00,15.1069992076,0.0
 03/09  24:00:00,15.1069992076,0.0
 03/10  01:00:00,15.1069992076,0.0
 03/10  02:00:00,15.1069992076,0.0
 03/10  03:00:00,15.1069992076,0.0
 03/10  04:00:00,15.1500459925,1.10887668144
 03/10  05:00:00,15.166518981300001,1.52390220685
 03/10  06:00:00,15.234130044,3.2678065050800003
 03/10  07:00:00,23.3382338046,223.84507930900003
 03/10  08:00:00,19.1238837794,183.93729601400003
 03/10  09:00:00,32.766346817,152.595949923
 03/10  10:00:00,49.1586237098,108.054527634
 03/10  11:00:00,49.1586237098,79.8625693441
 03/10  12:00:00,49.1586237098,57.663411654899996
 03/10  13:00:00,49.1586237098,50.43574150680001
 03/10  14:00:00,49.1586237098,43.5045068012
 03/10  15:00:00,49.1586237098,33.5875339528
 03/10  16:00:00,49.1586237098,30.0759920181
 03/10  17:00:00,49.1586237098,30.942395439299997
 03/10  18:00:00,49.1586237098,35.096092602
 03/10  19:00:00,43.0563344962,47.9011474425
 03/10  20:00:00,48.7988344962,60.897525136700004
 03/10  21:00:00,44.251346817,67.4709404557
 03/10  22:00:00,22.3776491824,0.0
 03/10  23:00:00,15.1069992076,0.0
 03/10  24:00:00,15.1069992076,0.0
 03/11  01:00:00,14.657580751600001,0.0
 03/11  02:00:00,14.657580751600001,0.0
 03/11  03:00:00,14.657580751600001,0.0
 03/11  04:00:00,14.657580751600001,0.0
 03/11  05:00:00,14.657580751600001,0.0
 03/11  06:00:00,14.657580751600001,0.0
 03/11  07:00:00,22.8888153486,180.022827312
 03/11  08:00:00,14.5763961002,145.213111784
 03/11  09:00:00,23.671371458600003,126.196142025
 03/11  10:00:00,37.3138344962,97.0761659101
 03/11  11:00:00,49.1586237098,73.0019227806
 03/11  12:00:00,49.1586237098,42.7183093886
 03/11  13:00:00,49.1586237098,28.6292521065
 03/11  14:00:00,49.1586237098,23.0598119613
 03/11  15:00:00,49.1586237098,18.343917883099998
 03/11  16:00:00,49.1586237098,10.2193168166
 03/11  17:00:00,49.1586237098,3.16484852064
 03/11  18:00:00,49.1586237098,14.713453035399999
 03/11  19:00:00,38.508846817,47.4402982467
 03/11  20:00:00,35.1563714586,62.5221215652
 03/11  21:00:00,35.1563714586,68.57629657439999
 03/11  22:00:00,26.0613961002,79.57966650590001
 03/11  23:00:00,14.657580751600001,0.0
 03/11  24:00:00,14.657580751600001,0.0
 03/12  01:00:00,14.657580751600001,0.0
 03/12  02:00:00,14.657580751600001,0.0
 03/12  03:00:00,14.657580751600001,0.0
 03/12  04:00:00,14.657580751600001,0.0
 03/12  05:00:00,14.657580751600001,0.0
 03/12  06:00:00,14.657580751600001,0.0
 03/12  07:00:00,14.657580751600001,0.0
 03/12  08:00:00,14.5763961002,183.593399008
 03/12  09:00:00,14.5763961002,143.399437075
 03/12  10:00:00,28.218859137800003,117.27211365299999
 03/12  11:00:00,28.218859137800003,95.25190781559999
 03/12  12:00:00,37.3138344962,66.6155150026
 03/12  13:00:00,37.3138344962,43.0369833698
 03/12  14:00:00,37.3138344962,29.1836683895
 03/12  15:00:00,37.3138344962,22.287279331500002
 03/12  16:00:00,37.3138344962,15.557233300899998
 03/12  17:00:00,28.218859137800003,26.5532274334
 03/12  18:00:00,19.1238837794,35.241813465599996
 03/12  19:00:00,8.9150807516,0.0
 03/12  20:00:00,14.657580751600001,0.0
 03/12  21:00:00,14.657580751600001,0.0
 03/12  22:00:00,14.657580751600001,0.0
 03/12  23:00:00,14.657580751600001,0.0
 03/12  24:00:00,14.657580751600001,0.0
 03/13  01:00:00,15.1069992076,0.0
 03/13  02:00:00,15.1069992076,0.0
 03/13  03:00:00,15.1069992076,0.0
 03/13  04:00:00,15.1069992076,0.0
 03/13  05:00:00,15.1069992076,0.0
 03/13  06:00:00,23.3382338046,150.32456977
 03/13  07:00:00,28.6947171127,127.724513941
 03/13  08:00:00,32.766346817,117.32237822100001
 03/13  09:00:00,49.1586237098,87.3126646424
 03/13  10:00:00,49.1586237098,74.3408314262
 03/13  11:00:00,49.1586237098,58.098607647200005
 03/13  12:00:00,49.1586237098,38.288747513800004
 03/13  13:00:00,49.1586237098,22.263874432399998
 03/13  14:00:00,49.1586237098,11.936842329600001
 03/13  15:00:00,49.1586237098,4.767737305
 03/13  16:00:00,49.1586237098,10.5148030435
 03/13  17:00:00,49.1586237098,12.173946365
 03/13  18:00:00,37.3138344962,19.0665939442
 03/13  19:00:00,43.0563344962,39.8774613821
 03/13  20:00:00,44.251346817,51.400840440100005
 03/13  21:00:00,22.3776491824,0.0
 03/13  22:00:00,15.1069992076,0.0
 03/13  23:00:00,15.1069992076,0.0
 03/13  24:00:00,15.1069992076,0.0
 03/14  01:00:00,15.1069992076,0.0
 03/14  02:00:00,15.1069992076,0.0
 03/14  03:00:00,15.1069992076,0.0
 03/14  04:00:00,15.1069992076,0.0
 03/14  05:00:00,15.1069992076,0.0
 03/14  06:00:00,23.3382338046,156.633611576
 03/14  07:00:00,28.6947171127,128.020229164
 03/14  08:00:00,32.766346817,113.587963746
 03/14  09:00:00,49.1586237098,88.99451229540001
 03/14  10:00:00,49.1586237098,70.35839799729999
 03/14  11:00:00,49.1586237098,45.1732948192
 03/14  12:00:00,49.1586237098,27.515372074800002
 03/14  13:00:00,49.1586237098,17.499691951099997
 03/14  14:00:00,49.1586237098,13.9919492327
 03/14  15:00:00,49.1586237098,8.69653125114
 03/14  16:00:00,49.1586237098,6.64968789329
 03/14  17:00:00,49.1586237098,4.674079116030001
 03/14  18:00:00,37.3138344962,5.79660318247
 03/14  19:00:00,43.0563344962,26.576731630999998
 03/14  20:00:00,44.251346817,39.5652940809
 03/14  21:00:00,22.3776491824,0.0
 03/14  22:00:00,15.1069992076,0.0
 03/14  23:00:00,15.1069992076,0.0
 03/14  24:00:00,15.1069992076,0.0
 03/15  01:00:00,15.1069992076,0.0
 03/15  02:00:00,15.1069992076,0.0
 03/15  03:00:00,15.1069992076,0.0
 03/15  04:00:00,15.1069992076,0.0
 03/15  05:00:00,15.1069992076,0.0
 03/15  06:00:00,23.3382338046,151.511381655
 03/15  07:00:00,28.6947171127,124.521076417
 03/15  08:00:00,32.766346817,109.70775453200001
 03/15  09:00:00,49.1586237098,82.54914037489999
 03/15  10:00:00,49.1586237098,52.7549030633
 03/15  11:00:00,49.1586237098,27.5468467193
 03/15  12:00:00,49.1586237098,18.8220468226
 03/15  13:00:00,49.1586237098,11.648834463399998
 03/15  14:00:00,49.1586237098,10.2286001925
 03/15  15:00:00,49.1586237098,6.821223389990001
 03/15  16:00:00,49.1586237098,10.413599742999999
 03/15  17:00:00,49.1586237098,16.5183398977
 03/15  18:00:00,37.3138344962,24.4504586835
 03/15  19:00:00,43.0563344962,33.8890431476
 03/15  20:00:00,44.251346817,40.2942189682
 03/15  21:00:00,22.3776491824,0.0
 03/15  22:00:00,15.1069992076,0.0
 03/15  23:00:00,15.1069992076,0.0
 03/15  24:00:00,15.1069992076,0.0
 03/16  01:00:00,15.1069992076,0.0
 03/16  02:00:00,15.1069992076,0.0
 03/16  03:00:00,15.1069992076,0.0
 03/16  04:00:00,15.1069992076,0.0
 03/16  05:00:00,15.1069992076,0.0
 03/16  06:00:00,23.3382338046,128.403063485
 03/16  07:00:00,28.6947171127,112.689396725
 03/16  08:00:00,32.766346817,104.71202808
 03/16  09:00:00,49.1586237098,78.6023414743
 03/16  10:00:00,49.1586237098,59.833802470900004
 03/16  11:00:00,49.1586237098,40.1734783165
 03/16  12:00:00,49.1586237098,29.186281522399998
 03/16  13:00:00,49.1586237098,19.0637583937
 03/16  14:00:00,49.1586237098,15.671896407
 03/16  15:00:00,49.1586237098,9.60854434449
 03/16  16:00:00,49.1586237098,11.506105648
 03/16  17:00:00,49.1586237098,16.4735489245
 03/16  18:00:00,37.3138344962,18.9636208109
 03/16  19:00:00,43.0563344962,25.3100013895
 03/16  20:00:00,44.251346817,32.8770244106
 03/16  21:00:00,22.3776491824,0.0
 03/16  22:00:00,15.1069992076,0.0
 03/16  23:00:00,15.1069992076,0.0
 03/16  24:00:00,15.1069992076,0.0
 03/17  01:00:00,15.1069992076,0.0
 03/17  02:00:00,15.1069992076,0.0
 03/17  03:00:00,15.1069992076,0.0
 03/17  04:00:00,15.1069992076,0.0
 03/17  05:00:00,15.1069992076,0.0
 03/17  06:00:00,23.3382338046,162.43617556799998
 03/17  07:00:00,28.6947171127,137.346460573
 03/17  08:00:00,32.766346817,122.386489169
 03/17  09:00:00,49.1586237098,91.72595779129999
 03/17  10:00:00,49.1586237098,77.9835100355
 03/17  11:00:00,49.1586237098,57.769646918199996
 03/17  12:00:00,49.1586237098,41.2701447929
 03/17  13:00:00,49.1586237098,33.1457635673
 03/17  14:00:00,49.1586237098,31.0761780223
 03/17  15:00:00,49.1586237098,33.2487803516
 03/17  16:00:00,49.1586237098,37.4116959715
 03/17  17:00:00,49.1586237098,36.2782701185
 03/17  18:00:00,37.3138344962,44.8941336592
 03/17  19:00:00,43.0563344962,58.8114148881
 03/17  20:00:00,44.251346817,68.7458331149
 03/17  21:00:00,22.3776491824,0.0
 03/17  22:00:00,15.1069992076,0.0
 03/17  23:00:00,15.1069992076,0.0
 03/17  24:00:00,15.1069992076,0.0
 03/18  01:00:00,14.657580751600001,0.0
 03/18  02:00:00,14.657580751600001,0.0
 03/18  03:00:00,14.657580751600001,0.0
 03/18  04:00:00,14.687912194,0.7790190045029999
 03/18  05:00:00,14.719702413,1.5939561263
 03/18  06:00:00,22.8888153486,208.785589453
 03/18  07:00:00,24.147229433499998,172.508225032
 03/18  08:00:00,23.671371458600003,156.934636516
 03/18  09:00:00,37.3138344962,121.430901783
 03/18  10:00:00,49.1586237098,87.46357637940001
 03/18  11:00:00,49.1586237098,69.4358326251
 03/18  12:00:00,49.1586237098,62.243485794899996
 03/18  13:00:00,49.1586237098,51.758186032
 03/18  14:00:00,49.1586237098,39.4087999196
 03/18  15:00:00,49.1586237098,38.0612777366
 03/18  16:00:00,49.1586237098,33.062754599
 03/18  17:00:00,49.1586237098,31.912232084899998
 03/18  18:00:00,32.766346817,47.311218147299996
 03/18  19:00:00,27.4997047919,57.899791585299994
 03/18  20:00:00,35.1563714586,65.9400996622
 03/18  21:00:00,26.0613961002,85.98249911719999
 03/18  22:00:00,14.657580751600001,0.0
 03/18  23:00:00,14.657580751600001,0.0
 03/18  24:00:00,14.657580751600001,0.0
 03/19  01:00:00,14.657580751600001,0.0
 03/19  02:00:00,14.657580751600001,0.0
 03/19  03:00:00,14.657580751600001,0.0
 03/19  04:00:00,14.6867440374,0.749518840246
 03/19  05:00:00,14.6910475527,0.860891858503
 03/19  06:00:00,14.748522958199999,2.3408245818099997
 03/19  07:00:00,10.9588920287,3.3254249604500004
 03/19  08:00:00,14.5763961002,204.01415413599997
 03/19  09:00:00,14.5763961002,154.178690856
 03/19  10:00:00,28.218859137800003,117.510980353
 03/19  11:00:00,28.218859137800003,93.56112313790001
 03/19  12:00:00,37.3138344962,72.72645231359999
 03/19  13:00:00,37.3138344962,60.885975684799995
 03/19  14:00:00,37.3138344962,50.314489580600004
 03/19  15:00:00,37.3138344962,44.78188520689999
 03/19  16:00:00,37.3138344962,40.746358438
 03/19  17:00:00,28.218859137800003,56.294694792399994
 03/19  18:00:00,19.1238837794,63.587262406499995
 03/19  19:00:00,7.000914084930001,0.0
 03/19  20:00:00,14.657580751600001,0.0
 03/19  21:00:00,14.657580751600001,0.0
 03/19  22:00:00,14.657580751600001,0.0
 03/19  23:00:00,14.657580751600001,0.0
 03/19  24:00:00,14.657580751600001,0.0
 03/20  01:00:00,15.1069992076,0.0
 03/20  02:00:00,15.1069992076,0.0
 03/20  03:00:00,15.1069992076,0.0
 03/20  04:00:00,15.1069992076,0.0
 03/20  05:00:00,15.1069992076,0.0
 03/20  06:00:00,23.3382338046,183.775246054
 03/20  07:00:00,26.7805504461,148.393633159
 03/20  08:00:00,32.766346817,130.25328743
 03/20  09:00:00,49.1586237098,104.061342924
 03/20  10:00:00,49.1586237098,84.1957173092
 03/20  11:00:00,49.1586237098,54.15006689810001
 03/20  12:00:00,49.1586237098,32.4366133867
 03/20  13:00:00,49.1586237098,19.698412688
 03/20  14:00:00,49.1586237098,13.131739018900001
 03/20  15:00:00,49.1586237098,4.869352162619999
 03/20  16:00:00,49.1586237098,2.35979849369
 03/20  17:00:00,49.1586237098,3.3532071619200003
 03/20  18:00:00,37.3138344962,10.5193240455
 03/20  19:00:00,41.142167829499996,30.6133257898
 03/20  20:00:00,44.251346817,49.1144396203
 03/20  21:00:00,22.3776491824,0.0
 03/20  22:00:00,15.1069992076,0.0
 03/20  23:00:00,15.1069992076,0.0
 03/20  24:00:00,15.1069992076,0.0
 03/21  01:00:00,15.1069992076,0.0
 03/21  02:00:00,15.1069992076,0.0
 03/21  03:00:00,15.1069992076,0.0
 03/21  04:00:00,15.1069992076,0.0
 03/21  05:00:00,15.1069992076,0.0
 03/21  06:00:00,23.3382338046,171.889161676
 03/21  07:00:00,26.7805504461,133.841831546
 03/21  08:00:00,32.766346817,114.855737553
 03/21  09:00:00,49.1586237098,89.7365965112
 03/21  10:00:00,49.1586237098,67.8569726261
 03/21  11:00:00,49.1586237098,36.474052393
 03/21  12:00:00,49.1586237098,13.046308180499999
 03/21  13:00:00,49.1586237098,2.3018555797699998
 03/21  14:00:00,49.1586237098,1.3535756703200001
 03/21  15:00:00,49.1586237098,0.0217975056532
 03/21  16:00:00,49.1586237098,0.0
 03/21  17:00:00,49.1586237098,0.00262684325289
 03/21  18:00:00,37.3138344962,0.0
 03/21  19:00:00,41.142167829499996,3.9363368619699997
 03/21  20:00:00,44.251346817,25.171712347899998
 03/21  21:00:00,22.3776491824,0.0
 03/21  22:00:00,15.1069992076,0.0
 03/21  23:00:00,15.1069992076,0.0
 03/21  24:00:00,15.1069992076,0.0
 03/22  01:00:00,15.1069992076,0.0
 03/22  02:00:00,15.1069992076,0.0
 03/22  03:00:00,15.1069992076,0.0
 03/22  04:00:00,15.1069992076,0.0
 03/22  05:00:00,15.1069992076,0.0
 03/22  06:00:00,23.3382338046,125.76527434799999
 03/22  07:00:00,26.7805504461,98.0423672536
 03/22  08:00:00,32.766346817,84.418938252
 03/22  09:00:00,49.1586237098,64.2357068919
 03/22  10:00:00,49.1586237098,51.9483334017
 03/22  11:00:00,49.1586237098,32.8020822702
 03/22  12:00:00,49.1586237098,21.867648419899997
 03/22  13:00:00,49.1586237098,14.632515626099998
 03/22  14:00:00,49.1586237098,12.709191713900001
 03/22  15:00:00,49.1586237098,12.8085559008
 03/22  16:00:00,49.1586237098,21.801474654099998
 03/22  17:00:00,49.1586237098,24.5685677962
 03/22  18:00:00,37.3138344962,25.780975738600002
 03/22  19:00:00,41.142167829499996,40.031359610900004
 03/22  20:00:00,44.251346817,48.0107372194
 03/22  21:00:00,22.3776491824,0.0
 03/22  22:00:00,15.1069992076,0.0
 03/22  23:00:00,15.1069992076,0.0
 03/22  24:00:00,15.1069992076,0.0
 03/23  01:00:00,15.1069992076,0.0
 03/23  02:00:00,15.1069992076,0.0
 03/23  03:00:00,15.1069992076,0.0
 03/23  04:00:00,15.1069992076,0.0
 03/23  05:00:00,15.1069992076,0.0
 03/23  06:00:00,23.3382338046,137.106674124
 03/23  07:00:00,26.7805504461,107.381791506
 03/23  08:00:00,32.766346817,91.7860299532
 03/23  09:00:00,49.1586237098,65.6419662149
 03/23  10:00:00,49.1586237098,55.03101127
 03/23  11:00:00,49.1586237098,45.2820255838
 03/23  12:00:00,49.1586237098,35.5043355331
 03/23  13:00:00,49.1586237098,26.7914112068
 03/23  14:00:00,49.1586237098,21.903969359
 03/23  15:00:00,49.1586237098,8.582778629189999
 03/23  16:00:00,49.1586237098,9.3630815052
 03/23  17:00:00,49.1586237098,16.5021701832
 03/23  18:00:00,37.3138344962,18.042249326900002
 03/23  19:00:00,41.142167829499996,28.0203578361
 03/23  20:00:00,44.251346817,36.3145145311
 03/23  21:00:00,22.3776491824,0.0
 03/23  22:00:00,15.1069992076,0.0
 03/23  23:00:00,15.1069992076,0.0
 03/23  24:00:00,15.1069992076,0.0
 03/24  01:00:00,15.1069992076,0.0
 03/24  02:00:00,15.1069992076,0.0
 03/24  03:00:00,15.1069992076,0.0
 03/24  04:00:00,15.1069992076,0.0
 03/24  05:00:00,15.1069992076,0.0
 03/24  06:00:00,23.3382338046,160.321385846
 03/24  07:00:00,24.8663837794,125.147416506
 03/24  08:00:00,32.766346817,103.717515797
 03/24  09:00:00,49.1586237098,79.0416234766
 03/24  10:00:00,49.1586237098,68.6800011961
 03/24  11:00:00,49.1586237098,51.065416211000006
 03/24  12:00:00,49.1586237098,40.1452621829
 03/24  13:00:00,49.1586237098,32.2112347935
 03/24  14:00:00,49.1586237098,27.062061019699996
 03/24  15:00:00,49.1586237098,20.1686211968
 03/24  16:00:00,49.1586237098,13.6361537999
 03/24  17:00:00,49.1586237098,10.9270265832
 03/24  18:00:00,37.3138344962,9.57378241675
 03/24  19:00:00,41.142167829499996,26.206521824099998
 03/24  20:00:00,44.251346817,38.3844353367
 03/24  21:00:00,22.3776491824,0.0
 03/24  22:00:00,15.1069992076,0.0
 03/24  23:00:00,15.1069992076,0.0
 03/24  24:00:00,15.1069992076,0.0
 03/25  01:00:00,14.657580751600001,0.0
 03/25  02:00:00,14.657580751600001,0.0
 03/25  03:00:00,14.657580751600001,0.0
 03/25  04:00:00,14.657580751600001,0.0
 03/25  05:00:00,14.657580751600001,0.0
 03/25  06:00:00,22.8888153486,127.34189712700001
 03/25  07:00:00,20.3188961002,105.05625181299999
 03/25  08:00:00,23.671371458600003,94.4120347594
 03/25  09:00:00,37.3138344962,75.7051140228
 03/25  10:00:00,49.1586237098,56.9603446091
 03/25  11:00:00,49.1586237098,36.3637128995
 03/25  12:00:00,49.1586237098,27.5120990238
 03/25  13:00:00,49.1586237098,25.143264263699997
 03/25  14:00:00,49.1586237098,20.2054146835
 03/25  15:00:00,49.1586237098,14.5105744871
 03/25  16:00:00,49.1586237098,5.64958853383
 03/25  17:00:00,49.1586237098,7.4618130980199995
 03/25  18:00:00,32.766346817,24.230022410900002
 03/25  19:00:00,27.4997047919,36.2812454704
 03/25  20:00:00,35.1563714586,46.1979963273
 03/25  21:00:00,26.0613961002,61.2514905306
 03/25  22:00:00,14.657580751600001,0.0
 03/25  23:00:00,14.657580751600001,0.0
 03/25  24:00:00,14.657580751600001,0.0
 03/26  01:00:00,14.657580751600001,0.0
 03/26  02:00:00,14.657580751600001,0.0
 03/26  03:00:00,14.657580751600001,0.0
 03/26  04:00:00,14.657580751600001,0.0
 03/26  05:00:00,14.657580751600001,0.0
 03/26  06:00:00,14.657580751600001,0.0
 03/26  07:00:00,8.9150807516,0.0
 03/26  08:00:00,14.5763961002,156.985481197
 03/26  09:00:00,14.5763961002,117.563788799
 03/26  10:00:00,28.218859137800003,86.8748762462
 03/26  11:00:00,28.218859137800003,67.63677034220001
 03/26  12:00:00,37.3138344962,38.217371827600005
 03/26  13:00:00,37.3138344962,22.332446933299998
 03/26  14:00:00,37.3138344962,19.3651441091
 03/26  15:00:00,37.3138344962,19.3186041229
 03/26  16:00:00,37.3138344962,15.137128210799998
 03/26  17:00:00,28.218859137800003,33.5368483983
 03/26  18:00:00,19.1238837794,51.4154506596
 03/26  19:00:00,5.08674741827,0.0
 03/26  20:00:00,14.657580751600001,0.0
 03/26  21:00:00,14.657580751600001,0.0
 03/26  22:00:00,14.657580751600001,0.0
 03/26  23:00:00,14.657580751600001,0.0
 03/26  24:00:00,14.657580751600001,0.0
 03/27  01:00:00,15.1069992076,0.0
 03/27  02:00:00,15.1069992076,0.0
 03/27  03:00:00,15.1069992076,0.0
 03/27  04:00:00,15.1069992076,0.0
 03/27  05:00:00,15.1069992076,0.0
 03/27  06:00:00,23.3382338046,160.39114914299998
 03/27  07:00:00,24.8663837794,134.890304399
 03/27  08:00:00,32.766346817,115.104436316
 03/27  09:00:00,49.1586237098,83.6659629729
 03/27  10:00:00,49.1586237098,60.6541295886
 03/27  11:00:00,49.1586237098,41.2316871688
 03/27  12:00:00,49.1586237098,31.6361157592
 03/27  13:00:00,49.1586237098,26.4293240065
 03/27  14:00:00,49.1586237098,29.8419926856
 03/27  15:00:00,49.1586237098,31.071021092
 03/27  16:00:00,49.1586237098,33.6266027467
 03/27  17:00:00,49.1586237098,39.955792049
 03/27  18:00:00,37.3138344962,45.9525189246
 03/27  19:00:00,39.2280011629,57.7444183608
 03/27  20:00:00,44.251346817,67.0617265823
 03/27  21:00:00,22.3776491824,0.0
 03/27  22:00:00,15.1069992076,0.0
 03/27  23:00:00,15.1069992076,0.0
 03/27  24:00:00,15.1069992076,0.0
 03/28  01:00:00,15.1069992076,0.0
 03/28  02:00:00,15.1069992076,0.0
 03/28  03:00:00,15.1069992076,0.0
 03/28  04:00:00,15.1069992076,0.0
 03/28  05:00:00,15.1069992076,0.0
 03/28  06:00:00,23.3382338046,156.189050498
 03/28  07:00:00,24.8663837794,124.59903422200001
 03/28  08:00:00,32.766346817,125.84277907100001
 03/28  09:00:00,49.1586237098,109.561589646
 03/28  10:00:00,49.1586237098,90.3996913
 03/28  11:00:00,49.1586237098,65.4741889921
 03/28  12:00:00,49.1586237098,48.0492834254
 03/28  13:00:00,49.1586237098,36.989978375
 03/28  14:00:00,49.1586237098,22.9184890212
 03/28  15:00:00,49.1586237098,11.6309755228
 03/28  16:00:00,49.1586237098,17.1152223029
 03/28  17:00:00,49.1586237098,22.1982605002
 03/28  18:00:00,37.3138344962,27.379619126599998
 03/28  19:00:00,39.2280011629,40.3027783076
 03/28  20:00:00,44.251346817,52.134230108400004
 03/28  21:00:00,22.3776491824,0.0
 03/28  22:00:00,15.1069992076,0.0
 03/28  23:00:00,15.1069992076,0.0
 03/28  24:00:00,15.1069992076,0.0
 03/29  01:00:00,15.1069992076,0.0
 03/29  02:00:00,15.1069992076,0.0
 03/29  03:00:00,15.1069992076,0.0
 03/29  04:00:00,15.1069992076,0.0
 03/29  05:00:00,15.1069992076,0.0
 03/29  06:00:00,23.3382338046,162.03427379
 03/29  07:00:00,24.8663837794,132.04748472100002
 03/29  08:00:00,32.766346817,114.56425479200001
 03/29  09:00:00,49.1586237098,84.2951866216
 03/29  10:00:00,49.1586237098,66.2269111967
 03/29  11:00:00,49.1586237098,44.0902981017
 03/29  12:00:00,49.1586237098,33.3864891579
 03/29  13:00:00,49.1586237098,29.08253147
 03/29  14:00:00,49.1586237098,32.8022647185
 03/29  15:00:00,49.1586237098,27.9123956552
 03/29  16:00:00,49.1586237098,23.9438889115
 03/29  17:00:00,49.1586237098,24.113655519899996
 03/29  18:00:00,37.3138344962,25.0247198904
 03/29  19:00:00,39.2280011629,38.0422937019
 03/29  20:00:00,44.251346817,50.7408187662
 03/29  21:00:00,22.3776491824,0.0
 03/29  22:00:00,15.1069992076,0.0
 03/29  23:00:00,15.1069992076,0.0
 03/29  24:00:00,15.1069992076,0.0
 03/30  01:00:00,15.1069992076,0.0
 03/30  02:00:00,15.1069992076,0.0
 03/30  03:00:00,15.1069992076,0.0
 03/30  04:00:00,15.1069992076,0.0
 03/30  05:00:00,15.1069992076,0.0
 03/30  06:00:00,23.3382338046,164.621509989
 03/30  07:00:00,22.9522171127,136.025438672
 03/30  08:00:00,32.766346817,118.377278981
 03/30  09:00:00,49.1586237098,90.0125122335
 03/30  10:00:00,49.1586237098,75.5329395398
 03/30  11:00:00,49.1586237098,58.8945174212
 03/30  12:00:00,49.1586237098,46.578979122700005
 03/30  13:00:00,49.1586237098,37.5826669284
 03/30  14:00:00,49.1586237098,26.1927609714
 03/30  15:00:00,49.1586237098,15.2290002939
 03/30  16:00:00,49.1586237098,10.4805482027
 03/30  17:00:00,49.1586237098,11.919288095699999
 03/30  18:00:00,37.3138344962,16.2849495613
 03/30  19:00:00,39.2280011629,30.6597515235
 03/30  20:00:00,44.251346817,43.283621939300005
 03/30  21:00:00,22.3776491824,0.0
 03/30  22:00:00,15.1069992076,0.0
 03/30  23:00:00,15.1069992076,0.0
 03/30  24:00:00,15.1069992076,0.0
 03/31  01:00:00,15.1069992076,0.0
 03/31  02:00:00,15.1069992076,0.0
 03/31  03:00:00,15.1069992076,0.0
 03/31  04:00:00,15.1069992076,0.0
 03/31  05:00:00,15.1069992076,0.0
 03/31  06:00:00,23.3382338046,177.293917726
 03/31  07:00:00,22.9522171127,145.996909764
 03/31  08:00:00,32.766346817,123.49410548700001
 03/31  09:00:00,49.1586237098,88.28788241139999
 03/31  10:00:00,49.1586237098,66.4982948789
 03/31  11:00:00,49.1586237098,43.9278331774
 03/31  12:00:00,49.1586237098,29.293610560700003
 03/31  13:00:00,49.1586237098,16.475038153099998
 03/31  14:00:00,49.1586237098,7.60647174913
 03/31  15:00:00,49.1586237098,0.45821854879100005
 03/31  16:00:00,49.1586237098,0.0
 03/31  17:00:00,49.1586237098,0.007707329403350001
 03/31  18:00:00,37.3138344962,2.46941233243
 03/31  19:00:00,39.2280011629,18.888504285699998
 03/31  20:00:00,44.251346817,31.584502520900003
 03/31  21:00:00,22.3776491824,0.0
 03/31  22:00:00,15.1069992076,0.0
 03/31  23:00:00,15.1069992076,0.0
 03/31  24:00:00,15.1069992076,0.0
 04/01  01:00:00,14.657580751600001,0.0
 04/01  02:00:00,14.657580751600001,0.0
 04/01  03:00:00,14.657580751600001,0.0
 04/01  04:00:00,14.657580751600001,0.0
 04/01  05:00:00,14.657580751600001,0.0
 04/01  06:00:00,22.8888153486,196.636506353
 04/01  07:00:00,18.4047294335,178.535830702
 04/01  08:00:00,23.671371458600003,168.219880736
 04/01  09:00:00,37.3138344962,144.2558984
 04/01  10:00:00,49.1586237098,111.596073446
 04/01  11:00:00,49.1586237098,85.9233946075
 04/01  12:00:00,49.1586237098,74.1750992274
 04/01  13:00:00,49.1586237098,67.32633486489999
 04/01  14:00:00,49.1586237098,57.8008739625
 04/01  15:00:00,49.1586237098,51.909686442200005
 04/01  16:00:00,49.1586237098,50.716581478900004
 04/01  17:00:00,49.1586237098,64.1583575748
 04/01  18:00:00,32.766346817,86.57014397389999
 04/01  19:00:00,25.5855381253,102.481220794
 04/01  20:00:00,35.1563714586,113.52705796
 04/01  21:00:00,26.0613961002,124.66364018200001
 04/01  22:00:00,14.657580751600001,0.0
 04/01  23:00:00,14.657580751600001,0.0
 04/01  24:00:00,14.657580751600001,0.0
 04/02  01:00:00,14.6903509438,0.839428754994
 04/02  02:00:00,14.734801253199999,1.9848925188599997
 04/02  03:00:00,14.832415394000002,4.467980757049999
 04/02  04:00:00,14.8483089672,4.890563365569999
 04/02  05:00:00,14.929504826099999,6.949400671860001
 04/02  06:00:00,15.0816687703,10.8169391975
 04/02  07:00:00,7.67045263261,16.996098493399998
 04/02  08:00:00,14.5763961002,228.29051742599998
 04/02  09:00:00,14.5763961002,174.45187887400002
 04/02  10:00:00,28.218859137800003,145.98617759299998
 04/02  11:00:00,28.218859137800003,119.79985107200001
 04/02  12:00:00,37.3138344962,84.7699711904
 04/02  13:00:00,37.3138344962,68.71440319359999
 04/02  14:00:00,37.3138344962,58.0677824574
 04/02  15:00:00,37.3138344962,51.849753703599994
 04/02  16:00:00,37.3138344962,50.4017570166
 04/02  17:00:00,28.218859137800003,70.4776805876
 04/02  18:00:00,19.1238837794,76.987840419
 04/02  19:00:00,5.08674741827,0.0
 04/02  20:00:00,14.657580751600001,0.0
 04/02  21:00:00,14.657580751600001,0.0
 04/02  22:00:00,14.657580751600001,0.0
 04/02  23:00:00,14.657580751600001,0.0
 04/02  24:00:00,14.657580751600001,0.0
 04/03  01:00:00,15.1069992076,0.0
 04/03  02:00:00,15.164060344400001,1.46316747875
 04/03  03:00:00,15.189682603800001,2.1209198392
 04/03  04:00:00,15.298450139200002,4.90606284323
 04/03  05:00:00,15.297022076400001,4.86753463172
 04/03  06:00:00,23.3382338046,234.01709120099997
 04/03  07:00:00,22.9522171127,193.905292104
 04/03  08:00:00,32.766346817,174.10552865
 04/03  09:00:00,49.1586237098,138.136788062
 04/03  10:00:00,49.1586237098,107.11189546700001
 04/03  11:00:00,49.1586237098,64.8163043963
 04/03  12:00:00,49.1586237098,41.7899964837
 04/03  13:00:00,49.1586237098,24.6208961231
 04/03  14:00:00,49.1586237098,11.5867707781
 04/03  15:00:00,49.1586237098,5.14673617689
 04/03  16:00:00,49.1586237098,9.821395566749999
 04/03  17:00:00,49.1586237098,20.6210016789
 04/03  18:00:00,37.3138344962,34.954891716
 04/03  19:00:00,39.2280011629,49.6162730557
 04/03  20:00:00,44.251346817,63.771273378500005
 04/03  21:00:00,22.3776491824,0.0
 04/03  22:00:00,15.1069992076,0.0
 04/03  23:00:00,15.1069992076,0.0
 04/03  24:00:00,15.1069992076,0.0
 04/04  01:00:00,15.1069992076,0.0
 04/04  02:00:00,15.1069992076,0.0
 04/04  03:00:00,15.1069992076,0.0
 04/04  04:00:00,15.1069992076,0.0
 04/04  05:00:00,15.1513309066,1.14072337226
 04/04  06:00:00,23.3382338046,210.99633921400002
 04/04  07:00:00,21.038050446099998,180.84786861700002
 04/04  08:00:00,32.766346817,164.798911387
 04/04  09:00:00,49.1586237098,125.48154223899999
 04/04  10:00:00,49.1586237098,104.204967474
 04/04  11:00:00,49.1586237098,92.4333262814
 04/04  12:00:00,49.1586237098,86.7749314292
 04/04  13:00:00,49.1586237098,82.5209522793
 04/04  14:00:00,49.1586237098,79.7253943984
 04/04  15:00:00,49.1586237098,74.3191173134
 04/04  16:00:00,49.1586237098,73.7303800743
 04/04  17:00:00,49.1586237098,78.4138411705
 04/04  18:00:00,37.3138344962,81.69622424970001
 04/04  19:00:00,37.3138344962,88.6061710968
 04/04  20:00:00,44.251346817,106.838606986
 04/04  21:00:00,22.3776491824,0.0
 04/04  22:00:00,15.1069992076,0.0
 04/04  23:00:00,15.1069992076,0.0
 04/04  24:00:00,15.1069992076,0.0
 04/05  01:00:00,15.139975381300001,0.845840284262
 04/05  02:00:00,15.217564056099999,2.83842536194
 04/05  03:00:00,15.2608827904,3.94163855133
 04/05  04:00:00,15.4291800893,8.26095180794
 04/05  05:00:00,15.584641539200002,12.166799451
 04/05  06:00:00,23.3382338046,242.892980498
 04/05  07:00:00,21.038050446099998,199.957041795
 04/05  08:00:00,32.766346817,179.57857219
 04/05  09:00:00,49.1586237098,149.471435284
 04/05  10:00:00,49.1586237098,122.050614681
 04/05  11:00:00,49.1586237098,84.0466745667
 04/05  12:00:00,49.1586237098,67.3970501794
 04/05  13:00:00,49.1586237098,61.389647300600004
 04/05  14:00:00,49.1586237098,56.3222257525
 04/05  15:00:00,49.1586237098,50.2847317308
 04/05  16:00:00,49.1586237098,56.3760357812
 04/05  17:00:00,49.1586237098,64.5732853672
 04/05  18:00:00,37.3138344962,68.4775733902
 04/05  19:00:00,37.3138344962,87.05757882370001
 04/05  20:00:00,44.251346817,110.80118194100001
 04/05  21:00:00,22.3776491824,0.0
 04/05  22:00:00,15.1069992076,0.0
 04/05  23:00:00,15.1069992076,0.0
 04/05  24:00:00,15.1281056174,0.542652786913
 04/06  01:00:00,15.155891708299999,1.25080243241
 04/06  02:00:00,15.2517007078,3.71198426304
 04/06  03:00:00,15.322976878299999,5.539309016259999
 04/06  04:00:00,15.4947051773,9.922759357310001
 04/06  05:00:00,15.685474606800001,14.733141684200001
 04/06  06:00:00,23.3382338046,243.48842941
 04/06  07:00:00,21.038050446099998,201.166269042
 04/06  08:00:00,32.766346817,179.95959712599998
 04/06  09:00:00,49.1586237098,143.69333501
 04/06  10:00:00,49.1586237098,107.901544929
 04/06  11:00:00,49.1586237098,79.333375608
 04/06  12:00:00,49.1586237098,69.2907121661
 04/06  13:00:00,49.1586237098,63.2210429676
 04/06  14:00:00,49.1586237098,58.205925828299996
 04/06  15:00:00,49.1586237098,46.890550828100004
 04/06  16:00:00,49.1586237098,42.973660351099994
 04/06  17:00:00,49.1586237098,53.333972143900006
 04/06  18:00:00,37.3138344962,62.8332415717
 04/06  19:00:00,37.3138344962,71.2907643495
 04/06  20:00:00,44.251346817,86.37445772139999
 04/06  21:00:00,22.3776491824,0.0
 04/06  22:00:00,15.1069992076,0.0
 04/06  23:00:00,15.1069992076,0.0
 04/06  24:00:00,15.1069992076,0.0
 04/07  01:00:00,15.1069992076,0.0
 04/07  02:00:00,15.1515982733,1.14641696496
 04/07  03:00:00,15.178637758199999,1.83286342836
 04/07  04:00:00,15.272815469600001,4.26580886967
 04/07  05:00:00,15.2943333892,4.79493026746
 04/07  06:00:00,23.3382338046,232.627778891
 04/07  07:00:00,21.038050446099998,191.493912017
 04/07  08:00:00,32.766346817,162.11203352799998
 04/07  09:00:00,49.1586237098,122.824900719
 04/07  10:00:00,49.1586237098,94.2044954799
 04/07  11:00:00,49.1586237098,69.5520881026
 04/07  12:00:00,49.1586237098,62.9714319357
 04/07  13:00:00,49.1586237098,41.6400720125
 04/07  14:00:00,49.1586237098,26.7715498125
 04/07  15:00:00,49.1586237098,21.4557131684
 04/07  16:00:00,49.1586237098,33.145150639200004
 04/07  17:00:00,49.1586237098,45.618589864499995
 04/07  18:00:00,37.3138344962,49.405690120299994
 04/07  19:00:00,37.3138344962,56.6487293094
 04/07  20:00:00,44.251346817,68.83753242899999
 04/07  21:00:00,22.3776491824,0.0
 04/07  22:00:00,15.1069992076,0.0
 04/07  23:00:00,15.1069992076,0.0
 04/07  24:00:00,15.1069992076,0.0
 04/08  01:00:00,14.657580751600001,0.0
 04/08  02:00:00,14.657580751600001,0.0
 04/08  03:00:00,14.670003514000001,0.32255121074
 04/08  04:00:00,14.714692946600001,1.46293038592
 04/08  05:00:00,14.7506168917,2.3950334452599997
 04/08  06:00:00,22.8888153486,218.60151579599997
 04/08  07:00:00,16.490562766900002,176.758091805
 04/08  08:00:00,23.671371458600003,149.826150638
 04/08  09:00:00,37.3138344962,114.712434649
 04/08  10:00:00,49.1586237098,82.9691894783
 04/08  11:00:00,49.1586237098,53.610442931099996
 04/08  12:00:00,49.1586237098,43.9356851833
 04/08  13:00:00,49.1586237098,40.946728575
 04/08  14:00:00,49.1586237098,45.6255696675
 04/08  15:00:00,49.1586237098,46.9652371324
 04/08  16:00:00,49.1586237098,44.8102437805
 04/08  17:00:00,49.1586237098,49.3466007997
 04/08  18:00:00,32.766346817,64.2661055866
 04/08  19:00:00,23.671371458600003,75.3043553743
 04/08  20:00:00,35.1563714586,82.3653106054
 04/08  21:00:00,26.0613961002,92.0719497298
 04/08  22:00:00,14.657580751600001,0.0
 04/08  23:00:00,14.657580751600001,0.0
 04/08  24:00:00,14.657580751600001,0.0
 04/09  01:00:00,14.657580751600001,0.0
 04/09  02:00:00,14.657580751600001,0.0
 04/09  03:00:00,14.6798224549,0.5725410325770001
 04/09  04:00:00,14.707769743800002,1.28489830514
 04/09  05:00:00,14.7943254556,3.5080525454900005
 04/09  06:00:00,14.876526229000001,5.61730156829
 04/09  07:00:00,5.48382517469,10.141894414500001
 04/09  08:00:00,14.5763961002,221.253650364
 04/09  09:00:00,14.5763961002,158.867496814
 04/09  10:00:00,28.218859137800003,119.10322252
 04/09  11:00:00,28.218859137800003,98.3257703094
 04/09  12:00:00,37.3138344962,77.46929401109999
 04/09  13:00:00,37.3138344962,65.0609858822
 04/09  14:00:00,37.3138344962,59.0703051129
 04/09  15:00:00,37.3138344962,55.3480724729
 04/09  16:00:00,37.3138344962,54.070774452399995
 04/09  17:00:00,28.218859137800003,73.4463835375
 04/09  18:00:00,19.1238837794,80.7559721201
 04/09  19:00:00,3.1725807516000004,0.0
 04/09  20:00:00,14.657580751600001,0.0
 04/09  21:00:00,14.657580751600001,0.0
 04/09  22:00:00,14.657580751600001,0.0
 04/09  23:00:00,14.657580751600001,0.0
 04/09  24:00:00,14.657580751600001,0.0
 04/10  01:00:00,15.1285544508,0.554161144023
 04/10  02:00:00,15.1549789671,1.2270687868999999
 04/10  03:00:00,15.2746181426,4.30065276769
 04/10  04:00:00,15.275266630099999,4.30439503128
 04/10  05:00:00,15.4058947434,7.6633719008300005
 04/10  06:00:00,23.3382338046,236.004159195
 04/10  07:00:00,19.1238837794,194.133956237
 04/10  08:00:00,32.766346817,158.962580889
 04/10  09:00:00,49.1586237098,123.710141236
 04/10  10:00:00,49.1586237098,104.145703252
 04/10  11:00:00,49.1586237098,73.8758055853
 04/10  12:00:00,49.1586237098,57.8664425053
 04/10  13:00:00,49.1586237098,52.3195102409
 04/10  14:00:00,49.1586237098,48.7938430135
 04/10  15:00:00,49.1586237098,41.463703274699995
 04/10  16:00:00,49.1586237098,48.1594252645
 04/10  17:00:00,49.1586237098,57.3206337581
 04/10  18:00:00,37.3138344962,72.4758551617
 04/10  19:00:00,37.3138344962,88.08948725399999
 04/10  20:00:00,44.251346817,98.4676604749
 04/10  21:00:00,22.3776491824,0.0
 04/10  22:00:00,15.1069992076,0.0
 04/10  23:00:00,15.1069992076,0.0
 04/10  24:00:00,15.1069992076,0.0
 04/11  01:00:00,15.1069992076,0.0
 04/11  02:00:00,15.1649517739,1.4858924865099998
 04/11  03:00:00,15.2036597292,2.47678980872
 04/11  04:00:00,15.284431805,4.54886575636
 04/11  05:00:00,15.2851930425,4.565672939190001
 04/11  06:00:00,23.3382338046,231.363456272
 04/11  07:00:00,19.1238837794,190.318017507
 04/11  08:00:00,32.766346817,161.805328282
 04/11  09:00:00,49.1586237098,115.23918270700001
 04/11  10:00:00,49.1586237098,88.4847082715
 04/11  11:00:00,49.1586237098,70.4695636166
 04/11  12:00:00,49.1586237098,52.7244892772
 04/11  13:00:00,49.1586237098,38.160013905599996
 04/11  14:00:00,49.1586237098,32.8668250039
 04/11  15:00:00,49.1586237098,31.2753160712
 04/11  16:00:00,49.1586237098,34.3000375186
 04/11  17:00:00,49.1586237098,37.429569093299996
 04/11  18:00:00,37.3138344962,57.3300179982
 04/11  19:00:00,37.3138344962,76.0783217643
 04/11  20:00:00,44.251346817,91.41742582229999
 04/11  21:00:00,22.3776491824,0.0
 04/11  22:00:00,15.1069992076,0.0
 04/11  23:00:00,15.1069992076,0.0
 04/11  24:00:00,15.1069992076,0.0
 04/12  01:00:00,15.1412954213,0.879148050424
 04/12  02:00:00,15.2095543673,2.63505880214
 04/12  03:00:00,15.3038343987,5.03226070742
 04/12  04:00:00,15.6146468615,12.9690104125
 04/12  05:00:00,15.848168131900001,18.7984690161
 04/12  06:00:00,23.3382338046,265.121895323
 04/12  07:00:00,19.1238837794,226.33053340200001
 04/12  08:00:00,32.766346817,206.40832473
 04/12  09:00:00,49.1586237098,165.211515572
 04/12  10:00:00,49.1586237098,133.13115966700002
 04/12  11:00:00,49.1586237098,100.172873841
 04/12  12:00:00,49.1586237098,67.2219279449
 04/12  13:00:00,49.1586237098,47.876197538599996
 04/12  14:00:00,49.1586237098,40.6036776443
 04/12  15:00:00,49.1586237098,33.8278218541
 04/12  16:00:00,49.1586237098,34.3685114439
 04/12  17:00:00,49.1586237098,37.3378512027
 04/12  18:00:00,37.3138344962,40.590352144099995
 04/12  19:00:00,37.3138344962,57.0672731681
 04/12  20:00:00,42.3371801503,82.7238530571
 04/12  21:00:00,22.3776491824,0.0
 04/12  22:00:00,15.1069992076,0.0
 04/12  23:00:00,15.1069992076,0.0
 04/12  24:00:00,15.1069992076,0.0
 04/13  01:00:00,15.1069992076,0.0
 04/13  02:00:00,15.1596653468,1.3522314886200002
 04/13  03:00:00,15.248107653499998,3.61103340291
 04/13  04:00:00,15.328194314600001,5.680976895619999
 04/13  05:00:00,15.5798197601,12.0503641372
 04/13  06:00:00,23.3382338046,253.00502548900002
 04/13  07:00:00,19.1238837794,213.701972998
 04/13  08:00:00,32.766346817,181.90606772900003
 04/13  09:00:00,49.1586237098,140.177266059
 04/13  10:00:00,49.1586237098,124.54196017299999
 04/13  11:00:00,49.1586237098,94.24123006040001
 04/13  12:00:00,49.1586237098,63.295264906899995
 04/13  13:00:00,49.1586237098,34.5703135546
 04/13  14:00:00,49.1586237098,20.874687234
 04/13  15:00:00,49.1586237098,13.9788012953
 04/13  16:00:00,49.1586237098,13.895900610999998
 04/13  17:00:00,49.1586237098,17.2633410909
 04/13  18:00:00,37.3138344962,37.7307141046
 04/13  19:00:00,37.3138344962,56.8540412116
 04/13  20:00:00,42.3371801503,60.2503141061
 04/13  21:00:00,22.3776491824,0.0
 04/13  22:00:00,15.1069992076,0.0
 04/13  23:00:00,15.1069992076,0.0
 04/13  24:00:00,15.1069992076,0.0
 04/14  01:00:00,15.1069992076,0.0
 04/14  02:00:00,15.1069992076,0.0
 04/14  03:00:00,15.1069992076,0.0
 04/14  04:00:00,15.1376941908,0.787552642168
 04/14  05:00:00,15.15824832,1.3154885305
 04/14  06:00:00,23.3382338046,208.78287005
 04/14  07:00:00,19.1238837794,168.84213797
 04/14  08:00:00,32.766346817,144.21808326200002
 04/14  09:00:00,49.1586237098,99.4066239441
 04/14  10:00:00,49.1586237098,76.41921347270001
 04/14  11:00:00,49.1586237098,38.5322752207
 04/14  12:00:00,49.1586237098,14.3027049535
 04/14  13:00:00,49.1586237098,18.850746593
 04/14  14:00:00,49.1586237098,23.082617423000002
 04/14  15:00:00,49.1586237098,17.8069511137
 04/14  16:00:00,49.1586237098,13.0755022276
 04/14  17:00:00,49.1586237098,19.8806095277
 04/14  18:00:00,37.3138344962,27.9503657494
 04/14  19:00:00,37.3138344962,35.6658016867
 04/14  20:00:00,42.3371801503,56.3217824784
 04/14  21:00:00,22.3776491824,0.0
 04/14  22:00:00,15.1069992076,0.0
 04/14  23:00:00,15.1069992076,0.0
 04/14  24:00:00,15.1069992076,0.0
 04/15  01:00:00,14.657580751600001,0.0
 04/15  02:00:00,14.657580751600001,0.0
 04/15  03:00:00,14.657580751600001,0.0
 04/15  04:00:00,14.657580751600001,0.0
 04/15  05:00:00,14.687934996600001,0.7781888757879999
 04/15  06:00:00,22.8888153486,200.155734915
 04/15  07:00:00,14.5763961002,164.724042409
 04/15  08:00:00,23.671371458600003,138.193514484
 04/15  09:00:00,37.3138344962,99.9911854082
 04/15  10:00:00,49.1586237098,67.43084566819999
 04/15  11:00:00,49.1586237098,30.6944378588
 04/15  12:00:00,49.1586237098,12.2361685257
 04/15  13:00:00,49.1586237098,5.19282465186
 04/15  14:00:00,49.1586237098,1.4721729484700001
 04/15  15:00:00,49.1586237098,0.0
 04/15  16:00:00,49.1586237098,0.0
 04/15  17:00:00,49.1586237098,0.0
 04/15  18:00:00,32.766346817,0.0
 04/15  19:00:00,23.671371458600003,5.72872104785
 04/15  20:00:00,33.2422047919,29.8429968601
 04/15  21:00:00,26.0613961002,57.789867693400005
 04/15  22:00:00,14.657580751600001,0.0
 04/15  23:00:00,14.657580751600001,0.0
 04/15  24:00:00,14.657580751600001,0.0
 04/16  01:00:00,14.657580751600001,0.0
 04/16  02:00:00,14.657580751600001,0.0
 04/16  03:00:00,14.657580751600001,0.0
 04/16  04:00:00,14.657580751600001,0.0
 04/16  05:00:00,14.657580751600001,0.0
 04/16  06:00:00,12.7434140849,0.0
 04/16  07:00:00,3.1725807516000004,0.0
 04/16  08:00:00,14.5763961002,178.077359099
 04/16  09:00:00,14.5763961002,122.836278094
 04/16  10:00:00,28.218859137800003,76.7663229982
 04/16  11:00:00,28.218859137800003,38.4967445707
 04/16  12:00:00,37.3138344962,7.913566196560001
 04/16  13:00:00,37.3138344962,1.46860363081
 04/16  14:00:00,37.3138344962,0.137197714945
 04/16  15:00:00,37.3138344962,0.0
 04/16  16:00:00,37.3138344962,0.0
 04/16  17:00:00,28.218859137800003,7.98897124989
 04/16  18:00:00,19.1238837794,30.0657428966
 04/16  19:00:00,3.1725807516000004,0.0
 04/16  20:00:00,12.7434140849,0.0
 04/16  21:00:00,14.657580751600001,0.0
 04/16  22:00:00,14.657580751600001,0.0
 04/16  23:00:00,14.657580751600001,0.0
 04/16  24:00:00,14.657580751600001,0.0
 04/17  01:00:00,15.1069992076,0.0
 04/17  02:00:00,15.1069992076,0.0
 04/17  03:00:00,15.1069992076,0.0
 04/17  04:00:00,15.1069992076,0.0
 04/17  05:00:00,15.1069992076,0.0
 04/17  06:00:00,21.4240671379,141.783183351
 04/17  07:00:00,19.1238837794,112.297142307
 04/17  08:00:00,32.766346817,84.7028214887
 04/17  09:00:00,49.1586237098,46.5896398016
 04/17  10:00:00,49.1586237098,21.763574891300003
 04/17  11:00:00,49.1586237098,3.81391045616
 04/17  12:00:00,49.1586237098,0.145363031571
 04/17  13:00:00,49.1586237098,0.0
 04/17  14:00:00,49.1586237098,0.0
 04/17  15:00:00,49.1586237098,0.0
 04/17  16:00:00,49.1586237098,0.0
 04/17  17:00:00,49.1586237098,0.0
 04/17  18:00:00,37.3138344962,0.489699782127
 04/17  19:00:00,37.3138344962,11.510720359
 04/17  20:00:00,42.3371801503,28.3024377058
 04/17  21:00:00,22.3776491824,0.0
 04/17  22:00:00,15.1069992076,0.0
 04/17  23:00:00,15.1069992076,0.0
 04/17  24:00:00,15.1069992076,0.0
 04/18  01:00:00,15.1069992076,0.0
 04/18  02:00:00,15.1069992076,0.0
 04/18  03:00:00,15.1069992076,0.0
 04/18  04:00:00,15.1069992076,0.0
 04/18  05:00:00,15.1069992076,0.0
 04/18  06:00:00,21.4240671379,160.375778902
 04/18  07:00:00,19.1238837794,119.446713699
 04/18  08:00:00,32.766346817,85.2452311987
 04/18  09:00:00,49.1586237098,55.6191521776
 04/18  10:00:00,49.1586237098,36.6224771065
 04/18  11:00:00,49.1586237098,21.543590844
 04/18  12:00:00,49.1586237098,4.157664455290001
 04/18  13:00:00,49.1586237098,0.0
 04/18  14:00:00,49.1586237098,0.0
 04/18  15:00:00,49.1586237098,0.0
 04/18  16:00:00,49.1586237098,5.5596299956999995e-05
 04/18  17:00:00,49.1586237098,3.62207501372
 04/18  18:00:00,37.3138344962,10.4658163211
 04/18  19:00:00,37.3138344962,26.9273072461
 04/18  20:00:00,42.3371801503,37.9663891923
 04/18  21:00:00,22.3776491824,0.0
 04/18  22:00:00,15.1069992076,0.0
 04/18  23:00:00,15.1069992076,0.0
 04/18  24:00:00,15.1069992076,0.0
 04/19  01:00:00,15.1069992076,0.0
 04/19  02:00:00,15.1069992076,0.0
 04/19  03:00:00,15.1069992076,0.0
 04/19  04:00:00,15.1069992076,0.0
 04/19  05:00:00,15.1069992076,0.0
 04/19  06:00:00,21.4240671379,172.438131616
 04/19  07:00:00,19.1238837794,131.539324124
 04/19  08:00:00,32.766346817,104.646514829
 04/19  09:00:00,49.1586237098,79.4283529681
 04/19  10:00:00,49.1586237098,48.1641769129
 04/19  11:00:00,49.1586237098,20.185396086300003
 04/19  12:00:00,49.1586237098,2.86859240855
 04/19  13:00:00,49.1586237098,0.0
 04/19  14:00:00,49.1586237098,0.0
 04/19  15:00:00,49.1586237098,0.0
 04/19  16:00:00,49.1586237098,0.0
 04/19  17:00:00,49.1586237098,0.0
 04/19  18:00:00,37.3138344962,0.0
 04/19  19:00:00,37.3138344962,1.64759941125
 04/19  20:00:00,42.3371801503,17.8067103611
 04/19  21:00:00,22.3776491824,0.0
 04/19  22:00:00,15.1069992076,0.0
 04/19  23:00:00,15.1069992076,0.0
 04/19  24:00:00,15.1069992076,0.0
 04/20  01:00:00,15.1069992076,0.0
 04/20  02:00:00,15.1069992076,0.0
 04/20  03:00:00,15.1069992076,0.0
 04/20  04:00:00,15.1069992076,0.0
 04/20  05:00:00,15.1069992076,0.0
 04/20  06:00:00,21.4240671379,147.065940492
 04/20  07:00:00,19.1238837794,115.57998559200001
 04/20  08:00:00,32.766346817,74.4091548554
 04/20  09:00:00,49.1586237098,34.6283711574
 04/20  10:00:00,49.1586237098,23.979660169099997
 04/20  11:00:00,49.1586237098,16.5266712049
 04/20  12:00:00,49.1586237098,15.5385517096
 04/20  13:00:00,49.1586237098,10.6501699201
 04/20  14:00:00,49.1586237098,8.27390602719
 04/20  15:00:00,49.1586237098,0.7617988568709999
 04/20  16:00:00,49.1586237098,0.0
 04/20  17:00:00,49.1586237098,0.0
 04/20  18:00:00,37.3138344962,2.9939735976599997
 04/20  19:00:00,37.3138344962,13.1558082771
 04/20  20:00:00,42.3371801503,43.580973336999996
 04/20  21:00:00,22.3776491824,0.0
 04/20  22:00:00,15.1069992076,0.0
 04/20  23:00:00,15.1069992076,0.0
 04/20  24:00:00,15.1069992076,0.0
 04/21  01:00:00,15.1069992076,0.0
 04/21  02:00:00,15.1069992076,0.0
 04/21  03:00:00,15.1069992076,0.0
 04/21  04:00:00,15.1069992076,0.0
 04/21  05:00:00,15.1069992076,0.0
 04/21  06:00:00,21.4240671379,178.34222416
 04/21  07:00:00,19.1238837794,144.838063277
 04/21  08:00:00,32.766346817,112.76926210299999
 04/21  09:00:00,49.1586237098,71.3514158838
 04/21  10:00:00,49.1586237098,52.425611347600004
 04/21  11:00:00,49.1586237098,34.7004260214
 04/21  12:00:00,49.1586237098,25.4292984758
 04/21  13:00:00,49.1586237098,18.7310765032
 04/21  14:00:00,49.1586237098,5.48021027289
 04/21  15:00:00,49.1586237098,0.0
 04/21  16:00:00,49.1586237098,0.0
 04/21  17:00:00,49.1586237098,0.0
 04/21  18:00:00,37.3138344962,0.0
 04/21  19:00:00,37.3138344962,14.0185007534
 04/21  20:00:00,40.4230134837,43.4823688213
 04/21  21:00:00,22.3776491824,0.0
 04/21  22:00:00,15.1069992076,0.0
 04/21  23:00:00,15.1069992076,0.0
 04/21  24:00:00,15.1069992076,0.0
 04/22  01:00:00,14.657580751600001,0.0
 04/22  02:00:00,14.657580751600001,0.0
 04/22  03:00:00,14.657580751600001,0.0
 04/22  04:00:00,14.657580751600001,0.0
 04/22  05:00:00,14.657580751600001,0.0
 04/22  06:00:00,19.0604820153,151.270552568
 04/22  07:00:00,14.5763961002,123.93901547799999
 04/22  08:00:00,23.671371458600003,96.99511962620001
 04/22  09:00:00,37.3138344962,61.103125685500004
 04/22  10:00:00,49.1586237098,41.3972257184
 04/22  11:00:00,49.1586237098,27.0701231711
 04/22  12:00:00,49.1586237098,21.236003568399997
 04/22  13:00:00,49.1586237098,15.429688513599999
 04/22  14:00:00,49.1586237098,11.5999198335
 04/22  15:00:00,49.1586237098,8.43617525148
 04/22  16:00:00,49.1586237098,0.9436414043200001
 04/22  17:00:00,49.1586237098,0.0
 04/22  18:00:00,32.766346817,1.83805427654
 04/22  19:00:00,23.671371458600003,19.488159654300002
 04/22  20:00:00,31.3280381253,39.1285918963
 04/22  21:00:00,26.0613961002,52.3557101417
 04/22  22:00:00,14.657580751600001,0.0
 04/22  23:00:00,14.657580751600001,0.0
 04/22  24:00:00,14.657580751600001,0.0
 04/23  01:00:00,14.657580751600001,0.0
 04/23  02:00:00,14.657580751600001,0.0
 04/23  03:00:00,14.657580751600001,0.0
 04/23  04:00:00,14.657580751600001,0.0
 04/23  05:00:00,14.657580751600001,0.0
 04/23  06:00:00,10.8292474183,0.0
 04/23  07:00:00,3.1725807516000004,0.0
 04/23  08:00:00,14.5763961002,168.263957672
 04/23  09:00:00,14.5763961002,125.35969282100001
 04/23  10:00:00,28.218859137800003,101.33481182700001
 04/23  11:00:00,28.218859137800003,87.6918830474
 04/23  12:00:00,37.3138344962,68.1463101549
 04/23  13:00:00,37.3138344962,57.3430085132
 04/23  14:00:00,37.3138344962,45.553636104
 04/23  15:00:00,37.3138344962,38.8870263921
 04/23  16:00:00,37.3138344962,42.257331075399996
 04/23  17:00:00,28.218859137800003,65.8314536041
 04/23  18:00:00,19.1238837794,88.29562966299999
 04/23  19:00:00,3.1725807516000004,0.0
 04/23  20:00:00,10.8292474183,0.0
 04/23  21:00:00,14.657580751600001,0.0
 04/23  22:00:00,14.657580751600001,0.0
 04/23  23:00:00,14.657580751600001,0.0
 04/23  24:00:00,14.657580751600001,0.0
 04/24  01:00:00,15.1069992076,0.0
 04/24  02:00:00,15.1069992076,0.0
 04/24  03:00:00,15.1069992076,0.0
 04/24  04:00:00,15.1069992076,0.0
 04/24  05:00:00,15.1069992076,0.0
 04/24  06:00:00,19.5099004713,172.41012040200002
 04/24  07:00:00,19.1238837794,133.08918179
 04/24  08:00:00,32.766346817,108.441369048
 04/24  09:00:00,49.1586237098,66.0467553562
 04/24  10:00:00,49.1586237098,39.6544439257
 04/24  11:00:00,49.1586237098,22.8056719351
 04/24  12:00:00,49.1586237098,15.7102456131
 04/24  13:00:00,49.1586237098,4.31565894564
 04/24  14:00:00,49.1586237098,0.000515290921704
 04/24  15:00:00,49.1586237098,0.290856955967
 04/24  16:00:00,49.1586237098,1.9723037612799998
 04/24  17:00:00,49.1586237098,11.1885463243
 04/24  18:00:00,37.3138344962,22.0527309769
 04/24  19:00:00,37.3138344962,33.3607857189
 04/24  20:00:00,40.4230134837,46.0357398838
 04/24  21:00:00,22.3776491824,0.0
 04/24  22:00:00,15.1069992076,0.0
 04/24  23:00:00,15.1069992076,0.0
 04/24  24:00:00,15.1069992076,0.0
 04/25  01:00:00,15.1069992076,0.0
 04/25  02:00:00,15.1069992076,0.0
 04/25  03:00:00,15.1069992076,0.0
 04/25  04:00:00,15.1069992076,0.0
 04/25  05:00:00,15.1069992076,0.0
 04/25  06:00:00,19.5099004713,154.521616069
 04/25  07:00:00,19.1238837794,124.08054683200001
 04/25  08:00:00,32.766346817,92.5497310042
 04/25  09:00:00,49.1586237098,60.6523201213
 04/25  10:00:00,49.1586237098,49.7355795013
 04/25  11:00:00,49.1586237098,34.9527307327
 04/25  12:00:00,49.1586237098,24.330090029
 04/25  13:00:00,49.1586237098,15.312019756600002
 04/25  14:00:00,49.1586237098,11.3366388774
 04/25  15:00:00,49.1586237098,6.01722308834
 04/25  16:00:00,49.1586237098,6.7867551089800005
 04/25  17:00:00,49.1586237098,10.605521015499999
 04/25  18:00:00,37.3138344962,14.3303712528
 04/25  19:00:00,37.3138344962,21.5186456444
 04/25  20:00:00,40.4230134837,42.6798070687
 04/25  21:00:00,22.3776491824,0.0
 04/25  22:00:00,15.1069992076,0.0
 04/25  23:00:00,15.1069992076,0.0
 04/25  24:00:00,15.1069992076,0.0
 04/26  01:00:00,15.1069992076,0.0
 04/26  02:00:00,15.1069992076,0.0
 04/26  03:00:00,15.1069992076,0.0
 04/26  04:00:00,15.1069992076,0.0
 04/26  05:00:00,15.1069992076,0.0
 04/26  06:00:00,19.5099004713,182.2913606
 04/26  07:00:00,19.1238837794,139.61460174
 04/26  08:00:00,32.766346817,112.397920536
 04/26  09:00:00,49.1586237098,73.6483021766
 04/26  10:00:00,49.1586237098,47.6928526096
 04/26  11:00:00,49.1586237098,20.4425926917
 04/26  12:00:00,49.1586237098,7.336643101060001
 04/26  13:00:00,49.1586237098,0.6861756918940001
 04/26  14:00:00,49.1586237098,0.0
 04/26  15:00:00,49.1586237098,0.0
 04/26  16:00:00,49.1586237098,0.0
 04/26  17:00:00,49.1586237098,0.0
 04/26  18:00:00,37.3138344962,0.0
 04/26  19:00:00,37.3138344962,0.0
 04/26  20:00:00,40.4230134837,14.447828483
 04/26  21:00:00,22.3776491824,0.0
 04/26  22:00:00,15.1069992076,0.0
 04/26  23:00:00,15.1069992076,0.0
 04/26  24:00:00,15.1069992076,0.0
 04/27  01:00:00,15.1069992076,0.0
 04/27  02:00:00,15.1069992076,0.0
 04/27  03:00:00,15.1069992076,0.0
 04/27  04:00:00,15.1069992076,0.0
 04/27  05:00:00,15.1069992076,0.0
 04/27  06:00:00,19.5099004713,151.53812301600001
 04/27  07:00:00,19.1238837794,120.29158025299999
 04/27  08:00:00,32.766346817,93.2207042312
 04/27  09:00:00,49.1586237098,64.03092290010001
 04/27  10:00:00,49.1586237098,51.05998810649999
 04/27  11:00:00,49.1586237098,36.610337843800004
 04/27  12:00:00,49.1586237098,18.0651433337
 04/27  13:00:00,49.1586237098,4.799399827559999
 04/27  14:00:00,49.1586237098,0.408647337461
 04/27  15:00:00,49.1586237098,0.963201752598
 04/27  16:00:00,49.1586237098,6.990293512210001
 04/27  17:00:00,49.1586237098,12.771384371400002
 04/27  18:00:00,37.3138344962,16.5209662651
 04/27  19:00:00,37.3138344962,28.5592408569
 04/27  20:00:00,40.4230134837,45.722640373000004
 04/27  21:00:00,22.3776491824,0.0
 04/27  22:00:00,15.1069992076,0.0
 04/27  23:00:00,15.1069992076,0.0
 04/27  24:00:00,15.1069992076,0.0
 04/28  01:00:00,15.1069992076,0.0
 04/28  02:00:00,15.1069992076,0.0
 04/28  03:00:00,15.1069992076,0.0
 04/28  04:00:00,15.1069992076,0.0
 04/28  05:00:00,15.1069992076,0.0
 04/28  06:00:00,19.5099004713,172.243181284
 04/28  07:00:00,19.1238837794,135.706430121
 04/28  08:00:00,32.766346817,100.19326503100001
 04/28  09:00:00,49.1586237098,63.9693919117
 04/28  10:00:00,49.1586237098,52.588677052799994
 04/28  11:00:00,49.1586237098,31.0139580975
 04/28  12:00:00,49.1586237098,15.9880049002
 04/28  13:00:00,49.1586237098,10.2338674935
 04/28  14:00:00,49.1586237098,7.845657682530001
 04/28  15:00:00,49.1586237098,4.1730225265800005
 04/28  16:00:00,49.1586237098,5.142963674830001
 04/28  17:00:00,49.1586237098,8.97942142512
 04/28  18:00:00,37.3138344962,13.5112768374
 04/28  19:00:00,37.3138344962,40.8899699126
 04/28  20:00:00,40.4230134837,58.5261028321
 04/28  21:00:00,22.3776491824,0.0
 04/28  22:00:00,15.1069992076,0.0
 04/28  23:00:00,15.1069992076,0.0
 04/28  24:00:00,15.1069992076,0.0
 04/29  01:00:00,14.657580751600001,0.0
 04/29  02:00:00,14.657580751600001,0.0
 04/29  03:00:00,14.657580751600001,0.0
 04/29  04:00:00,14.657580751600001,0.0
 04/29  05:00:00,14.657580751600001,0.0
 04/29  06:00:00,17.146315348599998,190.269066993
 04/29  07:00:00,14.5763961002,154.412078698
 04/29  08:00:00,23.671371458600003,122.496872331
 04/29  09:00:00,37.3138344962,88.00410345559999
 04/29  10:00:00,49.1586237098,59.7886371754
 04/29  11:00:00,49.1586237098,34.620929242399995
 04/29  12:00:00,49.1586237098,26.0948963682
 04/29  13:00:00,49.1586237098,20.644296718099998
 04/29  14:00:00,49.1586237098,7.73439170623
 04/29  15:00:00,49.1586237098,1.00930921507
 04/29  16:00:00,49.1586237098,1.2736322742100001
 04/29  17:00:00,49.1586237098,8.06883076474
 04/29  18:00:00,32.766346817,31.595569114899998
 04/29  19:00:00,23.671371458600003,46.82568275
 04/29  20:00:00,29.413871458600003,61.0171220866
 04/29  21:00:00,26.0613961002,76.5515309482
 04/29  22:00:00,14.657580751600001,0.0
 04/29  23:00:00,14.657580751600001,0.0
 04/29  24:00:00,14.657580751600001,0.0
 04/30  01:00:00,14.657580751600001,0.0
 04/30  02:00:00,14.657580751600001,0.0
 04/30  03:00:00,14.657580751600001,0.0
 04/30  04:00:00,14.657580751600001,0.0
 04/30  05:00:00,14.657580751600001,0.0
 04/30  06:00:00,8.937249573189998,0.569948803985
 04/30  07:00:00,3.2137050959400004,1.0525853235299998
 04/30  08:00:00,14.5763961002,181.246350857
 04/30  09:00:00,14.5763961002,123.778444956
 04/30  10:00:00,28.218859137800003,86.9968900025
 04/30  11:00:00,28.218859137800003,73.1497723671
 04/30  12:00:00,37.3138344962,59.5064994868
 04/30  13:00:00,37.3138344962,57.2415449759
 04/30  14:00:00,37.3138344962,58.3321169755
 04/30  15:00:00,37.3138344962,51.8445990586
 04/30  16:00:00,37.3138344962,43.173602502399994
 04/30  17:00:00,28.218859137800003,57.089103180500004
 04/30  18:00:00,19.1238837794,70.63993800770001
 04/30  19:00:00,3.1725807516000004,0.0
 04/30  20:00:00,8.9150807516,0.0
 04/30  21:00:00,14.657580751600001,0.0
 04/30  22:00:00,14.657580751600001,0.0
 04/30  23:00:00,14.657580751600001,0.0
 04/30  24:00:00,14.657580751600001,0.0
 05/01  01:00:00,15.1069992076,0.0
 05/01  02:00:00,15.1069992076,0.0
 05/01  03:00:00,15.1069992076,0.0
 05/01  04:00:00,15.1344852663,0.707895306381
 05/01  05:00:00,15.1380598286,0.800464802275
 05/01  06:00:00,17.595733804600002,195.998093128
 05/01  07:00:00,19.1238837794,151.11485373
 05/01  08:00:00,32.766346817,125.36327441
 05/01  09:00:00,49.1586237098,92.6807429343
 05/01  10:00:00,49.1586237098,70.9152643769
 05/01  11:00:00,49.1586237098,43.8069322114
 05/01  12:00:00,49.1586237098,23.8079537221
 05/01  13:00:00,49.1586237098,16.3147773106
 05/01  14:00:00,49.1586237098,15.2187145473
 05/01  15:00:00,49.1586237098,12.806521054800001
 05/01  16:00:00,49.1586237098,12.628358283699999
 05/01  17:00:00,49.1586237098,17.7962047144
 05/01  18:00:00,37.3138344962,20.7625302138
 05/01  19:00:00,37.3138344962,30.4021618865
 05/01  20:00:00,38.508846817,44.052257561000005
 05/01  21:00:00,22.3776491824,0.0
 05/01  22:00:00,15.1069992076,0.0
 05/01  23:00:00,15.1069992076,0.0
 05/01  24:00:00,15.1069992076,0.0
 05/02  01:00:00,15.1069992076,0.0
 05/02  02:00:00,15.1069992076,0.0
 05/02  03:00:00,15.1069992076,0.0
 05/02  04:00:00,15.1069992076,0.0
 05/02  05:00:00,15.1069992076,0.0
 05/02  06:00:00,17.595733804600002,165.105916316
 05/02  07:00:00,19.1238837794,130.724171471
 05/02  08:00:00,32.766346817,107.50324895700001
 05/02  09:00:00,49.1586237098,74.37345688939999
 05/02  10:00:00,49.1586237098,52.4384222311
 05/02  11:00:00,49.1586237098,27.9100630033
 05/02  12:00:00,49.1586237098,14.185219719900001
 05/02  13:00:00,49.1586237098,6.411658704090001
 05/02  14:00:00,49.1586237098,1.31004080692
 05/02  15:00:00,49.1586237098,0.0
 05/02  16:00:00,49.1586237098,0.0
 05/02  17:00:00,49.1586237098,0.0
 05/02  18:00:00,37.3138344962,0.0
 05/02  19:00:00,37.3138344962,3.95653534811
 05/02  20:00:00,38.508846817,13.5799548706
 05/02  21:00:00,22.3776491824,0.0
 05/02  22:00:00,15.1069992076,0.0
 05/02  23:00:00,15.1069992076,0.0
 05/02  24:00:00,15.1069992076,0.0
 05/03  01:00:00,15.1069992076,0.0
 05/03  02:00:00,15.1069992076,0.0
 05/03  03:00:00,15.1069992076,0.0
 05/03  04:00:00,15.1069992076,0.0
 05/03  05:00:00,15.1069992076,0.0
 05/03  06:00:00,17.595733804600002,127.90849551299999
 05/03  07:00:00,19.1238837794,98.3087587327
 05/03  08:00:00,32.766346817,84.3041135669
 05/03  09:00:00,49.1586237098,64.8440880653
 05/03  10:00:00,49.1586237098,58.9991465986
 05/03  11:00:00,49.1586237098,46.3161422446
 05/03  12:00:00,49.1586237098,38.0428258715
 05/03  13:00:00,49.1586237098,29.6845651052
 05/03  14:00:00,49.1586237098,23.320131356399997
 05/03  15:00:00,49.1586237098,9.93848669135
 05/03  16:00:00,49.1586237098,9.47710022288
 05/03  17:00:00,49.1586237098,16.5245907973
 05/03  18:00:00,37.3138344962,18.113328994
 05/03  19:00:00,37.3138344962,23.2431699693
 05/03  20:00:00,38.508846817,32.8982011487
 05/03  21:00:00,22.3776491824,0.0
 05/03  22:00:00,15.1069992076,0.0
 05/03  23:00:00,15.1069992076,0.0
 05/03  24:00:00,15.1069992076,0.0
 05/04  01:00:00,15.1069992076,0.0
 05/04  02:00:00,15.1069992076,0.0
 05/04  03:00:00,15.1069992076,0.0
 05/04  04:00:00,15.1069992076,0.0
 05/04  05:00:00,15.1069992076,0.0
 05/04  06:00:00,17.595733804600002,162.23936671
 05/04  07:00:00,19.1238837794,122.830560856
 05/04  08:00:00,32.766346817,99.09904454139999
 05/04  09:00:00,49.1586237098,73.35203727449999
 05/04  10:00:00,49.1586237098,62.6004144002
 05/04  11:00:00,49.1586237098,48.7874987537
 05/04  12:00:00,49.1586237098,37.3543618425
 05/04  13:00:00,49.1586237098,23.98895372
 05/04  14:00:00,49.1586237098,12.360382815
 05/04  15:00:00,49.1586237098,4.54876413003
 05/04  16:00:00,49.1586237098,4.07516541134
 05/04  17:00:00,49.1586237098,5.06454400504
 05/04  18:00:00,37.3138344962,9.35154103728
 05/04  19:00:00,37.3138344962,20.7581407475
 05/04  20:00:00,38.508846817,33.9054450323
 05/04  21:00:00,22.3776491824,0.0
 05/04  22:00:00,15.1069992076,0.0
 05/04  23:00:00,15.1069992076,0.0
 05/04  24:00:00,15.1069992076,0.0
 05/05  01:00:00,15.1069992076,0.0
 05/05  02:00:00,15.1069992076,0.0
 05/05  03:00:00,15.1069992076,0.0
 05/05  04:00:00,15.1069992076,0.0
 05/05  05:00:00,15.1069992076,0.0
 05/05  06:00:00,17.595733804600002,173.110107889
 05/05  07:00:00,19.1238837794,139.999369085
 05/05  08:00:00,32.766346817,113.687179315
 05/05  09:00:00,49.1586237098,76.5892485009
 05/05  10:00:00,49.1586237098,54.9576556563
 05/05  11:00:00,49.1586237098,35.7500963022
 05/05  12:00:00,49.1586237098,28.512768605100003
 05/05  13:00:00,49.1586237098,17.1814850899
 05/05  14:00:00,49.1586237098,10.6193922259
 05/05  15:00:00,49.1586237098,2.93998815306
 05/05  16:00:00,49.1586237098,0.438822175982
 05/05  17:00:00,49.1586237098,1.26769048433
 05/05  18:00:00,37.3138344962,5.17852839447
 05/05  19:00:00,37.3138344962,16.370411366099997
 05/05  20:00:00,38.508846817,30.682522935700003
 05/05  21:00:00,22.3776491824,0.0
 05/05  22:00:00,15.1069992076,0.0
 05/05  23:00:00,15.1069992076,0.0
 05/05  24:00:00,15.1069992076,0.0
 05/06  01:00:00,14.657580751600001,0.0
 05/06  02:00:00,14.657580751600001,0.0
 05/06  03:00:00,14.657580751600001,0.0
 05/06  04:00:00,14.657580751600001,0.0
 05/06  05:00:00,14.657580751600001,0.0
 05/06  06:00:00,15.2321486819,185.086225631
 05/06  07:00:00,14.5763961002,145.249155353
 05/06  08:00:00,23.671371458600003,123.657803035
 05/06  09:00:00,37.3138344962,91.113959242
 05/06  10:00:00,49.1586237098,62.7101683097
 05/06  11:00:00,49.1586237098,36.2619083066
 05/06  12:00:00,49.1586237098,24.680767836100003
 05/06  13:00:00,49.1586237098,15.1083021385
 05/06  14:00:00,49.1586237098,7.863532793869999
 05/06  15:00:00,49.1586237098,6.57100078324
 05/06  16:00:00,49.1586237098,2.1939207391
 05/06  17:00:00,49.1586237098,1.34290087909
 05/06  18:00:00,32.766346817,14.131831104000002
 05/06  19:00:00,23.671371458600003,25.9079867168
 05/06  20:00:00,29.413871458600003,37.3850397829
 05/06  21:00:00,26.0613961002,54.342810601000004
 05/06  22:00:00,14.657580751600001,0.0
 05/06  23:00:00,14.657580751600001,0.0
 05/06  24:00:00,14.657580751600001,0.0
 05/07  01:00:00,14.657580751600001,0.0
 05/07  02:00:00,14.657580751600001,0.0
 05/07  03:00:00,14.657580751600001,0.0
 05/07  04:00:00,14.657580751600001,0.0
 05/07  05:00:00,14.657580751600001,0.0
 05/07  06:00:00,7.000914084930001,0.0
 05/07  07:00:00,3.1725807516000004,0.0
 05/07  08:00:00,14.5763961002,169.404769335
 05/07  09:00:00,14.5763961002,117.133101559
 05/07  10:00:00,28.218859137800003,84.4071389705
 05/07  11:00:00,28.218859137800003,61.4934370718
 05/07  12:00:00,37.3138344962,32.5510235554
 05/07  13:00:00,37.3138344962,18.7701795903
 05/07  14:00:00,37.3138344962,11.6005932822
 05/07  15:00:00,37.3138344962,4.74029019631
 05/07  16:00:00,37.3138344962,1.6459140965999999
 05/07  17:00:00,28.218859137800003,11.392718954400001
 05/07  18:00:00,19.1238837794,18.4131187332
 05/07  19:00:00,3.1725807516000004,0.0
 05/07  20:00:00,8.9150807516,0.0
 05/07  21:00:00,14.657580751600001,0.0
 05/07  22:00:00,14.657580751600001,0.0
 05/07  23:00:00,14.657580751600001,0.0
 05/07  24:00:00,14.657580751600001,0.0
 05/08  01:00:00,15.1069992076,0.0
 05/08  02:00:00,15.1069992076,0.0
 05/08  03:00:00,15.1069992076,0.0
 05/08  04:00:00,15.1069992076,0.0
 05/08  05:00:00,15.1069992076,0.0
 05/08  06:00:00,15.6815671379,180.914239677
 05/08  07:00:00,19.1238837794,142.242509275
 05/08  08:00:00,32.766346817,111.955054706
 05/08  09:00:00,49.1586237098,76.57189424239999
 05/08  10:00:00,49.1586237098,54.005766037600004
 05/08  11:00:00,49.1586237098,34.9884361236
 05/08  12:00:00,49.1586237098,31.341686423800002
 05/08  13:00:00,49.1586237098,23.1513258773
 05/08  14:00:00,49.1586237098,10.455426402
 05/08  15:00:00,49.1586237098,4.4160524207
 05/08  16:00:00,49.1586237098,5.50512559988
 05/08  17:00:00,49.1586237098,6.917584429610001
 05/08  18:00:00,37.3138344962,8.28685854367
 05/08  19:00:00,37.3138344962,17.547000294300002
 05/08  20:00:00,36.5946801503,32.6515461105
 05/08  21:00:00,22.3776491824,0.0
 05/08  22:00:00,15.1069992076,0.0
 05/08  23:00:00,15.1069992076,0.0
 05/08  24:00:00,15.1069992076,0.0
 05/09  01:00:00,15.1069992076,0.0
 05/09  02:00:00,15.1069992076,0.0
 05/09  03:00:00,15.1069992076,0.0
 05/09  04:00:00,15.1069992076,0.0
 05/09  05:00:00,15.1069992076,0.0
 05/09  06:00:00,15.6815671379,139.13728413
 05/09  07:00:00,19.1238837794,112.60985657399999
 05/09  08:00:00,32.766346817,100.63985732100001
 05/09  09:00:00,49.1586237098,79.0864590293
 05/09  10:00:00,49.1586237098,66.7278609932
 05/09  11:00:00,49.1586237098,48.4768215551
 05/09  12:00:00,49.1586237098,39.3197679571
 05/09  13:00:00,49.1586237098,28.785605249299998
 05/09  14:00:00,49.1586237098,18.1973241045
 05/09  15:00:00,49.1586237098,8.18776655164
 05/09  16:00:00,49.1586237098,6.359455709430001
 05/09  17:00:00,49.1586237098,11.7319382787
 05/09  18:00:00,37.3138344962,11.3050143879
 05/09  19:00:00,37.3138344962,19.6446704298
 05/09  20:00:00,36.5946801503,32.8476825312
 05/09  21:00:00,22.3776491824,0.0
 05/09  22:00:00,15.1069992076,0.0
 05/09  23:00:00,15.1069992076,0.0
 05/09  24:00:00,15.1069992076,0.0
 05/10  01:00:00,15.1069992076,0.0
 05/10  02:00:00,15.1069992076,0.0
 05/10  03:00:00,15.1069992076,0.0
 05/10  04:00:00,15.1069992076,0.0
 05/10  05:00:00,15.1069992076,0.0
 05/10  06:00:00,15.6815671379,142.197989716
 05/10  07:00:00,19.1238837794,110.43810371
 05/10  08:00:00,32.766346817,90.35300469709999
 05/10  09:00:00,49.1586237098,60.4634056512
 05/10  10:00:00,49.1586237098,42.4172035782
 05/10  11:00:00,49.1586237098,26.181924551399998
 05/10  12:00:00,49.1586237098,18.465872643599997
 05/10  13:00:00,49.1586237098,6.190089588259999
 05/10  14:00:00,49.1586237098,2.04581796477
 05/10  15:00:00,49.1586237098,2.98648749996
 05/10  16:00:00,49.1586237098,7.42328779715
 05/10  17:00:00,49.1586237098,9.124959999560001
 05/10  18:00:00,37.3138344962,9.5498930542
 05/10  19:00:00,37.3138344962,17.5952519965
 05/10  20:00:00,36.5946801503,27.034431704899998
 05/10  21:00:00,22.3776491824,0.0
 05/10  22:00:00,15.1069992076,0.0
 05/10  23:00:00,15.1069992076,0.0
 05/10  24:00:00,15.1069992076,0.0
 05/11  01:00:00,15.1069992076,0.0
 05/11  02:00:00,15.1069992076,0.0
 05/11  03:00:00,15.1069992076,0.0
 05/11  04:00:00,15.1069992076,0.0
 05/11  05:00:00,15.1069992076,0.0
 05/11  06:00:00,15.6815671379,145.000861924
 05/11  07:00:00,19.1238837794,118.881127399
 05/11  08:00:00,32.766346817,105.680756462
 05/11  09:00:00,49.1586237098,82.5392912683
 05/11  10:00:00,49.1586237098,69.9149667722
 05/11  11:00:00,49.1586237098,54.2640983239
 05/11  12:00:00,49.1586237098,47.0642110004
 05/11  13:00:00,49.1586237098,34.2594133621
 05/11  14:00:00,49.1586237098,18.7360992279
 05/11  15:00:00,49.1586237098,4.54527367883
 05/11  16:00:00,49.1586237098,1.57118586512
 05/11  17:00:00,49.1586237098,1.17968995709
 05/11  18:00:00,37.3138344962,1.01926131832
 05/11  19:00:00,37.3138344962,6.61007115137
 05/11  20:00:00,36.5946801503,17.093255733699998
 05/11  21:00:00,22.3776491824,0.0
 05/11  22:00:00,15.1069992076,0.0
 05/11  23:00:00,15.1069992076,0.0
 05/11  24:00:00,15.1069992076,0.0
 05/12  01:00:00,15.1069992076,0.0
 05/12  02:00:00,15.1069992076,0.0
 05/12  03:00:00,15.1069992076,0.0
 05/12  04:00:00,15.1069992076,0.0
 05/12  05:00:00,15.1069992076,0.0
 05/12  06:00:00,15.6815671379,128.565292846
 05/12  07:00:00,19.1238837794,99.7253032355
 05/12  08:00:00,32.766346817,84.05338279189999
 05/12  09:00:00,49.1586237098,59.781884292700006
 05/12  10:00:00,49.1586237098,47.187487625900005
 05/12  11:00:00,49.1586237098,24.9989140511
 05/12  12:00:00,49.1586237098,12.6654108897
 05/12  13:00:00,49.1586237098,3.34188527798
 05/12  14:00:00,49.1586237098,0.164775951506
 05/12  15:00:00,49.1586237098,0.0
 05/12  16:00:00,49.1586237098,0.25293449800900003
 05/12  17:00:00,49.1586237098,3.14623796572
 05/12  18:00:00,37.3138344962,5.0195767581
 05/12  19:00:00,37.3138344962,9.79456038602
 05/12  20:00:00,36.5946801503,19.8775651884
 05/12  21:00:00,22.3776491824,0.0
 05/12  22:00:00,15.1069992076,0.0
 05/12  23:00:00,15.1069992076,0.0
 05/12  24:00:00,15.1069992076,0.0
 05/13  01:00:00,14.657580751600001,0.0
 05/13  02:00:00,14.657580751600001,0.0
 05/13  03:00:00,14.657580751600001,0.0
 05/13  04:00:00,14.657580751600001,0.0
 05/13  05:00:00,14.657580751600001,0.0
 05/13  06:00:00,15.2321486819,156.176442773
 05/13  07:00:00,14.5763961002,120.813257595
 05/13  08:00:00,23.671371458600003,98.3488822832
 05/13  09:00:00,37.3138344962,67.6619140647
 05/13  10:00:00,49.1586237098,40.0346206946
 05/13  11:00:00,49.1586237098,14.486989890899999
 05/13  12:00:00,49.1586237098,1.44645376027
 05/13  13:00:00,49.1586237098,0.0
 05/13  14:00:00,49.1586237098,0.0
 05/13  15:00:00,49.1586237098,0.0
 05/13  16:00:00,49.172436863,0.0
 05/13  17:00:00,49.2010448875,0.0
 05/13  18:00:00,32.766346817,0.0
 05/13  19:00:00,23.671371458600003,0.0
 05/13  20:00:00,27.4997047919,0.0
 05/13  21:00:00,26.0613961002,7.848120301539999
 05/13  22:00:00,14.657580751600001,0.0
 05/13  23:00:00,14.657580751600001,0.0
 05/13  24:00:00,14.657580751600001,0.0
 05/14  01:00:00,14.657580751600001,0.0
 05/14  02:00:00,14.657580751600001,0.0
 05/14  03:00:00,14.657580751600001,0.0
 05/14  04:00:00,14.657580751600001,0.0
 05/14  05:00:00,14.657580751600001,0.0
 05/14  06:00:00,5.08674741827,0.0
 05/14  07:00:00,3.1725807516000004,0.0
 05/14  08:00:00,14.5763961002,118.16771349
 05/14  09:00:00,14.5763961002,72.4584407603
 05/14  10:00:00,28.218859137800003,39.5020055605
 05/14  11:00:00,28.218859137800003,16.786568653099998
 05/14  12:00:00,37.3138344962,0.0827611033478
 05/14  13:00:00,37.3138344962,0.0
 05/14  14:00:00,37.3138344962,0.0
 05/14  15:00:00,37.3166379822,0.0
 05/14  16:00:00,37.6398723825,0.0
 05/14  17:00:00,28.2385746242,0.0
 05/14  18:00:00,19.1238837794,0.0
 05/14  19:00:00,3.1725807516000004,0.0
 05/14  20:00:00,7.000914084930001,0.0
 05/14  21:00:00,14.657580751600001,0.0
 05/14  22:00:00,14.657580751600001,0.0
 05/14  23:00:00,14.657580751600001,0.0
 05/14  24:00:00,14.657580751600001,0.0
 05/15  01:00:00,15.1069992076,0.0
 05/15  02:00:00,15.1069992076,0.0
 05/15  03:00:00,15.1069992076,0.0
 05/15  04:00:00,15.1069992076,0.0
 05/15  05:00:00,15.1069992076,0.0
 05/15  06:00:00,13.767400471300002,94.4855336246
 05/15  07:00:00,19.1238837794,72.1149917741
 05/15  08:00:00,32.766346817,49.5844186936
 05/15  09:00:00,49.1586237098,16.144957083399998
 05/15  10:00:00,49.1586237098,1.7947045130400001
 05/15  11:00:00,49.1586237098,0.0
 05/15  12:00:00,49.1586237098,0.0
 05/15  13:00:00,49.1900265371,0.0
 05/15  14:00:00,49.4249502861,0.0
 05/15  15:00:00,50.1188921955,0.0
 05/15  16:00:00,50.616752367299995,0.0
 05/15  17:00:00,50.4773668044,0.0
 05/15  18:00:00,38.2120698598,0.0
 05/15  19:00:00,37.443175863,0.0
 05/15  20:00:00,36.5946801503,0.0
 05/15  21:00:00,22.3776491824,0.0
 05/15  22:00:00,15.1069992076,0.0
 05/15  23:00:00,15.1069992076,0.0
 05/15  24:00:00,15.1069992076,0.0
 05/16  01:00:00,15.1069992076,0.0
 05/16  02:00:00,15.1069992076,0.0
 05/16  03:00:00,15.1069992076,0.0
 05/16  04:00:00,15.1069992076,0.0
 05/16  05:00:00,15.1069992076,0.0
 05/16  06:00:00,13.767400471300002,113.27732619
 05/16  07:00:00,19.1238837794,87.57196390840001
 05/16  08:00:00,32.766346817,64.3300442641
 05/16  09:00:00,49.1586237098,37.2500310223
 05/16  10:00:00,49.1586237098,25.655892515500003
 05/16  11:00:00,49.1586237098,12.4499716432
 05/16  12:00:00,49.1586237098,4.3597058331400005
 05/16  13:00:00,49.1586237098,0.190312034895
 05/16  14:00:00,49.1586237098,0.0
 05/16  15:00:00,49.1586237098,0.0
 05/16  16:00:00,49.1586237098,0.0
 05/16  17:00:00,49.1586237098,0.0
 05/16  18:00:00,37.3138344962,0.0
 05/16  19:00:00,37.3138344962,0.0
 05/16  20:00:00,36.5946801503,0.27630721436
 05/16  21:00:00,22.3776491824,0.0
 05/16  22:00:00,15.1069992076,0.0
 05/16  23:00:00,15.1069992076,0.0
 05/16  24:00:00,15.1069992076,0.0
 05/17  01:00:00,15.1069992076,0.0
 05/17  02:00:00,15.1069992076,0.0
 05/17  03:00:00,15.1069992076,0.0
 05/17  04:00:00,15.1069992076,0.0
 05/17  05:00:00,15.1069992076,0.0
 05/17  06:00:00,13.767400471300002,138.972661122
 05/17  07:00:00,19.1238837794,112.33701111
 05/17  08:00:00,32.766346817,85.2149061028
 05/17  09:00:00,49.1586237098,52.3055953284
 05/17  10:00:00,49.1586237098,32.2453227216
 05/17  11:00:00,49.1586237098,11.9701663844
 05/17  12:00:00,49.1586237098,4.63063013757
 05/17  13:00:00,49.1586237098,0.7255536222840001
 05/17  14:00:00,49.1586237098,0.0
 05/17  15:00:00,49.1586237098,0.0
 05/17  16:00:00,49.1586237098,0.0
 05/17  17:00:00,49.1586237098,0.0
 05/17  18:00:00,37.3138344962,0.0
 05/17  19:00:00,37.3138344962,0.132553769023
 05/17  20:00:00,34.6805134837,8.25768783328
 05/17  21:00:00,22.3776491824,0.0
 05/17  22:00:00,15.1069992076,0.0
 05/17  23:00:00,15.1069992076,0.0
 05/17  24:00:00,15.1069992076,0.0
 05/18  01:00:00,15.1069992076,0.0
 05/18  02:00:00,15.1069992076,0.0
 05/18  03:00:00,15.1069992076,0.0
 05/18  04:00:00,15.1069992076,0.0
 05/18  05:00:00,15.1069992076,0.0
 05/18  06:00:00,13.767400471300002,154.876028543
 05/18  07:00:00,19.1238837794,121.375943374
 05/18  08:00:00,32.766346817,93.2968237982
 05/18  09:00:00,49.1586237098,65.4257562313
 05/18  10:00:00,49.1586237098,54.614214607799994
 05/18  11:00:00,49.1586237098,39.9604806166
 05/18  12:00:00,49.1586237098,28.083121358000003
 05/18  13:00:00,49.1586237098,20.3088037962
 05/18  14:00:00,49.1586237098,18.8430707493
 05/18  15:00:00,49.1586237098,18.5916682186
 05/18  16:00:00,49.1586237098,22.077192572399998
 05/18  17:00:00,49.1586237098,24.3994068826
 05/18  18:00:00,37.3138344962,26.744713708200003
 05/18  19:00:00,37.3138344962,35.8442979249
 05/18  20:00:00,34.6805134837,49.13848292390001
 05/18  21:00:00,22.3776491824,0.0
 05/18  22:00:00,15.1069992076,0.0
 05/18  23:00:00,15.1069992076,0.0
 05/18  24:00:00,15.1069992076,0.0
 05/19  01:00:00,15.1069992076,0.0
 05/19  02:00:00,15.1069992076,0.0
 05/19  03:00:00,15.1069992076,0.0
 05/19  04:00:00,15.1069992076,0.0
 05/19  05:00:00,15.1069992076,0.0
 05/19  06:00:00,13.767400471300002,187.082131887
 05/19  07:00:00,19.1238837794,147.36459792899998
 05/19  08:00:00,32.766346817,118.434437109
 05/19  09:00:00,49.1586237098,79.95752675989999
 05/19  10:00:00,49.1586237098,61.8523982766
 05/19  11:00:00,49.1586237098,38.0774368691
 05/19  12:00:00,49.1586237098,23.9423743034
 05/19  13:00:00,49.1586237098,14.8310221022
 05/19  14:00:00,49.1586237098,5.00435973574
 05/19  15:00:00,49.1586237098,0.08605237070539999
 05/19  16:00:00,49.1586237098,0.0
 05/19  17:00:00,49.1586237098,0.0
 05/19  18:00:00,37.3138344962,0.0
 05/19  19:00:00,37.3138344962,0.197008372699
 05/19  20:00:00,34.6805134837,8.03974795887
 05/19  21:00:00,22.3776491824,0.0
 05/19  22:00:00,15.1069992076,0.0
 05/19  23:00:00,15.1069992076,0.0
 05/19  24:00:00,15.1069992076,0.0
 05/20  01:00:00,14.657580751600001,0.0
 05/20  02:00:00,14.657580751600001,0.0
 05/20  03:00:00,14.657580751600001,0.0
 05/20  04:00:00,14.657580751600001,0.0
 05/20  05:00:00,14.657580751600001,0.0
 05/20  06:00:00,13.3179820153,163.112025376
 05/20  07:00:00,14.5763961002,127.43828677100001
 05/20  08:00:00,23.671371458600003,101.15317903
 05/20  09:00:00,37.3138344962,65.3949492997
 05/20  10:00:00,49.1586237098,32.9612288628
 05/20  11:00:00,49.1586237098,8.55750759497
 05/20  12:00:00,49.1586237098,0.439265322919
 05/20  13:00:00,49.1586237098,0.0
 05/20  14:00:00,49.1586237098,0.0
 05/20  15:00:00,49.1586237098,0.0
 05/20  16:00:00,49.2414107934,0.0
 05/20  17:00:00,49.245937446599996,0.0
 05/20  18:00:00,32.766346817,0.0
 05/20  19:00:00,23.671371458600003,0.0
 05/20  20:00:00,25.5855381253,0.0
 05/20  21:00:00,26.0613961002,0.6405512124480001
 05/20  22:00:00,14.657580751600001,0.0
 05/20  23:00:00,14.657580751600001,0.0
 05/20  24:00:00,14.657580751600001,0.0
 05/21  01:00:00,14.657580751600001,0.0
 05/21  02:00:00,14.657580751600001,0.0
 05/21  03:00:00,14.657580751600001,0.0
 05/21  04:00:00,14.657580751600001,0.0
 05/21  05:00:00,14.657580751600001,0.0
 05/21  06:00:00,5.08674741827,0.0
 05/21  07:00:00,3.1725807516000004,0.0
 05/21  08:00:00,14.5763961002,100.826715278
 05/21  09:00:00,14.5763961002,57.8861795318
 05/21  10:00:00,28.218859137800003,27.9024108094
 05/21  11:00:00,28.218859137800003,9.61619896893
 05/21  12:00:00,37.3138344962,0.0
 05/21  13:00:00,37.3138344962,0.0
 05/21  14:00:00,37.3138344962,0.0
 05/21  15:00:00,37.3555297104,0.0
 05/21  16:00:00,37.64623333,0.0
 05/21  17:00:00,28.231216235799998,0.0
 05/21  18:00:00,19.1238837794,0.0
 05/21  19:00:00,3.1725807516000004,0.0
 05/21  20:00:00,5.08674741827,0.0
 05/21  21:00:00,14.657580751600001,0.0
 05/21  22:00:00,14.657580751600001,0.0
 05/21  23:00:00,14.657580751600001,0.0
 05/21  24:00:00,14.657580751600001,0.0
 05/22  01:00:00,15.1069992076,0.0
 05/22  02:00:00,15.1069992076,0.0
 05/22  03:00:00,15.1069992076,0.0
 05/22  04:00:00,15.1069992076,0.0
 05/22  05:00:00,15.1069992076,0.0
 05/22  06:00:00,13.767400471300002,86.4565833067
 05/22  07:00:00,19.1238837794,62.7764304388
 05/22  08:00:00,32.766346817,41.1057138628
 05/22  09:00:00,49.1586237098,8.02535229713
 05/22  10:00:00,49.1586237098,0.0
 05/22  11:00:00,49.1586237098,0.0
 05/22  12:00:00,49.5167876921,0.0
 05/22  13:00:00,52.4106760538,0.0
 05/22  14:00:00,54.6640114958,0.0
 05/22  15:00:00,57.1001732964,0.0
 05/22  16:00:00,57.6110830203,0.0
 05/22  17:00:00,57.110802307,0.0
 05/22  18:00:00,44.1152902843,0.0
 05/22  19:00:00,42.4554937749,0.0
 05/22  20:00:00,38.3026210231,0.0
 05/22  21:00:00,22.3776491824,0.0
 05/22  22:00:00,15.1069992076,0.0
 05/22  23:00:00,15.1069992076,0.0
 05/22  24:00:00,15.1069992076,0.0
 05/23  01:00:00,15.1069992076,0.0
 05/23  02:00:00,15.1069992076,0.0
 05/23  03:00:00,15.1069992076,0.0
 05/23  04:00:00,15.1069992076,0.0
 05/23  05:00:00,15.1069992076,0.0
 05/23  06:00:00,13.767400471300002,62.1687005962
 05/23  07:00:00,19.1238837794,43.516815888900005
 05/23  08:00:00,32.766346817,21.3795279803
 05/23  09:00:00,49.1586237098,0.17872249052
 05/23  10:00:00,49.1586237098,0.0
 05/23  11:00:00,49.280077337399995,0.0
 05/23  12:00:00,52.1832274155,0.0
 05/23  13:00:00,55.6794149562,0.0
 05/23  14:00:00,57.743456773599995,0.0
 05/23  15:00:00,61.036225332700006,0.0
 05/23  16:00:00,59.961176063100005,0.0
 05/23  17:00:00,56.581978900500005,0.0
 05/23  18:00:00,42.8806176005,0.0
 05/23  19:00:00,41.4707858494,0.0
 05/23  20:00:00,36.6688397032,0.0
 05/23  21:00:00,22.3776491824,0.0
 05/23  22:00:00,15.1069992076,0.0
 05/23  23:00:00,15.1069992076,0.0
 05/23  24:00:00,15.1069992076,0.0
 05/24  01:00:00,15.1069992076,0.0
 05/24  02:00:00,15.1069992076,0.0
 05/24  03:00:00,15.1069992076,0.0
 05/24  04:00:00,15.1069992076,0.0
 05/24  05:00:00,15.1069992076,0.0
 05/24  06:00:00,13.767400471300002,61.4223719053
 05/24  07:00:00,19.1238837794,43.56867598
 05/24  08:00:00,32.766346817,21.298027941300003
 05/24  09:00:00,49.1586237098,0.119446351686
 05/24  10:00:00,49.1586237098,0.0
 05/24  11:00:00,50.0864054379,0.0
 05/24  12:00:00,54.8587485558,0.0
 05/24  13:00:00,58.626948356899995,0.0
 05/24  14:00:00,61.5644148261,0.0
 05/24  15:00:00,65.8082106711,0.0
 05/24  16:00:00,67.0539431208,0.0
 05/24  17:00:00,62.1271130943,0.0
 05/24  18:00:00,44.8170161854,0.0
 05/24  19:00:00,41.9995753346,0.0
 05/24  20:00:00,37.0230079913,0.0
 05/24  21:00:00,22.3776491824,0.0
 05/24  22:00:00,15.1069992076,0.0
 05/24  23:00:00,15.1069992076,0.0
 05/24  24:00:00,15.1069992076,0.0
 05/25  01:00:00,15.1069992076,0.0
 05/25  02:00:00,15.1069992076,0.0
 05/25  03:00:00,15.1069992076,0.0
 05/25  04:00:00,15.1069992076,0.0
 05/25  05:00:00,15.1069992076,0.0
 05/25  06:00:00,11.8532338046,49.661777173400004
 05/25  07:00:00,19.1238837794,38.6409871548
 05/25  08:00:00,32.766346817,19.1755475576
 05/25  09:00:00,49.1586237098,0.00285221920543
 05/25  10:00:00,49.1586237098,0.0
 05/25  11:00:00,49.5370435729,0.0
 05/25  12:00:00,52.888456078199994,0.0
 05/25  13:00:00,56.388784426,0.0
 05/25  14:00:00,59.8236916937,0.0
 05/25  15:00:00,60.954841645200005,0.0
 05/25  16:00:00,59.342949626599996,0.0
 05/25  17:00:00,56.763190816800005,0.0
 05/25  18:00:00,41.2933937299,0.0
 05/25  19:00:00,38.1927302349,0.0
 05/25  20:00:00,34.6974829859,0.0
 05/25  21:00:00,22.3776491824,0.0
 05/25  22:00:00,15.1069992076,0.0
 05/25  23:00:00,15.1069992076,0.0
 05/25  24:00:00,15.1069992076,0.0
 05/26  01:00:00,15.1069992076,0.0
 05/26  02:00:00,15.1069992076,0.0
 05/26  03:00:00,15.1069992076,0.0
 05/26  04:00:00,15.1069992076,0.0
 05/26  05:00:00,15.1069992076,0.0
 05/26  06:00:00,11.8532338046,53.5907392636
 05/26  07:00:00,19.1238837794,41.1443170851
 05/26  08:00:00,32.766346817,24.8262328931
 05/26  09:00:00,49.1586237098,1.00718648747
 05/26  10:00:00,49.1586237098,0.0
 05/26  11:00:00,49.1586237098,0.0
 05/26  12:00:00,49.7228953217,0.0
 05/26  13:00:00,52.3645956463,0.0
 05/26  14:00:00,54.4923242904,0.0
 05/26  15:00:00,56.0992943134,0.0
 05/26  16:00:00,56.4239908184,0.0
 05/26  17:00:00,55.4329465647,0.0
 05/26  18:00:00,42.5616413767,0.0
 05/26  19:00:00,40.808173439499996,0.0
 05/26  20:00:00,35.753170825,0.0
 05/26  21:00:00,22.3776491824,0.0
 05/26  22:00:00,15.1069992076,0.0
 05/26  23:00:00,15.1069992076,0.0
 05/26  24:00:00,15.1069992076,0.0
 05/27  01:00:00,14.657580751600001,0.0
 05/27  02:00:00,14.657580751600001,0.0
 05/27  03:00:00,14.657580751600001,0.0
 05/27  04:00:00,14.657580751600001,0.0
 05/27  05:00:00,14.657580751600001,0.0
 05/27  06:00:00,11.403815348599998,77.97533298479999
 05/27  07:00:00,14.5763961002,52.8426165136
 05/27  08:00:00,23.671371458600003,32.444934746
 05/27  09:00:00,37.3138344962,2.73978462867
 05/27  10:00:00,49.1586237098,0.0
 05/27  11:00:00,49.1603267439,0.0
 05/27  12:00:00,50.7844835143,0.0
 05/27  13:00:00,54.699689372799995,0.0
 05/27  14:00:00,57.3589027361,0.0
 05/27  15:00:00,60.4897084041,0.0
 05/27  16:00:00,62.6859597387,0.0
 05/27  17:00:00,62.656409875,0.0
 05/27  18:00:00,42.3802001071,0.0
 05/27  19:00:00,29.873338757800003,0.0
 05/27  20:00:00,26.349846808600002,0.0
 05/27  21:00:00,26.150526218099998,0.0
 05/27  22:00:00,14.657580751600001,0.0
 05/27  23:00:00,14.657580751600001,0.0
 05/27  24:00:00,14.657580751600001,0.0
 05/28  01:00:00,14.657580751600001,0.0
 05/28  02:00:00,14.657580751600001,0.0
 05/28  03:00:00,14.657580751600001,0.0
 05/28  04:00:00,14.657580751600001,0.0
 05/28  05:00:00,14.657580751600001,0.0
 05/28  06:00:00,3.1725807516000004,0.0
 05/28  07:00:00,3.1725807516000004,0.0
 05/28  08:00:00,14.5763961002,43.710419424099996
 05/28  09:00:00,14.5763961002,11.9442643359
 05/28  10:00:00,28.218859137800003,0.0
 05/28  11:00:00,28.218859137800003,0.0
 05/28  12:00:00,39.067571088499996,0.0
 05/28  13:00:00,44.5608819683,0.0
 05/28  14:00:00,48.42941561600001,0.0
 05/28  15:00:00,50.564727456899995,0.0
 05/28  16:00:00,53.534603323199995,0.0
 05/28  17:00:00,46.1633683218,0.0
 05/28  18:00:00,36.1128351769,0.0
 05/28  19:00:00,3.1725807516000004,0.0
 05/28  20:00:00,3.1725807516000004,0.0
 05/28  21:00:00,14.657580751600001,0.0
 05/28  22:00:00,14.657580751600001,0.0
 05/28  23:00:00,14.657580751600001,0.0
 05/28  24:00:00,14.657580751600001,0.0
 05/29  01:00:00,14.657580751600001,0.0
 05/29  02:00:00,14.657580751600001,0.0
 05/29  03:00:00,14.657580751600001,0.0
 05/29  04:00:00,14.657580751600001,0.0
 05/29  05:00:00,14.657580751600001,0.0
 05/29  06:00:00,3.1725807516000004,0.0
 05/29  07:00:00,3.1725807516000004,0.0
 05/29  08:00:00,14.5763961002,12.2848201022
 05/29  09:00:00,14.5763961002,0.39464234249200003
 05/29  10:00:00,28.218859137800003,0.0
 05/29  11:00:00,28.389269927399997,0.0
 05/29  12:00:00,42.6825189813,0.0
 05/29  13:00:00,47.3493322609,0.0
 05/29  14:00:00,49.7444042834,0.0
 05/29  15:00:00,52.1670143199,0.0
 05/29  16:00:00,54.0072796425,0.0
 05/29  17:00:00,44.2492027385,0.0
 05/29  18:00:00,33.3618159365,0.0
 05/29  19:00:00,3.1725807516000004,0.0
 05/29  20:00:00,3.1725807516000004,0.0
 05/29  21:00:00,14.657580751600001,0.0
 05/29  22:00:00,14.657580751600001,0.0
 05/29  23:00:00,14.657580751600001,0.0
 05/29  24:00:00,14.657580751600001,0.0
 05/30  01:00:00,15.1069992076,0.0
 05/30  02:00:00,15.1069992076,0.0
 05/30  03:00:00,15.1069992076,0.0
 05/30  04:00:00,15.1069992076,0.0
 05/30  05:00:00,15.1069992076,0.0
 05/30  06:00:00,11.8532338046,9.19279824925
 05/30  07:00:00,19.1238837794,1.80981882868
 05/30  08:00:00,32.766346817,0.0
 05/30  09:00:00,49.1586237098,0.0
 05/30  10:00:00,49.6826299616,0.0
 05/30  11:00:00,52.8720995204,0.0
 05/30  12:00:00,55.66741963729999,0.0
 05/30  13:00:00,58.9703160477,0.0
 05/30  14:00:00,61.2524487122,0.0
 05/30  15:00:00,62.895689625699994,0.0
 05/30  16:00:00,62.312947888000004,0.0
 05/30  17:00:00,60.2106796892,0.0
 05/30  18:00:00,46.25486952520001,0.0
 05/30  19:00:00,43.7727136022,0.0
 05/30  20:00:00,36.5874740971,0.0
 05/30  21:00:00,22.3776491824,0.0
 05/30  22:00:00,15.1069992076,0.0
 05/30  23:00:00,15.1069992076,0.0
 05/30  24:00:00,15.1069992076,0.0
 05/31  01:00:00,15.1069992076,0.0
 05/31  02:00:00,15.1069992076,0.0
 05/31  03:00:00,15.1069992076,0.0
 05/31  04:00:00,15.1069992076,0.0
 05/31  05:00:00,15.1069992076,0.0
 05/31  06:00:00,11.8532338046,62.7391220618
 05/31  07:00:00,19.1238837794,44.1552223443
 05/31  08:00:00,32.766346817,23.2728995849
 05/31  09:00:00,49.1586237098,0.824572394868
 05/31  10:00:00,49.1586237098,0.0
 05/31  11:00:00,49.1712610759,0.0
 05/31  12:00:00,50.558695981099994,0.0
 05/31  13:00:00,53.3391005707,0.0
 05/31  14:00:00,54.6882816192,0.0
 05/31  15:00:00,56.091288589099996,0.0
 05/31  16:00:00,57.23045902,0.0
 05/31  17:00:00,56.71014812399999,0.0
 05/31  18:00:00,43.1011016635,0.0
 05/31  19:00:00,39.5639539275,0.0
 05/31  20:00:00,32.8200047454,0.0
 05/31  21:00:00,22.3776491824,0.0
 05/31  22:00:00,15.1069992076,0.0
 05/31  23:00:00,15.1069992076,0.0
 05/31  24:00:00,15.1069992076,0.0
 06/01  01:00:00,15.1069992076,0.0
 06/01  02:00:00,15.1069992076,0.0
 06/01  03:00:00,15.1069992076,0.0
 06/01  04:00:00,15.1069992076,0.0
 06/01  05:00:00,15.1069992076,0.0
 06/01  06:00:00,11.8532338046,30.233563727199996
 06/01  07:00:00,19.1238837794,16.1807866508
 06/01  08:00:00,32.766346817,4.5473320141
 06/01  09:00:00,49.1586237098,0.0
 06/01  10:00:00,49.1586237098,0.0
 06/01  11:00:00,49.1586237098,0.0
 06/01  12:00:00,49.1586237098,0.0
 06/01  13:00:00,49.1586237098,0.0
 06/01  14:00:00,49.293218869099995,0.0
 06/01  15:00:00,50.355644228500005,0.0
 06/01  16:00:00,50.772765980600006,0.0
 06/01  17:00:00,51.46642275479999,0.0
 06/01  18:00:00,39.6173614688,0.0
 06/01  19:00:00,38.3824750267,0.0
 06/01  20:00:00,32.932266922800004,0.0
 06/01  21:00:00,22.3776491824,0.0
 06/01  22:00:00,15.1069992076,0.0
 06/01  23:00:00,15.1069992076,0.0
 06/01  24:00:00,15.1069992076,0.0
 06/02  01:00:00,15.1069992076,0.0
 06/02  02:00:00,15.1069992076,0.0
 06/02  03:00:00,15.1069992076,0.0
 06/02  04:00:00,15.1069992076,0.0
 06/02  05:00:00,15.1069992076,0.0
 06/02  06:00:00,11.8532338046,54.710054867
 06/02  07:00:00,19.1238837794,41.1983758643
 06/02  08:00:00,32.766346817,31.858668094000002
 06/02  09:00:00,49.1586237098,12.5635387179
 06/02  10:00:00,49.1586237098,2.31331802021
 06/02  11:00:00,49.1586237098,0.0
 06/02  12:00:00,49.1586237098,0.0
 06/02  13:00:00,49.1586237098,0.0
 06/02  14:00:00,49.1586237098,0.0
 06/02  15:00:00,49.1586237098,0.0
 06/02  16:00:00,49.1586237098,0.0
 06/02  17:00:00,49.1586237098,0.0
 06/02  18:00:00,37.3138344962,0.0
 06/02  19:00:00,37.3138344962,0.0
 06/02  20:00:00,32.766346817,2.224310386
 06/02  21:00:00,22.3776491824,0.0
 06/02  22:00:00,15.1069992076,0.0
 06/02  23:00:00,15.1069992076,0.0
 06/02  24:00:00,15.1069992076,0.0
 06/03  01:00:00,14.657580751600001,0.0
 06/03  02:00:00,14.657580751600001,0.0
 06/03  03:00:00,14.657580751600001,0.0
 06/03  04:00:00,14.657580751600001,0.0
 06/03  05:00:00,14.657580751600001,0.0
 06/03  06:00:00,11.403815348599998,96.9827648576
 06/03  07:00:00,14.5763961002,74.611647691
 06/03  08:00:00,23.671371458600003,54.18995683399999
 06/03  09:00:00,37.3138344962,26.1671421994
 06/03  10:00:00,49.1586237098,5.28521353542
 06/03  11:00:00,49.1586237098,0.0
 06/03  12:00:00,49.1586237098,0.0
 06/03  13:00:00,49.1663421282,0.0
 06/03  14:00:00,49.4011673576,0.0
 06/03  15:00:00,50.211632049399995,0.0
 06/03  16:00:00,51.18113617229999,0.0
 06/03  17:00:00,50.9826624158,0.0
 06/03  18:00:00,32.982107624099996,0.0
 06/03  19:00:00,23.6765967933,0.0
 06/03  20:00:00,23.671371458600003,0.0
 06/03  21:00:00,26.0613961002,0.0
 06/03  22:00:00,14.657580751600001,0.0
 06/03  23:00:00,14.657580751600001,0.0
 06/03  24:00:00,14.657580751600001,0.0
 06/04  01:00:00,14.657580751600001,0.0
 06/04  02:00:00,14.657580751600001,0.0
 06/04  03:00:00,14.657580751600001,0.0
 06/04  04:00:00,14.657580751600001,0.0
 06/04  05:00:00,14.657580751600001,0.0
 06/04  06:00:00,3.1725807516000004,0.0
 06/04  07:00:00,3.1725807516000004,0.0
 06/04  08:00:00,14.5763961002,76.3630301141
 06/04  09:00:00,14.5763961002,44.583809476499994
 06/04  10:00:00,28.218859137800003,17.428698068499997
 06/04  11:00:00,28.218859137800003,2.04550189288
 06/04  12:00:00,37.3138344962,0.0
 06/04  13:00:00,37.3138344962,0.0
 06/04  14:00:00,37.3523197659,0.0
 06/04  15:00:00,37.6939402881,0.0
 06/04  16:00:00,38.4340263479,0.0
 06/04  17:00:00,28.6057033915,0.0
 06/04  18:00:00,19.2098927574,0.0
 06/04  19:00:00,3.1725807516000004,0.0
 06/04  20:00:00,3.1725807516000004,0.0
 06/04  21:00:00,14.657580751600001,0.0
 06/04  22:00:00,14.657580751600001,0.0
 06/04  23:00:00,14.657580751600001,0.0
 06/04  24:00:00,14.657580751600001,0.0
 06/05  01:00:00,15.1069992076,0.0
 06/05  02:00:00,15.1069992076,0.0
 06/05  03:00:00,15.1069992076,0.0
 06/05  04:00:00,15.1069992076,0.0
 06/05  05:00:00,15.1069992076,0.0
 06/05  06:00:00,11.8532338046,87.2398199717
 06/05  07:00:00,19.1238837794,58.756320271999996
 06/05  08:00:00,32.766346817,34.4266038103
 06/05  09:00:00,49.1586237098,2.95692140903
 06/05  10:00:00,49.1586237098,0.0
 06/05  11:00:00,49.1586237098,0.0
 06/05  12:00:00,49.837671731899995,0.0
 06/05  13:00:00,52.6503557246,0.0
 06/05  14:00:00,55.2634674629,0.0
 06/05  15:00:00,57.2931891012,0.0
 06/05  16:00:00,57.9164416808,0.0
 06/05  17:00:00,57.8290992034,0.0
 06/05  18:00:00,44.962562230100005,0.0
 06/05  19:00:00,43.595983914499996,0.0
 06/05  20:00:00,36.9885955168,0.0
 06/05  21:00:00,22.3776491824,0.0
 06/05  22:00:00,15.1069992076,0.0
 06/05  23:00:00,15.1069992076,0.0
 06/05  24:00:00,15.1069992076,0.0
 06/06  01:00:00,15.1069992076,0.0
 06/06  02:00:00,15.1069992076,0.0
 06/06  03:00:00,15.1069992076,0.0
 06/06  04:00:00,15.1069992076,0.0
 06/06  05:00:00,15.1069992076,0.0
 06/06  06:00:00,11.8532338046,57.8016479071
 06/06  07:00:00,19.1238837794,42.8822997118
 06/06  08:00:00,32.766346817,22.0605512631
 06/06  09:00:00,49.1586237098,0.265007248139
 06/06  10:00:00,49.1586237098,0.0
 06/06  11:00:00,49.164648488000005,0.0
 06/06  12:00:00,49.7177404062,0.0
 06/06  13:00:00,51.826087585799996,0.0
 06/06  14:00:00,53.725377372299995,0.0
 06/06  15:00:00,55.42081496229999,0.0
 06/06  16:00:00,55.9435558044,0.0
 06/06  17:00:00,55.7160553776,0.0
 06/06  18:00:00,42.8277712156,0.0
 06/06  19:00:00,40.715623423800004,0.0
 06/06  20:00:00,33.910632819,0.0
 06/06  21:00:00,22.3776491824,0.0
 06/06  22:00:00,15.1069992076,0.0
 06/06  23:00:00,15.1069992076,0.0
 06/06  24:00:00,15.1069992076,0.0
 06/07  01:00:00,15.1069992076,0.0
 06/07  02:00:00,15.1069992076,0.0
 06/07  03:00:00,15.1069992076,0.0
 06/07  04:00:00,15.1069992076,0.0
 06/07  05:00:00,15.1069992076,0.0
 06/07  06:00:00,11.8532338046,71.148230888
 06/07  07:00:00,19.1238837794,51.5938825307
 06/07  08:00:00,32.766346817,31.7217521815
 06/07  09:00:00,49.1586237098,8.12769383878
 06/07  10:00:00,49.1586237098,0.566542032859
 06/07  11:00:00,49.1586237098,0.0
 06/07  12:00:00,49.1586237098,0.0
 06/07  13:00:00,49.3317759321,0.0
 06/07  14:00:00,49.8800821251,0.0
 06/07  15:00:00,51.5073922563,0.0
 06/07  16:00:00,52.6213918835,0.0
 06/07  17:00:00,52.544784808100005,0.0
 06/07  18:00:00,39.372061692399996,0.0
 06/07  19:00:00,37.6011786065,0.0
 06/07  20:00:00,32.766346817,0.0
 06/07  21:00:00,22.3776491824,0.0
 06/07  22:00:00,15.1069992076,0.0
 06/07  23:00:00,15.1069992076,0.0
 06/07  24:00:00,15.1069992076,0.0
 06/08  01:00:00,15.1069992076,0.0
 06/08  02:00:00,15.1069992076,0.0
 06/08  03:00:00,15.1069992076,0.0
 06/08  04:00:00,15.1069992076,0.0
 06/08  05:00:00,15.1069992076,0.0
 06/08  06:00:00,11.8532338046,88.699979894
 06/08  07:00:00,19.1238837794,78.6066409473
 06/08  08:00:00,32.766346817,67.30607707
 06/08  09:00:00,49.1586237098,39.8545281601
 06/08  10:00:00,49.1586237098,25.953937821900002
 06/08  11:00:00,49.1586237098,9.86053863117
 06/08  12:00:00,49.1586237098,1.4510171462700001
 06/08  13:00:00,49.1586237098,0.0
 06/08  14:00:00,49.1586237098,0.0
 06/08  15:00:00,49.1586237098,0.0
 06/08  16:00:00,49.1586237098,0.0
 06/08  17:00:00,49.1586237098,0.0
 06/08  18:00:00,37.3138344962,0.0
 06/08  19:00:00,37.3138344962,0.07211452263210001
 06/08  20:00:00,32.766346817,6.8261541738
 06/08  21:00:00,22.3776491824,0.0
 06/08  22:00:00,15.1069992076,0.0
 06/08  23:00:00,15.1069992076,0.0
 06/08  24:00:00,15.1069992076,0.0
 06/09  01:00:00,15.1069992076,0.0
 06/09  02:00:00,15.1069992076,0.0
 06/09  03:00:00,15.1069992076,0.0
 06/09  04:00:00,15.1069992076,0.0
 06/09  05:00:00,15.1069992076,0.0
 06/09  06:00:00,11.8532338046,153.477779188
 06/09  07:00:00,19.1238837794,116.507603425
 06/09  08:00:00,32.766346817,92.1443755792
 06/09  09:00:00,49.1586237098,62.8721876612
 06/09  10:00:00,49.1586237098,47.2401541653
 06/09  11:00:00,49.1586237098,28.3427275177
 06/09  12:00:00,49.1586237098,14.391381494
 06/09  13:00:00,49.1586237098,4.78643230336
 06/09  14:00:00,49.1586237098,4.17177948498
 06/09  15:00:00,49.1586237098,1.01279872798
 06/09  16:00:00,49.1586237098,0.09087962637260001
 06/09  17:00:00,49.1586237098,4.4543102244
 06/09  18:00:00,37.3138344962,9.49470555589
 06/09  19:00:00,37.3138344962,16.3398058784
 06/09  20:00:00,32.766346817,24.388835596
 06/09  21:00:00,20.4634825157,0.0
 06/09  22:00:00,15.1069992076,0.0
 06/09  23:00:00,15.1069992076,0.0
 06/09  24:00:00,15.1069992076,0.0
 06/10  01:00:00,14.657580751600001,0.0
 06/10  02:00:00,14.657580751600001,0.0
 06/10  03:00:00,14.657580751600001,0.0
 06/10  04:00:00,14.657580751600001,0.0
 06/10  05:00:00,14.657580751600001,0.0
 06/10  06:00:00,11.403815348599998,146.525075555
 06/10  07:00:00,14.5763961002,116.866581988
 06/10  08:00:00,23.671371458600003,95.7217013408
 06/10  09:00:00,37.3138344962,60.0797780459
 06/10  10:00:00,49.1586237098,33.7837688428
 06/10  11:00:00,49.1586237098,15.9572233342
 06/10  12:00:00,49.1586237098,9.061911325139999
 06/10  13:00:00,49.1586237098,2.16721182041
 06/10  14:00:00,49.1586237098,0.0
 06/10  15:00:00,49.1586237098,0.0
 06/10  16:00:00,49.1586237098,0.0
 06/10  17:00:00,49.1586237098,0.0
 06/10  18:00:00,32.766346817,2.3472921451
 06/10  19:00:00,23.671371458600003,7.81411717595
 06/10  20:00:00,23.671371458600003,12.0438482788
 06/10  21:00:00,24.147229433499998,27.0567936816
 06/10  22:00:00,14.657580751600001,0.0
 06/10  23:00:00,14.657580751600001,0.0
 06/10  24:00:00,14.657580751600001,0.0
 06/11  01:00:00,14.657580751600001,0.0
 06/11  02:00:00,14.657580751600001,0.0
 06/11  03:00:00,14.657580751600001,0.0
 06/11  04:00:00,14.657580751600001,0.0
 06/11  05:00:00,14.657580751600001,0.0
 06/11  06:00:00,3.1725807516000004,0.0
 06/11  07:00:00,3.1725807516000004,0.0
 06/11  08:00:00,14.5763961002,115.502786944
 06/11  09:00:00,14.5763961002,73.319694097
 06/11  10:00:00,28.218859137800003,46.050885917200006
 06/11  11:00:00,28.218859137800003,28.569777966100002
 06/11  12:00:00,37.3138344962,3.3492742241
 06/11  13:00:00,37.3138344962,0.0
 06/11  14:00:00,37.3138344962,0.0
 06/11  15:00:00,37.3138344962,0.0
 06/11  16:00:00,37.3138344962,0.0
 06/11  17:00:00,28.218859137800003,0.0
 06/11  18:00:00,19.1238837794,0.0
 06/11  19:00:00,3.1725807516000004,0.0
 06/11  20:00:00,3.1725807516000004,0.0
 06/11  21:00:00,12.7434140849,0.0
 06/11  22:00:00,14.657580751600001,0.0
 06/11  23:00:00,14.657580751600001,0.0
 06/11  24:00:00,14.657580751600001,0.0
 06/12  01:00:00,15.1069992076,0.0
 06/12  02:00:00,15.1069992076,0.0
 06/12  03:00:00,15.1069992076,0.0
 06/12  04:00:00,15.1069992076,0.0
 06/12  05:00:00,15.1069992076,0.0
 06/12  06:00:00,11.8532338046,115.577917107
 06/12  07:00:00,19.1238837794,80.719373897
 06/12  08:00:00,32.766346817,49.9365612463
 06/12  09:00:00,49.1586237098,18.1205287372
 06/12  10:00:00,49.1586237098,2.20110877021
 06/12  11:00:00,49.1586237098,0.0
 06/12  12:00:00,49.1586237098,0.0
 06/12  13:00:00,49.2383599604,0.0
 06/12  14:00:00,50.022342513699996,0.0
 06/12  15:00:00,52.4847876059,0.0
 06/12  16:00:00,53.573533847700006,0.0
 06/12  17:00:00,54.1865345562,0.0
 06/12  18:00:00,42.6395751748,0.0
 06/12  19:00:00,40.7714417302,0.0
 06/12  20:00:00,34.2031849155,0.0
 06/12  21:00:00,20.4634825157,0.0
 06/12  22:00:00,15.1069992076,0.0
 06/12  23:00:00,15.1069992076,0.0
 06/12  24:00:00,15.1069992076,0.0
 06/13  01:00:00,15.1069992076,0.0
 06/13  02:00:00,15.1069992076,0.0
 06/13  03:00:00,15.1069992076,0.0
 06/13  04:00:00,15.1069992076,0.0
 06/13  05:00:00,15.1069992076,0.0
 06/13  06:00:00,11.8532338046,82.38148978560001
 06/13  07:00:00,19.1238837794,60.3948167103
 06/13  08:00:00,32.766346817,35.3852662881
 06/13  09:00:00,49.1586237098,4.10023325523
 06/13  10:00:00,49.1586237098,0.0
 06/13  11:00:00,49.1586237098,0.0
 06/13  12:00:00,49.919071611199996,0.0
 06/13  13:00:00,53.441171872700004,0.0
 06/13  14:00:00,56.5469017736,0.0
 06/13  15:00:00,58.7306628839,0.0
 06/13  16:00:00,59.2488558764,0.0
 06/13  17:00:00,58.6298449618,0.0
 06/13  18:00:00,45.5343521792,0.0
 06/13  19:00:00,43.4203476613,0.0
 06/13  20:00:00,36.1177667371,0.0
 06/13  21:00:00,20.4634825157,0.0
 06/13  22:00:00,15.1069992076,0.0
 06/13  23:00:00,15.1069992076,0.0
 06/13  24:00:00,15.1069992076,0.0
 06/14  01:00:00,15.1069992076,0.0
 06/14  02:00:00,15.1069992076,0.0
 06/14  03:00:00,15.1069992076,0.0
 06/14  04:00:00,15.1069992076,0.0
 06/14  05:00:00,15.1069992076,0.0
 06/14  06:00:00,11.8532338046,60.8982758809
 06/14  07:00:00,19.1238837794,44.38925243
 06/14  08:00:00,32.766346817,22.6415654886
 06/14  09:00:00,49.1586237098,0.230379801761
 06/14  10:00:00,49.1586237098,0.0
 06/14  11:00:00,49.8761457499,0.0
 06/14  12:00:00,54.6006709556,0.0
 06/14  13:00:00,58.9122420471,0.0
 06/14  14:00:00,61.4786892229,0.0
 06/14  15:00:00,62.6136817358,0.0
 06/14  16:00:00,64.4953512048,0.0
 06/14  17:00:00,66.5758269539,0.0
 06/14  18:00:00,54.206917903800004,0.0
 06/14  19:00:00,49.4450279446,0.0
 06/14  20:00:00,39.8622393447,0.0
 06/14  21:00:00,20.4634825157,0.0
 06/14  22:00:00,15.1069992076,0.0
 06/14  23:00:00,15.1069992076,0.0
 06/14  24:00:00,15.1069992076,0.0
 06/15  01:00:00,15.1069992076,0.0
 06/15  02:00:00,15.1069992076,0.0
 06/15  03:00:00,15.1069992076,0.0
 06/15  04:00:00,15.1069992076,0.0
 06/15  05:00:00,15.1069992076,0.0
 06/15  06:00:00,11.8532338046,26.3483469585
 06/15  07:00:00,19.1238837794,18.8152109428
 06/15  08:00:00,32.766346817,2.6380283741299997
 06/15  09:00:00,49.1586237098,0.0
 06/15  10:00:00,49.2697873487,0.0
 06/15  11:00:00,53.6809263033,0.0
 06/15  12:00:00,57.8004922325,0.0
 06/15  13:00:00,59.994256686099995,0.0
 06/15  14:00:00,57.284147550600004,0.0
 06/15  15:00:00,57.7014283122,0.0
 06/15  16:00:00,59.6166402555,0.0
 06/15  17:00:00,61.1412985386,0.0
 06/15  18:00:00,49.1655868821,0.0
 06/15  19:00:00,45.6867690946,0.0
 06/15  20:00:00,38.2830402253,0.0
 06/15  21:00:00,20.4634825157,0.0
 06/15  22:00:00,15.1069992076,0.0
 06/15  23:00:00,15.1069992076,0.0
 06/15  24:00:00,15.1069992076,0.0
 06/16  01:00:00,15.1069992076,0.0
 06/16  02:00:00,15.1069992076,0.0
 06/16  03:00:00,15.1069992076,0.0
 06/16  04:00:00,15.1069992076,0.0
 06/16  05:00:00,15.1069992076,0.0
 06/16  06:00:00,11.8532338046,30.1938801927
 06/16  07:00:00,19.1238837794,26.2186420156
 06/16  08:00:00,32.766346817,7.5736878784399995
 06/16  09:00:00,49.1586237098,0.0
 06/16  10:00:00,49.1586237098,0.0
 06/16  11:00:00,51.6317503823,0.0
 06/16  12:00:00,57.4502321584,0.0
 06/16  13:00:00,62.114129401199996,0.0
 06/16  14:00:00,64.7982199845,0.0
 06/16  15:00:00,66.711581407,0.0
 06/16  16:00:00,67.4075781418,0.0
 06/16  17:00:00,66.5986318793,0.0
 06/16  18:00:00,53.7928963933,0.0
 06/16  19:00:00,51.7584738696,0.0
 06/16  20:00:00,44.695914594499996,0.0
 06/16  21:00:00,20.4634825157,0.0
 06/16  22:00:00,15.1069992076,0.0
 06/16  23:00:00,15.1069992076,0.0
 06/16  24:00:00,15.1069992076,0.0
 06/17  01:00:00,14.657580751600001,0.0
 06/17  02:00:00,14.657580751600001,0.0
 06/17  03:00:00,14.657580751600001,0.0
 06/17  04:00:00,14.657580751600001,0.0
 06/17  05:00:00,14.657580751600001,0.0
 06/17  06:00:00,11.403815348599998,39.8567880183
 06/17  07:00:00,14.5763961002,29.7710504182
 06/17  08:00:00,23.671371458600003,11.244470518499998
 06/17  09:00:00,37.3138344962,0.0
 06/17  10:00:00,49.1586237098,0.0
 06/17  11:00:00,50.733295186499994,0.0
 06/17  12:00:00,54.385733693199995,0.0
 06/17  13:00:00,56.3969384669,0.0
 06/17  14:00:00,57.7242078393,0.0
 06/17  15:00:00,58.3117057463,0.0
 06/17  16:00:00,57.8627967788,0.0
 06/17  17:00:00,56.808877476899994,0.0
 06/17  18:00:00,38.175776118499996,0.0
 06/17  19:00:00,27.7966550218,0.0
 06/17  20:00:00,25.9275123221,0.0
 06/17  21:00:00,24.2030768859,0.0
 06/17  22:00:00,14.657580751600001,0.0
 06/17  23:00:00,14.657580751600001,0.0
 06/17  24:00:00,14.657580751600001,0.0
 06/18  01:00:00,14.657580751600001,0.0
 06/18  02:00:00,14.657580751600001,0.0
 06/18  03:00:00,14.657580751600001,0.0
 06/18  04:00:00,14.657580751600001,0.0
 06/18  05:00:00,14.657580751600001,0.0
 06/18  06:00:00,3.1725807516000004,0.0
 06/18  07:00:00,3.1725807516000004,0.0
 06/18  08:00:00,14.5763961002,56.075652130600005
 06/18  09:00:00,14.5763961002,38.1774184929
 06/18  10:00:00,28.218859137800003,21.9304324579
 06/18  11:00:00,28.218859137800003,9.30812210932
 06/18  12:00:00,37.3138344962,0.0
 06/18  13:00:00,37.3138344962,0.0
 06/18  14:00:00,37.3138344962,0.0
 06/18  15:00:00,37.3138344962,0.0
 06/18  16:00:00,37.3138344962,0.0
 06/18  17:00:00,28.218859137800003,0.0
 06/18  18:00:00,19.1238837794,0.0
 06/18  19:00:00,3.1725807516000004,0.0
 06/18  20:00:00,3.1725807516000004,0.0
 06/18  21:00:00,12.7434140849,0.0
 06/18  22:00:00,14.657580751600001,0.0
 06/18  23:00:00,14.657580751600001,0.0
 06/18  24:00:00,14.657580751600001,0.0
 06/19  01:00:00,15.1069992076,0.0
 06/19  02:00:00,15.1069992076,0.0
 06/19  03:00:00,15.1069992076,0.0
 06/19  04:00:00,15.1069992076,0.0
 06/19  05:00:00,15.1069992076,0.0
 06/19  06:00:00,11.8532338046,102.066142413
 06/19  07:00:00,19.1238837794,75.1133066072
 06/19  08:00:00,32.766346817,50.995983033
 06/19  09:00:00,49.1586237098,21.5580452683
 06/19  10:00:00,49.1586237098,1.6907578649000001
 06/19  11:00:00,49.1586237098,0.0
 06/19  12:00:00,49.1586237098,0.0
 06/19  13:00:00,49.2403430385,0.0
 06/19  14:00:00,49.6326666237,0.0
 06/19  15:00:00,51.1695839003,0.0
 06/19  16:00:00,52.0544995134,0.0
 06/19  17:00:00,52.3855071129,0.0
 06/19  18:00:00,40.5466548358,0.0
 06/19  19:00:00,39.2310603573,0.0
 06/19  20:00:00,33.1481089633,0.0
 06/19  21:00:00,20.4634825157,0.0
 06/19  22:00:00,15.1069992076,0.0
 06/19  23:00:00,15.1069992076,0.0
 06/19  24:00:00,15.1069992076,0.0
 06/20  01:00:00,15.1069992076,0.0
 06/20  02:00:00,15.1069992076,0.0
 06/20  03:00:00,15.1069992076,0.0
 06/20  04:00:00,15.1069992076,0.0
 06/20  05:00:00,15.1069992076,0.0
 06/20  06:00:00,11.8532338046,88.2949666748
 06/20  07:00:00,19.1238837794,69.3963841297
 06/20  08:00:00,32.766346817,47.65128125060001
 06/20  09:00:00,49.1586237098,13.1847794852
 06/20  10:00:00,49.1586237098,0.205830699142
 06/20  11:00:00,49.1586237098,0.0
 06/20  12:00:00,49.3754941938,0.0
 06/20  13:00:00,51.434099414799995,0.0
 06/20  14:00:00,54.6172444206,0.0
 06/20  15:00:00,58.101150869899996,0.0
 06/20  16:00:00,59.0525497799,0.0
 06/20  17:00:00,58.1840409906,0.0
 06/20  18:00:00,44.7337698472,0.0
 06/20  19:00:00,42.9205981343,0.0
 06/20  20:00:00,36.3632060359,0.0
 06/20  21:00:00,20.4634825157,0.0
 06/20  22:00:00,15.1069992076,0.0
 06/20  23:00:00,15.1069992076,0.0
 06/20  24:00:00,15.1069992076,0.0
 06/21  01:00:00,15.1069992076,0.0
 06/21  02:00:00,15.1069992076,0.0
 06/21  03:00:00,15.1069992076,0.0
 06/21  04:00:00,15.1069992076,0.0
 06/21  05:00:00,15.1069992076,0.0
 06/21  06:00:00,11.8532338046,29.3240013134
 06/21  07:00:00,19.1238837794,17.6017251209
 06/21  08:00:00,32.766346817,2.37188614029
 06/21  09:00:00,49.1586237098,0.0
 06/21  10:00:00,49.1586237098,0.0
 06/21  11:00:00,52.182025128999996,0.0
 06/21  12:00:00,56.506697707600004,0.0
 06/21  13:00:00,59.5341378734,0.0
 06/21  14:00:00,62.646675899399995,0.0
 06/21  15:00:00,65.26083262819999,0.0
 06/21  16:00:00,65.2227269407,0.0
 06/21  17:00:00,60.927538172,0.0
 06/21  18:00:00,44.3384749165,0.0
 06/21  19:00:00,41.5438308969,0.0
 06/21  20:00:00,34.8399420526,0.0
 06/21  21:00:00,20.4634825157,0.0
 06/21  22:00:00,15.1069992076,0.0
 06/21  23:00:00,15.1069992076,0.0
 06/21  24:00:00,15.1069992076,0.0
 06/22  01:00:00,15.1069992076,0.0
 06/22  02:00:00,15.1069992076,0.0
 06/22  03:00:00,15.1069992076,0.0
 06/22  04:00:00,15.1069992076,0.0
 06/22  05:00:00,15.1069992076,0.0
 06/22  06:00:00,11.8532338046,25.8863364214
 06/22  07:00:00,19.1238837794,22.691159903200003
 06/22  08:00:00,32.766346817,14.5547266241
 06/22  09:00:00,49.1586237098,0.5819579035019999
 06/22  10:00:00,49.1586237098,0.0005056325168440001
 06/22  11:00:00,49.1586237098,0.0
 06/22  12:00:00,49.1586237098,0.0
 06/22  13:00:00,49.1586237098,0.0
 06/22  14:00:00,49.1586237098,0.0
 06/22  15:00:00,49.2184857086,0.0
 06/22  16:00:00,50.2882969742,0.0
 06/22  17:00:00,51.032651630299995,0.0
 06/22  18:00:00,37.8604278945,0.0
 06/22  19:00:00,37.3138344962,0.0
 06/22  20:00:00,32.766346817,0.0
 06/22  21:00:00,20.4634825157,0.0
 06/22  22:00:00,15.1069992076,0.0
 06/22  23:00:00,15.1069992076,0.0
 06/22  24:00:00,15.1069992076,0.0
 06/23  01:00:00,15.1069992076,0.0
 06/23  02:00:00,15.1069992076,0.0
 06/23  03:00:00,15.1069992076,0.0
 06/23  04:00:00,15.1069992076,0.0
 06/23  05:00:00,15.1069992076,0.0
 06/23  06:00:00,11.8532338046,74.10888223239999
 06/23  07:00:00,19.1238837794,51.6203144503
 06/23  08:00:00,32.766346817,30.368374168000003
 06/23  09:00:00,49.1586237098,3.0585480093
 06/23  10:00:00,49.1586237098,0.0
 06/23  11:00:00,49.1586237098,0.0
 06/23  12:00:00,49.770510075699995,0.0
 06/23  13:00:00,53.611592018100005,0.0
 06/23  14:00:00,56.6226032449,0.0
 06/23  15:00:00,59.9434217637,0.0
 06/23  16:00:00,61.0697588939,0.0
 06/23  17:00:00,61.3560142314,0.0
 06/23  18:00:00,48.962283496400005,0.0
 06/23  19:00:00,46.716236601800006,0.0
 06/23  20:00:00,39.47234179,0.0
 06/23  21:00:00,20.4634825157,0.0
 06/23  22:00:00,15.1069992076,0.0
 06/23  23:00:00,15.1069992076,0.0
 06/23  24:00:00,15.1069992076,0.0
 06/24  01:00:00,14.657580751600001,0.0
 06/24  02:00:00,14.657580751600001,0.0
 06/24  03:00:00,14.657580751600001,0.0
 06/24  04:00:00,14.657580751600001,0.0
 06/24  05:00:00,14.657580751600001,0.0
 06/24  06:00:00,11.403815348599998,35.0215110444
 06/24  07:00:00,14.5763961002,25.1347770867
 06/24  08:00:00,23.671371458600003,11.4957613513
 06/24  09:00:00,37.3138344962,0.00119506727952
 06/24  10:00:00,49.1586237098,0.0
 06/24  11:00:00,50.4064832029,0.0
 06/24  12:00:00,55.9289078316,0.0
 06/24  13:00:00,59.7431406392,0.0
 06/24  14:00:00,62.5563233212,0.0
 06/24  15:00:00,65.4218857591,0.0
 06/24  16:00:00,67.4412904188,0.0
 06/24  17:00:00,67.2710409134,0.0
 06/24  18:00:00,47.0853021989,0.0
 06/24  19:00:00,35.8361723091,0.0
 06/24  20:00:00,32.6065004812,0.0
 06/24  21:00:00,27.8709526479,0.0
 06/24  22:00:00,14.657580751600001,0.0
 06/24  23:00:00,14.657580751600001,0.0
 06/24  24:00:00,14.657580751600001,0.0
 06/25  01:00:00,14.657580751600001,0.0
 06/25  02:00:00,14.657580751600001,0.0
 06/25  03:00:00,14.657580751600001,0.0
 06/25  04:00:00,14.657580751600001,0.0
 06/25  05:00:00,14.657580751600001,0.0
 06/25  06:00:00,3.1725807516000004,0.0
 06/25  07:00:00,3.1725807516000004,0.0
 06/25  08:00:00,14.5763961002,5.08990254419
 06/25  09:00:00,14.5763961002,0.0
 06/25  10:00:00,28.218859137800003,0.0
 06/25  11:00:00,28.938319204299997,0.0
 06/25  12:00:00,44.8006347568,0.0
 06/25  13:00:00,49.3710654805,0.0
 06/25  14:00:00,52.366190035200006,0.0
 06/25  15:00:00,55.202704152200006,0.0
 06/25  16:00:00,57.307962117200006,0.0
 06/25  17:00:00,48.8412586305,0.0
 06/25  18:00:00,38.579284781700004,0.0
 06/25  19:00:00,3.1725807516000004,0.0
 06/25  20:00:00,3.1725807516000004,0.0
 06/25  21:00:00,12.7434140849,0.0
 06/25  22:00:00,14.657580751600001,0.0
 06/25  23:00:00,14.657580751600001,0.0
 06/25  24:00:00,14.657580751600001,0.0
 06/26  01:00:00,15.1069992076,0.0
 06/26  02:00:00,15.1069992076,0.0
 06/26  03:00:00,15.1069992076,0.0
 06/26  04:00:00,15.1069992076,0.0
 06/26  05:00:00,15.1069992076,0.0
 06/26  06:00:00,11.8532338046,4.23186368029
 06/26  07:00:00,19.1238837794,2.22568494618
 06/26  08:00:00,32.766346817,4.44987408571e-06
 06/26  09:00:00,49.1586237098,0.0
 06/26  10:00:00,51.0552010401,0.0
 06/26  11:00:00,57.9733309459,0.0
 06/26  12:00:00,64.59263996920001,0.0
 06/26  13:00:00,69.7181285883,0.0
 06/26  14:00:00,72.4698652217,0.0
 06/26  15:00:00,74.7162892722,0.0
 06/26  16:00:00,74.08281400989999,0.0
 06/26  17:00:00,70.7189605162,0.0
 06/26  18:00:00,53.7101196824,0.0
 06/26  19:00:00,49.434121231899994,0.0
 06/26  20:00:00,42.5278847746,0.0
 06/26  21:00:00,20.4634825157,0.0
 06/26  22:00:00,15.1069992076,0.0
 06/26  23:00:00,15.1069992076,0.0
 06/26  24:00:00,15.1069992076,0.0
 06/27  01:00:00,15.1069992076,0.0
 06/27  02:00:00,15.1069992076,0.0
 06/27  03:00:00,15.1069992076,0.0
 06/27  04:00:00,15.1069992076,0.0
 06/27  05:00:00,15.1069992076,0.0
 06/27  06:00:00,11.8532338046,11.9520178557
 06/27  07:00:00,19.1238837794,6.57724797582
 06/27  08:00:00,32.766346817,1.78882488438e-06
 06/27  09:00:00,49.1586237098,0.0
 06/27  10:00:00,50.7575369391,0.0
 06/27  11:00:00,57.09463537560001,0.0
 06/27  12:00:00,62.4252478467,0.0
 06/27  13:00:00,66.6393582799,0.0
 06/27  14:00:00,70.9541954364,0.0
 06/27  15:00:00,74.1974973199,0.0
 06/27  16:00:00,69.3323640147,0.0
 06/27  17:00:00,64.8331187472,0.0
 06/27  18:00:00,52.0687051784,0.0
 06/27  19:00:00,51.7710599996,0.0
 06/27  20:00:00,44.4773909325,0.0
 06/27  21:00:00,20.4634825157,0.0
 06/27  22:00:00,15.1069992076,0.0
 06/27  23:00:00,15.1069992076,0.0
 06/27  24:00:00,15.1069992076,0.0
 06/28  01:00:00,15.1069992076,0.0
 06/28  02:00:00,15.1069992076,0.0
 06/28  03:00:00,15.1069992076,0.0
 06/28  04:00:00,15.1069992076,0.0
 06/28  05:00:00,15.1069992076,0.0
 06/28  06:00:00,11.8532338046,15.192430891199999
 06/28  07:00:00,19.1238837794,10.9574080546
 06/28  08:00:00,32.766346817,0.7911833239939999
 06/28  09:00:00,49.1586237098,0.0
 06/28  10:00:00,49.1586237098,0.0
 06/28  11:00:00,51.740960702299994,0.0
 06/28  12:00:00,57.25754393850001,0.0
 06/28  13:00:00,60.717479124300006,0.0
 06/28  14:00:00,63.3704566572,0.0
 06/28  15:00:00,65.5418819561,0.0
 06/28  16:00:00,65.3246915529,0.0
 06/28  17:00:00,64.78037723199999,0.0
 06/28  18:00:00,52.0239094066,0.0
 06/28  19:00:00,50.64370463979999,0.0
 06/28  20:00:00,42.5285453066,0.0
 06/28  21:00:00,20.4634825157,0.0
 06/28  22:00:00,15.1069992076,0.0
 06/28  23:00:00,15.1069992076,0.0
 06/28  24:00:00,15.1069992076,0.0
 06/29  01:00:00,15.1069992076,0.0
 06/29  02:00:00,15.1069992076,0.0
 06/29  03:00:00,15.1069992076,0.0
 06/29  04:00:00,15.1069992076,0.0
 06/29  05:00:00,15.1069992076,0.0
 06/29  06:00:00,11.8532338046,0.0
 06/29  07:00:00,19.1238837794,0.183197563414
 06/29  08:00:00,32.766346817,0.0154411047188
 06/29  09:00:00,49.1586237098,0.0
 06/29  10:00:00,49.2934278029,0.0
 06/29  11:00:00,52.1337486766,0.0
 06/29  12:00:00,55.2928075074,0.0
 06/29  13:00:00,58.1290645134,0.0
 06/29  14:00:00,59.8189159203,0.0
 06/29  15:00:00,61.265564975,0.0
 06/29  16:00:00,61.7718761151,0.0
 06/29  17:00:00,61.5926555822,0.0
 06/29  18:00:00,49.177749598000005,0.0
 06/29  19:00:00,47.3342029087,0.0
 06/29  20:00:00,39.9805493518,0.0
 06/29  21:00:00,20.4634825157,0.0
 06/29  22:00:00,15.1069992076,0.0
 06/29  23:00:00,15.1069992076,0.0
 06/29  24:00:00,15.1069992076,0.0
 06/30  01:00:00,15.1069992076,0.0
 06/30  02:00:00,15.1069992076,0.0
 06/30  03:00:00,15.1069992076,0.0
 06/30  04:00:00,15.1069992076,0.0
 06/30  05:00:00,15.1069992076,0.0
 06/30  06:00:00,11.8532338046,35.2868369415
 06/30  07:00:00,19.1238837794,24.0850544792
 06/30  08:00:00,32.766346817,6.23221950491
 06/30  09:00:00,49.1586237098,0.0
 06/30  10:00:00,49.1823458168,0.0
 06/30  11:00:00,52.3096986775,0.0
 06/30  12:00:00,56.3680804197,0.0
 06/30  13:00:00,58.9767356106,0.0
 06/30  14:00:00,60.7366579044,0.0
 06/30  15:00:00,62.498800968000005,0.0
 06/30  16:00:00,63.03212967020001,0.0
 06/30  17:00:00,62.7134842651,0.0
 06/30  18:00:00,50.2802298404,0.0
 06/30  19:00:00,48.4365118372,0.0
 06/30  20:00:00,40.974565921,0.0
 06/30  21:00:00,20.4634825157,0.0
 06/30  22:00:00,15.1069992076,0.0
 06/30  23:00:00,15.1069992076,0.0
 06/30  24:00:00,15.1069992076,0.0
 07/01  01:00:00,14.657580751600001,0.0
 07/01  02:00:00,14.657580751600001,0.0
 07/01  03:00:00,14.657580751600001,0.0
 07/01  04:00:00,14.657580751600001,0.0
 07/01  05:00:00,14.657580751600001,0.0
 07/01  06:00:00,11.403815348599998,35.7486279224
 07/01  07:00:00,14.5763961002,25.076869116199997
 07/01  08:00:00,23.671371458600003,6.45345725055
 07/01  09:00:00,37.3138344962,0.0
 07/01  10:00:00,49.600947708,0.0
 07/01  11:00:00,56.089093837200004,0.0
 07/01  12:00:00,60.721177249300005,0.0
 07/01  13:00:00,62.9223624134,0.0
 07/01  14:00:00,64.5381981743,0.0
 07/01  15:00:00,66.81949277140001,0.0
 07/01  16:00:00,67.7218567889,0.0
 07/01  17:00:00,67.0238506804,0.0
 07/01  18:00:00,47.027063277299995,0.0
 07/01  19:00:00,35.3349947323,0.0
 07/01  20:00:00,32.500002272399996,0.0
 07/01  21:00:00,27.594623264099997,0.0
 07/01  22:00:00,14.657580751600001,0.0
 07/01  23:00:00,14.657580751600001,0.0
 07/01  24:00:00,14.657580751600001,0.0
 07/02  01:00:00,14.657580751600001,0.0
 07/02  02:00:00,14.657580751600001,0.0
 07/02  03:00:00,14.657580751600001,0.0
 07/02  04:00:00,14.657580751600001,0.0
 07/02  05:00:00,14.657580751600001,0.0
 07/02  06:00:00,3.1725807516000004,0.0
 07/02  07:00:00,3.1725807516000004,0.0
 07/02  08:00:00,14.5763961002,23.479876946999998
 07/02  09:00:00,14.5763961002,2.6926001448299997
 07/02  10:00:00,28.218859137800003,0.0
 07/02  11:00:00,28.265589012600003,0.0
 07/02  12:00:00,39.8623850242,0.0
 07/02  13:00:00,43.37499032229999,0.0
 07/02  14:00:00,45.717763198,0.0
 07/02  15:00:00,46.9291782922,0.0
 07/02  16:00:00,48.046901722799994,0.0
 07/02  17:00:00,38.3910983421,0.0
 07/02  18:00:00,28.217741148,0.0
 07/02  19:00:00,3.1725807516000004,0.0
 07/02  20:00:00,3.1725807516000004,0.0
 07/02  21:00:00,12.7434140849,0.0
 07/02  22:00:00,14.657580751600001,0.0
 07/02  23:00:00,14.657580751600001,0.0
 07/02  24:00:00,14.657580751600001,0.0
 07/03  01:00:00,15.1069992076,0.0
 07/03  02:00:00,15.1069992076,0.0
 07/03  03:00:00,15.1069992076,0.0
 07/03  04:00:00,15.1069992076,0.0
 07/03  05:00:00,15.1069992076,0.0
 07/03  06:00:00,11.8532338046,40.7217950514
 07/03  07:00:00,19.1238837794,30.212772109299998
 07/03  08:00:00,32.766346817,9.79189250867
 07/03  09:00:00,49.1586237098,0.0
 07/03  10:00:00,49.1885841535,0.0
 07/03  11:00:00,52.5431326923,0.0
 07/03  12:00:00,56.4761404111,0.0
 07/03  13:00:00,59.0426689442,0.0
 07/03  14:00:00,60.8695263486,0.0
 07/03  15:00:00,62.5677073962,0.0
 07/03  16:00:00,63.3611522877,0.0
 07/03  17:00:00,64.0954665715,0.0
 07/03  18:00:00,51.560018367299996,0.0
 07/03  19:00:00,49.217280218999996,0.0
 07/03  20:00:00,41.7443994961,0.0
 07/03  21:00:00,20.4634825157,0.0
 07/03  22:00:00,15.1069992076,0.0
 07/03  23:00:00,15.1069992076,0.0
 07/03  24:00:00,15.1069992076,0.0
 07/04  01:00:00,14.657580751600001,0.0
 07/04  02:00:00,14.657580751600001,0.0
 07/04  03:00:00,14.657580751600001,0.0
 07/04  04:00:00,14.657580751600001,0.0
 07/04  05:00:00,14.657580751600001,0.0
 07/04  06:00:00,3.1725807516000004,0.0
 07/04  07:00:00,3.1725807516000004,0.0
 07/04  08:00:00,14.5763961002,23.1063094123
 07/04  09:00:00,14.5763961002,2.0531786795599998
 07/04  10:00:00,28.218859137800003,0.0
 07/04  11:00:00,28.2995526361,0.0
 07/04  12:00:00,40.807269831999996,0.0
 07/04  13:00:00,44.81457596479999,0.0
 07/04  14:00:00,47.325951079300005,0.0
 07/04  15:00:00,48.563341696,0.0
 07/04  16:00:00,49.5987312505,0.0
 07/04  17:00:00,39.243908807,0.0
 07/04  18:00:00,28.4503161977,0.0
 07/04  19:00:00,3.1725807516000004,0.0
 07/04  20:00:00,3.1725807516000004,0.0
 07/04  21:00:00,12.7434140849,0.0
 07/04  22:00:00,14.657580751600001,0.0
 07/04  23:00:00,14.657580751600001,0.0
 07/04  24:00:00,14.657580751600001,0.0
 07/05  01:00:00,15.1069992076,0.0
 07/05  02:00:00,15.1069992076,0.0
 07/05  03:00:00,15.1069992076,0.0
 07/05  04:00:00,15.1069992076,0.0
 07/05  05:00:00,15.1069992076,0.0
 07/05  06:00:00,11.8532338046,37.892493346100004
 07/05  07:00:00,19.1238837794,27.123722922600003
 07/05  08:00:00,32.766346817,6.5443668950800005
 07/05  09:00:00,49.1586237098,0.0
 07/05  10:00:00,49.342293617799996,0.0
 07/05  11:00:00,54.0563595906,0.0
 07/05  12:00:00,57.8141085729,0.0
 07/05  13:00:00,60.5489452042,0.0
 07/05  14:00:00,63.3181205403,0.0
 07/05  15:00:00,65.6711744947,0.0
 07/05  16:00:00,66.401129341,0.0
 07/05  17:00:00,66.2996317761,0.0
 07/05  18:00:00,53.9254490533,0.0
 07/05  19:00:00,51.93576075359999,0.0
 07/05  20:00:00,44.30824609689999,0.0
 07/05  21:00:00,20.4634825157,0.0
 07/05  22:00:00,15.1069992076,0.0
 07/05  23:00:00,15.1069992076,0.0
 07/05  24:00:00,15.1069992076,0.0
 07/06  01:00:00,15.1069992076,0.0
 07/06  02:00:00,15.1069992076,0.0
 07/06  03:00:00,15.1069992076,0.0
 07/06  04:00:00,15.1069992076,0.0
 07/06  05:00:00,15.1069992076,0.0
 07/06  06:00:00,11.8532338046,23.654321548600002
 07/06  07:00:00,19.1238837794,16.3660413128
 07/06  08:00:00,32.766346817,0.9054302082600001
 07/06  09:00:00,49.1586237098,0.0
 07/06  10:00:00,49.38045827,0.0
 07/06  11:00:00,54.3268138507,0.0
 07/06  12:00:00,59.055341355799996,0.0
 07/06  13:00:00,62.3491305252,0.0
 07/06  14:00:00,65.2487192445,0.0
 07/06  15:00:00,68.5128461672,0.0
 07/06  16:00:00,69.112917244,0.0
 07/06  17:00:00,68.10469783890001,0.0
 07/06  18:00:00,54.9908977576,0.0
 07/06  19:00:00,52.7422036057,0.0
 07/06  20:00:00,45.0089410508,0.0
 07/06  21:00:00,20.4634825157,0.0
 07/06  22:00:00,15.1069992076,0.0
 07/06  23:00:00,15.1069992076,0.0
 07/06  24:00:00,15.1069992076,0.0
 07/07  01:00:00,15.1069992076,0.0
 07/07  02:00:00,15.1069992076,0.0
 07/07  03:00:00,15.1069992076,0.0
 07/07  04:00:00,15.1069992076,0.0
 07/07  05:00:00,15.1069992076,0.0
 07/07  06:00:00,11.8532338046,29.552820256700002
 07/07  07:00:00,19.1238837794,15.3493804767
 07/07  08:00:00,32.766346817,0.231409683148
 07/07  09:00:00,49.1586237098,0.0
 07/07  10:00:00,49.720200258999995,0.0
 07/07  11:00:00,55.4885171422,0.0
 07/07  12:00:00,60.0457324616,0.0
 07/07  13:00:00,63.674788105699996,0.0
 07/07  14:00:00,65.9856269971,0.0
 07/07  15:00:00,68.5755181177,0.0
 07/07  16:00:00,69.9610306325,0.0
 07/07  17:00:00,69.9566129612,0.0
 07/07  18:00:00,57.6080219931,0.0
 07/07  19:00:00,56.3700559934,0.0
 07/07  20:00:00,48.0988937758,0.0
 07/07  21:00:00,20.4634825157,0.0
 07/07  22:00:00,15.1069992076,0.0
 07/07  23:00:00,15.1069992076,0.0
 07/07  24:00:00,15.1069992076,0.0
 07/08  01:00:00,14.657580751600001,0.0
 07/08  02:00:00,14.657580751600001,0.0
 07/08  03:00:00,14.657580751600001,0.0
 07/08  04:00:00,14.657580751600001,0.0
 07/08  05:00:00,14.657580751600001,0.0
 07/08  06:00:00,11.403815348599998,25.028657491
 07/08  07:00:00,14.5763961002,12.573961136
 07/08  08:00:00,23.671371458600003,7.996886271699999e-05
 07/08  09:00:00,37.3138344962,0.0
 07/08  10:00:00,49.29606805979999,0.0
 07/08  11:00:00,52.2161071701,0.0
 07/08  12:00:00,56.0160095248,0.0
 07/08  13:00:00,58.3248416363,0.0
 07/08  14:00:00,60.0827833555,0.0
 07/08  15:00:00,61.678955462299996,0.0
 07/08  16:00:00,62.6891284179,0.0
 07/08  17:00:00,62.395221608,0.0
 07/08  18:00:00,43.152138516899996,0.0
 07/08  19:00:00,32.139709076,0.0
 07/08  20:00:00,30.162158931700002,0.0
 07/08  21:00:00,26.5515040519,0.0
 07/08  22:00:00,14.657580751600001,0.0
 07/08  23:00:00,14.657580751600001,0.0
 07/08  24:00:00,14.657580751600001,0.0
 07/09  01:00:00,14.657580751600001,0.0
 07/09  02:00:00,14.657580751600001,0.0
 07/09  03:00:00,14.657580751600001,0.0
 07/09  04:00:00,14.657580751600001,0.0
 07/09  05:00:00,14.657580751600001,0.0
 07/09  06:00:00,3.1725807516000004,0.0
 07/09  07:00:00,3.1725807516000004,0.0
 07/09  08:00:00,14.5763961002,19.282083078699998
 07/09  09:00:00,14.5763961002,0.625394718517
 07/09  10:00:00,28.218859137800003,0.0
 07/09  11:00:00,28.4726461431,0.0
 07/09  12:00:00,43.599128109300004,0.0
 07/09  13:00:00,47.9430126308,0.0
 07/09  14:00:00,50.0714345139,0.0
 07/09  15:00:00,52.2168139071,0.0
 07/09  16:00:00,54.8836107397,0.0
 07/09  17:00:00,46.5406329654,0.0
 07/09  18:00:00,35.4108245751,0.0
 07/09  19:00:00,3.1725807516000004,0.0
 07/09  20:00:00,3.1725807516000004,0.0
 07/09  21:00:00,12.7434140849,0.0
 07/09  22:00:00,14.657580751600001,0.0
 07/09  23:00:00,14.657580751600001,0.0
 07/09  24:00:00,14.657580751600001,0.0
 07/10  01:00:00,15.1069992076,0.0
 07/10  02:00:00,15.1069992076,0.0
 07/10  03:00:00,15.1069992076,0.0
 07/10  04:00:00,15.1069992076,0.0
 07/10  05:00:00,15.1069992076,0.0
 07/10  06:00:00,13.767400471300002,16.953703206
 07/10  07:00:00,19.1238837794,11.0161069087
 07/10  08:00:00,32.766346817,0.0433632437612
 07/10  09:00:00,49.1586237098,0.0
 07/10  10:00:00,51.0212078737,0.0
 07/10  11:00:00,58.1137903053,0.0
 07/10  12:00:00,63.9859299503,0.0
 07/10  13:00:00,68.37059719140001,0.0
 07/10  14:00:00,72.79170120399999,0.0
 07/10  15:00:00,77.42973112760001,0.0
 07/10  16:00:00,80.5710526734,0.0
 07/10  17:00:00,82.1771215811,0.0
 07/10  18:00:00,68.1471984232,0.0
 07/10  19:00:00,64.9509601379,0.0
 07/10  20:00:00,55.920583107,0.0
 07/10  21:00:00,20.4634825157,0.0
 07/10  22:00:00,15.1069992076,0.0
 07/10  23:00:00,15.1069992076,0.0
 07/10  24:00:00,15.1069992076,0.0
 07/11  01:00:00,15.1069992076,0.0
 07/11  02:00:00,15.1069992076,0.0
 07/11  03:00:00,15.1069992076,0.0
 07/11  04:00:00,15.1069992076,0.0
 07/11  05:00:00,15.1069992076,0.0
 07/11  06:00:00,13.767400471300002,0.023447703151599997
 07/11  07:00:00,19.1238837794,8.89817927937e-05
 07/11  08:00:00,32.766346817,0.0
 07/11  09:00:00,50.174400535299995,0.0
 07/11  10:00:00,55.3290667237,0.0
 07/11  11:00:00,60.9808173193,0.0
 07/11  12:00:00,67.5033813279,0.0
 07/11  13:00:00,72.1267731189,0.0
 07/11  14:00:00,75.9217410638,0.0
 07/11  15:00:00,79.34335107609999,0.0
 07/11  16:00:00,79.0493479279,0.0
 07/11  17:00:00,78.3260499337,0.0
 07/11  18:00:00,65.8383266224,0.0
 07/11  19:00:00,63.447622496499996,0.0
 07/11  20:00:00,53.8830009627,0.0
 07/11  21:00:00,20.4634825157,0.0
 07/11  22:00:00,15.1069992076,0.0
 07/11  23:00:00,15.1069992076,0.0
 07/11  24:00:00,15.1069992076,0.0
 07/12  01:00:00,15.1069992076,0.0
 07/12  02:00:00,15.1069992076,0.0
 07/12  03:00:00,15.1069992076,0.0
 07/12  04:00:00,15.1069992076,0.0
 07/12  05:00:00,15.1069992076,0.0
 07/12  06:00:00,13.767400471300002,0.396888908251
 07/12  07:00:00,19.1238837794,0.0
 07/12  08:00:00,32.766346817,0.0
 07/12  09:00:00,49.6329299283,0.0
 07/12  10:00:00,54.7014164445,0.0
 07/12  11:00:00,61.60988298149999,0.0
 07/12  12:00:00,67.0147126922,0.0
 07/12  13:00:00,72.010352911,0.0
 07/12  14:00:00,74.2519663999,0.0
 07/12  15:00:00,76.57592174210001,0.0
 07/12  16:00:00,78.17937392420001,0.0
 07/12  17:00:00,78.0090114941,0.0
 07/12  18:00:00,64.2828515739,0.0
 07/12  19:00:00,61.19847295,0.0
 07/12  20:00:00,53.6377156996,0.0
 07/12  21:00:00,20.4634825157,0.0
 07/12  22:00:00,15.1069992076,0.0
 07/12  23:00:00,15.1069992076,0.0
 07/12  24:00:00,15.1069992076,0.0
 07/13  01:00:00,15.1069992076,0.0
 07/13  02:00:00,15.1069992076,0.0
 07/13  03:00:00,15.1069992076,0.0
 07/13  04:00:00,15.1069992076,0.0
 07/13  05:00:00,15.1069992076,0.0
 07/13  06:00:00,13.767400471300002,4.3943293057
 07/13  07:00:00,19.1238837794,0.5313734118819999
 07/13  08:00:00,32.766346817,0.0
 07/13  09:00:00,49.341246230799996,0.0
 07/13  10:00:00,53.4620818291,0.0
 07/13  11:00:00,58.5606050034,0.0
 07/13  12:00:00,61.6657906439,0.0
 07/13  13:00:00,63.697843094700005,0.0
 07/13  14:00:00,65.9265587783,0.0
 07/13  15:00:00,68.1192934784,0.0
 07/13  16:00:00,68.6750512719,0.0
 07/13  17:00:00,68.48166440189999,0.0
 07/13  18:00:00,55.9093996265,0.0
 07/13  19:00:00,53.8516734933,0.0
 07/13  20:00:00,46.0301922003,0.0
 07/13  21:00:00,20.4634825157,0.0
 07/13  22:00:00,15.1069992076,0.0
 07/13  23:00:00,15.1069992076,0.0
 07/13  24:00:00,15.1069992076,0.0
 07/14  01:00:00,15.1069992076,0.0
 07/14  02:00:00,15.1069992076,0.0
 07/14  03:00:00,15.1069992076,0.0
 07/14  04:00:00,15.1069992076,0.0
 07/14  05:00:00,15.1069992076,0.0
 07/14  06:00:00,13.767400471300002,15.4073718088
 07/14  07:00:00,19.1238837794,10.3628653084
 07/14  08:00:00,32.766346817,0.0114074256363
 07/14  09:00:00,49.1586237098,0.0
 07/14  10:00:00,50.0193796982,0.0
 07/14  11:00:00,55.8109532726,0.0
 07/14  12:00:00,61.2864245288,0.0
 07/14  13:00:00,64.5268611244,0.0
 07/14  14:00:00,66.0942417608,0.0
 07/14  15:00:00,68.6881708489,0.0
 07/14  16:00:00,69.98819709840001,0.0
 07/14  17:00:00,69.9685065506,0.0
 07/14  18:00:00,56.7522236107,0.0
 07/14  19:00:00,54.1795816565,0.0
 07/14  20:00:00,47.0468375863,0.0
 07/14  21:00:00,20.4634825157,0.0
 07/14  22:00:00,15.1069992076,0.0
 07/14  23:00:00,15.1069992076,0.0
 07/14  24:00:00,15.1069992076,0.0
 07/15  01:00:00,14.657580751600001,0.0
 07/15  02:00:00,14.657580751600001,0.0
 07/15  03:00:00,14.657580751600001,0.0
 07/15  04:00:00,14.657580751600001,0.0
 07/15  05:00:00,14.657580751600001,0.0
 07/15  06:00:00,13.3179820153,0.581240906453
 07/15  07:00:00,14.5763961002,0.0465078397387
 07/15  08:00:00,23.671371458600003,0.0
 07/15  09:00:00,37.3336564707,0.0
 07/15  10:00:00,53.430242290699994,0.0
 07/15  11:00:00,60.2599312321,0.0
 07/15  12:00:00,65.1986904318,0.0
 07/15  13:00:00,69.2127455997,0.0
 07/15  14:00:00,72.86885739979999,0.0
 07/15  15:00:00,76.1004592321,0.0
 07/15  16:00:00,78.24970737,0.0
 07/15  17:00:00,78.285452078,0.0
 07/15  18:00:00,57.7658930674,0.0
 07/15  19:00:00,45.6606965433,0.0
 07/15  20:00:00,42.968155225299995,0.0
 07/15  21:00:00,34.252792787,0.0
 07/15  22:00:00,14.657580751600001,0.0
 07/15  23:00:00,14.657580751600001,0.0
 07/15  24:00:00,14.657580751600001,0.0
 07/16  01:00:00,14.657580751600001,0.0
 07/16  02:00:00,14.657580751600001,0.0
 07/16  03:00:00,14.657580751600001,0.0
 07/16  04:00:00,14.657580751600001,0.0
 07/16  05:00:00,14.657580751600001,0.0
 07/16  06:00:00,5.08674741827,0.0
 07/16  07:00:00,3.1725807516000004,0.0
 07/16  08:00:00,14.5763961002,0.0
 07/16  09:00:00,14.5763961002,0.0
 07/16  10:00:00,28.8002225902,0.0
 07/16  11:00:00,34.0791815142,0.0
 07/16  12:00:00,50.5714185058,0.0
 07/16  13:00:00,54.983889046099996,0.0
 07/16  14:00:00,58.3422911866,0.0
 07/16  15:00:00,60.6986376746,0.0
 07/16  16:00:00,61.2794756653,0.0
 07/16  17:00:00,51.959443653,0.0
 07/16  18:00:00,39.3070043141,0.0
 07/16  19:00:00,3.1725807516000004,0.0
 07/16  20:00:00,3.1725807516000004,0.0
 07/16  21:00:00,12.7434140849,0.0
 07/16  22:00:00,14.657580751600001,0.0
 07/16  23:00:00,14.657580751600001,0.0
 07/16  24:00:00,14.657580751600001,0.0
 07/17  01:00:00,15.1069992076,0.0
 07/17  02:00:00,15.1069992076,0.0
 07/17  03:00:00,15.1069992076,0.0
 07/17  04:00:00,15.1069992076,0.0
 07/17  05:00:00,15.1069992076,0.0
 07/17  06:00:00,13.767400471300002,0.0
 07/17  07:00:00,19.1238837794,0.0
 07/17  08:00:00,32.766346817,0.0
 07/17  09:00:00,49.7318766518,0.0
 07/17  10:00:00,54.348320486599995,0.0
 07/17  11:00:00,61.1901142694,0.0
 07/17  12:00:00,67.1397297318,0.0
 07/17  13:00:00,71.3761261315,0.0
 07/17  14:00:00,75.0445830517,0.0
 07/17  15:00:00,79.0370094841,0.0
 07/17  16:00:00,81.4020280204,0.0
 07/17  17:00:00,81.2479505485,0.0
 07/17  18:00:00,66.7981676503,0.0
 07/17  19:00:00,63.683713088100006,0.0
 07/17  20:00:00,54.17441277020001,0.0
 07/17  21:00:00,20.4634825157,0.0
 07/17  22:00:00,15.1069992076,0.0
 07/17  23:00:00,15.1069992076,0.0
 07/17  24:00:00,15.1069992076,0.0
 07/18  01:00:00,15.1069992076,0.0
 07/18  02:00:00,15.1069992076,0.0
 07/18  03:00:00,15.1069992076,0.0
 07/18  04:00:00,15.1069992076,0.0
 07/18  05:00:00,15.1069992076,0.0
 07/18  06:00:00,13.767400471300002,0.0
 07/18  07:00:00,19.1238837794,0.0
 07/18  08:00:00,32.766346817,0.0
 07/18  09:00:00,50.8376695377,0.0
 07/18  10:00:00,56.410382977299996,0.0
 07/18  11:00:00,63.3049611284,0.0
 07/18  12:00:00,68.90255226229999,0.0
 07/18  13:00:00,75.17281067649999,0.0
 07/18  14:00:00,79.2322617626,0.0
 07/18  15:00:00,82.0826024084,0.0
 07/18  16:00:00,81.7714054363,0.0
 07/18  17:00:00,79.3895241715,0.0
 07/18  18:00:00,63.571686828900006,0.0
 07/18  19:00:00,59.38171513859999,0.0
 07/18  20:00:00,51.8397592047,0.0
 07/18  21:00:00,22.3776491824,0.0
 07/18  22:00:00,15.1069992076,0.0
 07/18  23:00:00,15.1069992076,0.0
 07/18  24:00:00,15.1069992076,0.0
 07/19  01:00:00,15.1069992076,0.0
 07/19  02:00:00,15.1069992076,0.0
 07/19  03:00:00,15.1069992076,0.0
 07/19  04:00:00,15.1069992076,0.0
 07/19  05:00:00,15.1069992076,0.0
 07/19  06:00:00,13.767400471300002,0.0
 07/19  07:00:00,19.1238837794,0.0
 07/19  08:00:00,32.9802745835,0.0
 07/19  09:00:00,53.9056836481,0.0
 07/19  10:00:00,57.624569006,0.0
 07/19  11:00:00,63.3457230721,0.0
 07/19  12:00:00,66.450896615,0.0
 07/19  13:00:00,67.5221741231,0.0
 07/19  14:00:00,70.1468042931,0.0
 07/19  15:00:00,73.5089096746,0.0
 07/19  16:00:00,76.69870553770001,0.0
 07/19  17:00:00,77.2637978974,0.0
 07/19  18:00:00,63.2850701191,0.0
 07/19  19:00:00,60.530399215500005,0.0
 07/19  20:00:00,51.4802617364,0.0
 07/19  21:00:00,22.3776491824,0.0
 07/19  22:00:00,15.1069992076,0.0
 07/19  23:00:00,15.1069992076,0.0
 07/19  24:00:00,15.1069992076,0.0
 07/20  01:00:00,15.1069992076,0.0
 07/20  02:00:00,15.1069992076,0.0
 07/20  03:00:00,15.1069992076,0.0
 07/20  04:00:00,15.1069992076,0.0
 07/20  05:00:00,15.1069992076,0.0
 07/20  06:00:00,13.767400471300002,0.0
 07/20  07:00:00,19.1238837794,0.0
 07/20  08:00:00,32.766346817,0.0
 07/20  09:00:00,52.6726149841,0.0
 07/20  10:00:00,57.6652509665,0.0
 07/20  11:00:00,63.5540253291,0.0
 07/20  12:00:00,70.11723017930001,0.0
 07/20  13:00:00,75.9976219758,0.0
 07/20  14:00:00,80.2513799556,0.0
 07/20  15:00:00,80.751716265,0.0
 07/20  16:00:00,80.9147606815,0.0
 07/20  17:00:00,81.60186491270001,0.0
 07/20  18:00:00,69.0759216955,0.0
 07/20  19:00:00,66.7597469282,0.0
 07/20  20:00:00,56.118718341400005,0.0
 07/20  21:00:00,22.3776491824,0.0
 07/20  22:00:00,15.1069992076,0.0
 07/20  23:00:00,15.1069992076,0.0
 07/20  24:00:00,15.1069992076,0.0
 07/21  01:00:00,15.1069992076,0.0
 07/21  02:00:00,15.1069992076,0.0
 07/21  03:00:00,15.1069992076,0.0
 07/21  04:00:00,15.1069992076,0.0
 07/21  05:00:00,15.1069992076,0.0
 07/21  06:00:00,13.767400471300002,0.0
 07/21  07:00:00,19.1238837794,0.0
 07/21  08:00:00,32.766346817,0.0
 07/21  09:00:00,52.791569742600004,0.0
 07/21  10:00:00,58.1033758068,0.0
 07/21  11:00:00,64.3110253218,0.0
 07/21  12:00:00,68.4711209216,0.0
 07/21  13:00:00,72.66867230449999,0.0
 07/21  14:00:00,76.5010321155,0.0
 07/21  15:00:00,81.065291039,0.0
 07/21  16:00:00,82.8838233827,0.0
 07/21  17:00:00,82.85703006109999,0.0
 07/21  18:00:00,70.8475823725,0.0
 07/21  19:00:00,67.9080823184,0.0
 07/21  20:00:00,57.3277377166,0.0
 07/21  21:00:00,22.3776491824,0.0
 07/21  22:00:00,15.1069992076,0.0
 07/21  23:00:00,15.1069992076,0.0
 07/21  24:00:00,15.1069992076,0.0
 07/22  01:00:00,14.657580751600001,0.0
 07/22  02:00:00,14.657580751600001,0.0
 07/22  03:00:00,14.657580751600001,0.0
 07/22  04:00:00,14.657580751600001,0.0
 07/22  05:00:00,14.657580751600001,0.0
 07/22  06:00:00,15.2321486819,0.0
 07/22  07:00:00,14.5763961002,0.0
 07/22  08:00:00,23.671371458600003,0.0
 07/22  09:00:00,40.1261978256,0.0
 07/22  10:00:00,58.9737252025,0.0
 07/22  11:00:00,63.8843947668,0.0
 07/22  12:00:00,70.3472329018,0.0
 07/22  13:00:00,75.86874081970001,0.0
 07/22  14:00:00,80.5377118194,0.0
 07/22  15:00:00,82.1382019363,0.0
 07/22  16:00:00,82.581655887,0.0
 07/22  17:00:00,82.93827670479999,0.0
 07/22  18:00:00,60.893537521000006,0.0
 07/22  19:00:00,44.6971541754,0.0
 07/22  20:00:00,39.936991183800004,0.0
 07/22  21:00:00,36.7385521037,0.0
 07/22  22:00:00,14.657580751600001,0.0
 07/22  23:00:00,14.657580751600001,0.0
 07/22  24:00:00,14.657580751600001,0.0
 07/23  01:00:00,14.657580751600001,0.0
 07/23  02:00:00,14.657580751600001,0.0
 07/23  03:00:00,14.657580751600001,0.0
 07/23  04:00:00,14.657580751600001,0.0
 07/23  05:00:00,14.657580751600001,0.0
 07/23  06:00:00,7.000914084930001,0.0
 07/23  07:00:00,3.1725807516000004,0.0
 07/23  08:00:00,14.5763961002,0.0
 07/23  09:00:00,14.6311659999,0.0
 07/23  10:00:00,32.576430838200004,0.0
 07/23  11:00:00,37.440593555999996,0.0
 07/23  12:00:00,54.165251779799995,0.0
 07/23  13:00:00,58.699319161300004,0.0
 07/23  14:00:00,62.5395404266,0.0
 07/23  15:00:00,67.58501015680001,0.0
 07/23  16:00:00,69.253692812,0.0
 07/23  17:00:00,60.2302560079,0.0
 07/23  18:00:00,48.4591540758,0.0
 07/23  19:00:00,3.1725807516000004,0.0
 07/23  20:00:00,3.1725807516000004,0.0
 07/23  21:00:00,14.657580751600001,0.0
 07/23  22:00:00,14.657580751600001,0.0
 07/23  23:00:00,14.657580751600001,0.0
 07/23  24:00:00,14.657580751600001,0.0
 07/24  01:00:00,15.1069992076,0.0
 07/24  02:00:00,15.1069992076,0.0
 07/24  03:00:00,15.1069992076,0.0
 07/24  04:00:00,15.1069992076,0.0
 07/24  05:00:00,15.1069992076,0.0
 07/24  06:00:00,15.6815671379,0.0
 07/24  07:00:00,19.1238837794,0.0
 07/24  08:00:00,32.8619454804,0.0
 07/24  09:00:00,53.2172236847,0.0
 07/24  10:00:00,58.2287496195,0.0
 07/24  11:00:00,64.2283444133,0.0
 07/24  12:00:00,65.5207499416,0.0
 07/24  13:00:00,65.518179437,0.0
 07/24  14:00:00,68.32698043229999,0.0
 07/24  15:00:00,72.246852928,0.0
 07/24  16:00:00,74.49746720569999,0.0
 07/24  17:00:00,73.1068095152,0.0
 07/24  18:00:00,59.2465884121,0.0
 07/24  19:00:00,55.9491018702,0.0
 07/24  20:00:00,47.3971667442,0.0
 07/24  21:00:00,22.3776491824,0.0
 07/24  22:00:00,15.1069992076,0.0
 07/24  23:00:00,15.1069992076,0.0
 07/24  24:00:00,15.1069992076,0.0
 07/25  01:00:00,15.1069992076,0.0
 07/25  02:00:00,15.1069992076,0.0
 07/25  03:00:00,15.1069992076,0.0
 07/25  04:00:00,15.1069992076,0.0
 07/25  05:00:00,15.1069992076,0.0
 07/25  06:00:00,15.6815671379,0.0
 07/25  07:00:00,19.1238837794,0.0
 07/25  08:00:00,32.766346817,0.0
 07/25  09:00:00,51.3647690688,0.0
 07/25  10:00:00,54.3018485106,0.0
 07/25  11:00:00,58.163618596000006,0.0
 07/25  12:00:00,63.1153875761,0.0
 07/25  13:00:00,66.5862091166,0.0
 07/25  14:00:00,69.2335871013,0.0
 07/25  15:00:00,70.48285113899999,0.0
 07/25  16:00:00,68.7202369746,0.0
 07/25  17:00:00,66.8701185958,0.0
 07/25  18:00:00,51.426490182200006,0.0
 07/25  19:00:00,46.2744303555,0.0
 07/25  20:00:00,38.2374211124,0.0
 07/25  21:00:00,22.3776491824,0.0
 07/25  22:00:00,15.1069992076,0.0
 07/25  23:00:00,15.1069992076,0.0
 07/25  24:00:00,15.1069992076,0.0
 07/26  01:00:00,15.1069992076,0.0
 07/26  02:00:00,15.1069992076,0.0
 07/26  03:00:00,15.1069992076,0.0
 07/26  04:00:00,15.1069992076,0.0
 07/26  05:00:00,15.1069992076,0.0
 07/26  06:00:00,15.6815671379,8.6890891142
 07/26  07:00:00,19.1238837794,4.160652242219999
 07/26  08:00:00,32.766346817,0.000549192424135
 07/26  09:00:00,49.1586237098,0.0
 07/26  10:00:00,49.1586237098,0.0
 07/26  11:00:00,49.1586237098,0.0
 07/26  12:00:00,49.302479291000004,0.0
 07/26  13:00:00,52.0147090426,0.0
 07/26  14:00:00,57.8021405475,0.0
 07/26  15:00:00,60.9796184002,0.0
 07/26  16:00:00,62.232892147600005,0.0
 07/26  17:00:00,62.990030985699995,0.0
 07/26  18:00:00,51.115867495799996,0.0
 07/26  19:00:00,49.806056786599996,0.0
 07/26  20:00:00,42.186868519,0.0
 07/26  21:00:00,22.3776491824,0.0
 07/26  22:00:00,15.1069992076,0.0
 07/26  23:00:00,15.1069992076,0.0
 07/26  24:00:00,15.1069992076,0.0
 07/27  01:00:00,15.1069992076,0.0
 07/27  02:00:00,15.1069992076,0.0
 07/27  03:00:00,15.1069992076,0.0
 07/27  04:00:00,15.1069992076,0.0
 07/27  05:00:00,15.1069992076,0.0
 07/27  06:00:00,15.6815671379,16.084986690999997
 07/27  07:00:00,19.1238837794,13.701248346400002
 07/27  08:00:00,32.766346817,0.7510130971179999
 07/27  09:00:00,49.1586237098,0.0
 07/27  10:00:00,49.306413937200006,0.0
 07/27  11:00:00,53.5244599551,0.0
 07/27  12:00:00,59.2275173692,0.0
 07/27  13:00:00,64.6728183332,0.0
 07/27  14:00:00,68.5510732788,0.0
 07/27  15:00:00,72.0492799842,0.0
 07/27  16:00:00,73.4506150104,0.0
 07/27  17:00:00,72.4504049081,0.0
 07/27  18:00:00,58.412921134799994,0.0
 07/27  19:00:00,55.1452903491,0.0
 07/27  20:00:00,46.5798901107,0.0
 07/27  21:00:00,22.3776491824,0.0
 07/27  22:00:00,15.1069992076,0.0
 07/27  23:00:00,15.1069992076,0.0
 07/27  24:00:00,15.1069992076,0.0
 07/28  01:00:00,15.1069992076,0.0
 07/28  02:00:00,15.1069992076,0.0
 07/28  03:00:00,15.1069992076,0.0
 07/28  04:00:00,15.1069992076,0.0
 07/28  05:00:00,15.1069992076,0.0
 07/28  06:00:00,15.6815671379,0.434849907782
 07/28  07:00:00,19.1238837794,0.0
 07/28  08:00:00,32.766346817,0.0
 07/28  09:00:00,49.2457559136,0.0
 07/28  10:00:00,53.0660614502,0.0
 07/28  11:00:00,58.4618437883,0.0
 07/28  12:00:00,63.198499453100005,0.0
 07/28  13:00:00,67.5272581904,0.0
 07/28  14:00:00,70.7466009386,0.0
 07/28  15:00:00,73.6669643094,0.0
 07/28  16:00:00,74.3927887229,0.0
 07/28  17:00:00,73.6249992897,0.0
 07/28  18:00:00,60.8559090547,0.0
 07/28  19:00:00,56.46206688,0.0
 07/28  20:00:00,47.1621619161,0.0
 07/28  21:00:00,22.3776491824,0.0
 07/28  22:00:00,15.1069992076,0.0
 07/28  23:00:00,15.1069992076,0.0
 07/28  24:00:00,15.1069992076,0.0
 07/29  01:00:00,14.657580751600001,0.0
 07/29  02:00:00,14.657580751600001,0.0
 07/29  03:00:00,14.657580751600001,0.0
 07/29  04:00:00,14.657580751600001,0.0
 07/29  05:00:00,14.657580751600001,0.0
 07/29  06:00:00,15.2321486819,0.0
 07/29  07:00:00,14.5763961002,0.0
 07/29  08:00:00,23.671371458600003,0.0
 07/29  09:00:00,38.9384199463,0.0
 07/29  10:00:00,57.0912656729,0.0
 07/29  11:00:00,62.209199256800005,0.0
 07/29  12:00:00,65.942209647,0.0
 07/29  13:00:00,69.4766634678,0.0
 07/29  14:00:00,73.6220583744,0.0
 07/29  15:00:00,76.2191658055,0.0
 07/29  16:00:00,75.4828552005,0.0
 07/29  17:00:00,73.2724298677,0.0
 07/29  18:00:00,52.9809064254,0.0
 07/29  19:00:00,42.292178840700004,0.0
 07/29  20:00:00,40.512209798200004,0.0
 07/29  21:00:00,34.401832674299996,0.0
 07/29  22:00:00,14.657580751600001,0.0
 07/29  23:00:00,14.657580751600001,0.0
 07/29  24:00:00,14.657580751600001,0.0
 07/30  01:00:00,14.657580751600001,0.0
 07/30  02:00:00,14.657580751600001,0.0
 07/30  03:00:00,14.657580751600001,0.0
 07/30  04:00:00,14.657580751600001,0.0
 07/30  05:00:00,14.657580751600001,0.0
 07/30  06:00:00,7.000914084930001,0.0
 07/30  07:00:00,3.1725807516000004,0.0
 07/30  08:00:00,14.5763961002,0.0
 07/30  09:00:00,14.5763961002,0.0
 07/30  10:00:00,29.3798041013,0.0
 07/30  11:00:00,35.4766494343,0.0
 07/30  12:00:00,51.501415808500006,0.0
 07/30  13:00:00,56.314020623400005,0.0
 07/30  14:00:00,61.5683813338,0.0
 07/30  15:00:00,63.817609553500006,0.0
 07/30  16:00:00,63.329311635500005,0.0
 07/30  17:00:00,53.9316921612,0.0
 07/30  18:00:00,43.2961672386,0.0
 07/30  19:00:00,3.1725807516000004,0.0
 07/30  20:00:00,5.08674741827,0.0
 07/30  21:00:00,14.657580751600001,0.0
 07/30  22:00:00,14.657580751600001,0.0
 07/30  23:00:00,14.657580751600001,0.0
 07/30  24:00:00,14.657580751600001,0.0
 07/31  01:00:00,15.1069992076,0.0
 07/31  02:00:00,15.1069992076,0.0
 07/31  03:00:00,15.1069992076,0.0
 07/31  04:00:00,15.1069992076,0.0
 07/31  05:00:00,15.1069992076,0.0
 07/31  06:00:00,15.6815671379,0.0538317989301
 07/31  07:00:00,19.1238837794,2.94211266346e-06
 07/31  08:00:00,32.766346817,0.0
 07/31  09:00:00,49.397551261800004,0.0
 07/31  10:00:00,54.807753014700005,0.0
 07/31  11:00:00,61.7761957965,0.0
 07/31  12:00:00,67.7499942606,0.0
 07/31  13:00:00,73.7284227489,0.0
 07/31  14:00:00,76.96794547489999,0.0
 07/31  15:00:00,78.9524917441,0.0
 07/31  16:00:00,78.6213063204,0.0
 07/31  17:00:00,77.8185124094,0.0
 07/31  18:00:00,65.2537845633,0.0
 07/31  19:00:00,61.898645952399995,0.0
 07/31  20:00:00,53.1726306374,0.0
 07/31  21:00:00,22.3776491824,0.0
 07/31  22:00:00,15.1069992076,0.0
 07/31  23:00:00,15.1069992076,0.0
 07/31  24:00:00,15.1069992076,0.0
 08/01  01:00:00,15.1069992076,0.0
 08/01  02:00:00,15.1069992076,0.0
 08/01  03:00:00,15.1069992076,0.0
 08/01  04:00:00,15.1069992076,0.0
 08/01  05:00:00,15.1069992076,0.0
 08/01  06:00:00,17.595733804600002,46.8812664676
 08/01  07:00:00,19.1238837794,42.4881125749
 08/01  08:00:00,32.766346817,24.1892530829
 08/01  09:00:00,49.1586237098,0.331198444951
 08/01  10:00:00,49.1586237098,0.0
 08/01  11:00:00,49.8701459476,0.0
 08/01  12:00:00,54.9100324917,0.0
 08/01  13:00:00,59.3999284709,0.0
 08/01  14:00:00,62.739910162600005,0.0
 08/01  15:00:00,66.0380176225,0.0
 08/01  16:00:00,68.1921658529,0.0
 08/01  17:00:00,68.7165225311,0.0
 08/01  18:00:00,54.68547460520001,0.0
 08/01  19:00:00,51.5611866158,0.0
 08/01  20:00:00,45.251619571099994,0.0
 08/01  21:00:00,22.3776491824,0.0
 08/01  22:00:00,15.1069992076,0.0
 08/01  23:00:00,15.1069992076,0.0
 08/01  24:00:00,15.1069992076,0.0
 08/02  01:00:00,15.1069992076,0.0
 08/02  02:00:00,15.1069992076,0.0
 08/02  03:00:00,15.1069992076,0.0
 08/02  04:00:00,15.1069992076,0.0
 08/02  05:00:00,15.1069992076,0.0
 08/02  06:00:00,17.595733804600002,12.6882122782
 08/02  07:00:00,19.1238837794,13.9197629981
 08/02  08:00:00,32.766346817,1.07292365391
 08/02  09:00:00,49.1586237098,0.0
 08/02  10:00:00,49.9668510195,0.0
 08/02  11:00:00,56.2728928862,0.0
 08/02  12:00:00,61.571228541,0.0
 08/02  13:00:00,66.13717728399999,0.0
 08/02  14:00:00,69.905964572,0.0
 08/02  15:00:00,73.45223823010001,0.0
 08/02  16:00:00,73.9099343959,0.0
 08/02  17:00:00,74.1514421551,0.0
 08/02  18:00:00,61.3141039076,0.0
 08/02  19:00:00,58.4381173879,0.0
 08/02  20:00:00,50.64224279,0.0
 08/02  21:00:00,22.3776491824,0.0
 08/02  22:00:00,15.1069992076,0.0
 08/02  23:00:00,15.1069992076,0.0
 08/02  24:00:00,15.1069992076,0.0
 08/03  01:00:00,15.1069992076,0.0
 08/03  02:00:00,15.1069992076,0.0
 08/03  03:00:00,15.1069992076,0.0
 08/03  04:00:00,15.1069992076,0.0
 08/03  05:00:00,15.1069992076,0.0
 08/03  06:00:00,17.595733804600002,1.8804149419599998
 08/03  07:00:00,19.1238837794,0.40974033408699995
 08/03  08:00:00,32.766346817,0.0
 08/03  09:00:00,49.1586237098,0.0
 08/03  10:00:00,50.1411932795,0.0
 08/03  11:00:00,56.3777667592,0.0
 08/03  12:00:00,60.032165111000005,0.0
 08/03  13:00:00,59.458296659700004,0.0
 08/03  14:00:00,59.986143555299996,0.0
 08/03  15:00:00,62.254116484899995,0.0
 08/03  16:00:00,63.285203079700004,0.0
 08/03  17:00:00,63.6770347487,0.0
 08/03  18:00:00,50.6090983721,0.0
 08/03  19:00:00,49.071729375100006,0.0
 08/03  20:00:00,44.243581133599996,0.0
 08/03  21:00:00,22.3776491824,0.0
 08/03  22:00:00,15.1069992076,0.0
 08/03  23:00:00,15.1069992076,0.0
 08/03  24:00:00,15.1069992076,0.0
 08/04  01:00:00,15.1069992076,0.0
 08/04  02:00:00,15.1069992076,0.0
 08/04  03:00:00,15.1069992076,0.0
 08/04  04:00:00,15.1069992076,0.0
 08/04  05:00:00,15.1069992076,0.0
 08/04  06:00:00,17.595733804600002,4.89112556009
 08/04  07:00:00,19.1238837794,1.7930250444
 08/04  08:00:00,32.766346817,7.5875757553e-05
 08/04  09:00:00,49.1586237098,0.0
 08/04  10:00:00,50.4057064722,0.0
 08/04  11:00:00,55.8836433122,0.0
 08/04  12:00:00,58.608170038199994,0.0
 08/04  13:00:00,61.6192252755,0.0
 08/04  14:00:00,63.951338372399995,0.0
 08/04  15:00:00,66.33074722010001,0.0
 08/04  16:00:00,65.9897299581,0.0
 08/04  17:00:00,65.5161813817,0.0
 08/04  18:00:00,52.760912874300004,0.0
 08/04  19:00:00,50.3460576729,0.0
 08/04  20:00:00,44.76233706,0.0
 08/04  21:00:00,22.3776491824,0.0
 08/04  22:00:00,15.1069992076,0.0
 08/04  23:00:00,15.1069992076,0.0
 08/04  24:00:00,15.1069992076,0.0
 08/05  01:00:00,14.657580751600001,0.0
 08/05  02:00:00,14.657580751600001,0.0
 08/05  03:00:00,14.657580751600001,0.0
 08/05  04:00:00,14.657580751600001,0.0
 08/05  05:00:00,14.657580751600001,0.0
 08/05  06:00:00,17.146315348599998,30.0985546488
 08/05  07:00:00,14.5763961002,26.9612769517
 08/05  08:00:00,23.671371458600003,11.918595545899999
 08/05  09:00:00,37.3138344962,0.0
 08/05  10:00:00,49.1938437416,0.0
 08/05  11:00:00,53.4486697472,0.0
 08/05  12:00:00,58.632994188000005,0.0
 08/05  13:00:00,62.7932989233,0.0
 08/05  14:00:00,66.175160436,0.0
 08/05  15:00:00,69.0391560125,0.0
 08/05  16:00:00,70.9792740157,0.0
 08/05  17:00:00,71.0801566875,0.0
 08/05  18:00:00,51.6653899404,0.0
 08/05  19:00:00,40.3842100297,0.0
 08/05  20:00:00,37.6626100094,0.0
 08/05  21:00:00,31.376540679699996,0.0
 08/05  22:00:00,14.657580751600001,0.0
 08/05  23:00:00,14.657580751600001,0.0
 08/05  24:00:00,14.657580751600001,0.0
 08/06  01:00:00,14.657580751600001,0.0
 08/06  02:00:00,14.657580751600001,0.0
 08/06  03:00:00,14.657580751600001,0.0
 08/06  04:00:00,14.657580751600001,0.0
 08/06  05:00:00,14.657580751600001,0.0
 08/06  06:00:00,8.9150807516,0.0
 08/06  07:00:00,3.1725807516000004,0.0
 08/06  08:00:00,14.5763961002,3.7715483283999998
 08/06  09:00:00,14.5763961002,0.0
 08/06  10:00:00,28.218859137800003,0.0
 08/06  11:00:00,30.9986699148,0.0
 08/06  12:00:00,49.300419887299995,0.0
 08/06  13:00:00,54.090843303199996,0.0
 08/06  14:00:00,58.3535014614,0.0
 08/06  15:00:00,61.7257436663,0.0
 08/06  16:00:00,64.0038698484,0.0
 08/06  17:00:00,55.925254270500005,0.0
 08/06  18:00:00,44.6287224366,0.0
 08/06  19:00:00,3.1725807516000004,0.0
 08/06  20:00:00,5.08674741827,0.0
 08/06  21:00:00,14.657580751600001,0.0
 08/06  22:00:00,14.657580751600001,0.0
 08/06  23:00:00,14.657580751600001,0.0
 08/06  24:00:00,14.657580751600001,0.0
 08/07  01:00:00,15.1069992076,0.0
 08/07  02:00:00,15.1069992076,0.0
 08/07  03:00:00,15.1069992076,0.0
 08/07  04:00:00,15.1069992076,0.0
 08/07  05:00:00,15.1069992076,0.0
 08/07  06:00:00,17.595733804600002,0.0
 08/07  07:00:00,19.1238837794,0.0
 08/07  08:00:00,32.766346817,0.0
 08/07  09:00:00,49.4259669641,0.0
 08/07  10:00:00,54.218776318500005,0.0
 08/07  11:00:00,57.6766254993,0.0
 08/07  12:00:00,64.8495390829,0.0
 08/07  13:00:00,72.7049527883,0.0
 08/07  14:00:00,75.8961096186,0.0
 08/07  15:00:00,78.5611608218,0.0
 08/07  16:00:00,80.3982559957,0.0
 08/07  17:00:00,80.9950250047,0.0
 08/07  18:00:00,67.2897702509,0.0
 08/07  19:00:00,63.14560287,0.0
 08/07  20:00:00,56.0543374233,0.0
 08/07  21:00:00,22.3776491824,0.0
 08/07  22:00:00,15.1069992076,0.0
 08/07  23:00:00,15.1069992076,0.0
 08/07  24:00:00,15.1069992076,0.0
 08/08  01:00:00,15.1069992076,0.0
 08/08  02:00:00,15.1069992076,0.0
 08/08  03:00:00,15.1069992076,0.0
 08/08  04:00:00,15.1069992076,0.0
 08/08  05:00:00,15.1069992076,0.0
 08/08  06:00:00,17.595733804600002,0.0
 08/08  07:00:00,19.1238837794,0.0
 08/08  08:00:00,32.766346817,0.0
 08/08  09:00:00,50.429292698999994,0.0
 08/08  10:00:00,54.690858776499994,0.0
 08/08  11:00:00,60.6973846631,0.0
 08/08  12:00:00,65.1972507269,0.0
 08/08  13:00:00,68.79220579449999,0.0
 08/08  14:00:00,71.2597065427,0.0
 08/08  15:00:00,71.8071741533,0.0
 08/08  16:00:00,72.2861147029,0.0
 08/08  17:00:00,74.75759348439999,0.0
 08/08  18:00:00,62.79410961439999,0.0
 08/08  19:00:00,59.9344745712,0.0
 08/08  20:00:00,53.9637653455,0.0
 08/08  21:00:00,22.3776491824,0.0
 08/08  22:00:00,15.1069992076,0.0
 08/08  23:00:00,15.1069992076,0.0
 08/08  24:00:00,15.1069992076,0.0
 08/09  01:00:00,15.1069992076,0.0
 08/09  02:00:00,15.1069992076,0.0
 08/09  03:00:00,15.1069992076,0.0
 08/09  04:00:00,15.1069992076,0.0
 08/09  05:00:00,15.1069992076,0.0
 08/09  06:00:00,17.595733804600002,0.793992623874
 08/09  07:00:00,19.1238837794,0.89669026388
 08/09  08:00:00,32.766346817,0.0
 08/09  09:00:00,49.1586237098,0.0
 08/09  10:00:00,49.4515579467,0.0
 08/09  11:00:00,51.3368309676,0.0
 08/09  12:00:00,51.8337911384,0.0
 08/09  13:00:00,51.136954441,0.0
 08/09  14:00:00,50.666004081800004,0.0
 08/09  15:00:00,51.751988301400004,0.0
 08/09  16:00:00,54.585165561000004,0.0
 08/09  17:00:00,56.736350773699996,0.0
 08/09  18:00:00,44.885200932,0.0
 08/09  19:00:00,43.5164719565,0.0
 08/09  20:00:00,40.0433043234,0.0
 08/09  21:00:00,22.3776491824,0.0
 08/09  22:00:00,15.1069992076,0.0
 08/09  23:00:00,15.1069992076,0.0
 08/09  24:00:00,15.1069992076,0.0
 08/10  01:00:00,15.1069992076,0.0
 08/10  02:00:00,15.1069992076,0.0
 08/10  03:00:00,15.1069992076,0.0
 08/10  04:00:00,15.1069992076,0.0
 08/10  05:00:00,15.1069992076,0.0
 08/10  06:00:00,19.5099004713,25.627244453400003
 08/10  07:00:00,19.1238837794,19.8074893183
 08/10  08:00:00,32.766346817,3.26325522881
 08/10  09:00:00,49.1586237098,0.0
 08/10  10:00:00,49.219683698100006,0.0
 08/10  11:00:00,53.6918221228,0.0
 08/10  12:00:00,59.158206094899995,0.0
 08/10  13:00:00,63.898268951400006,0.0
 08/10  14:00:00,66.8896040959,0.0
 08/10  15:00:00,69.21681828439999,0.0
 08/10  16:00:00,70.5697889312,0.0
 08/10  17:00:00,70.72767598739999,0.0
 08/10  18:00:00,54.4600738106,0.0
 08/10  19:00:00,50.058228868,0.0
 08/10  20:00:00,46.1850475315,0.0
 08/10  21:00:00,22.3776491824,0.0
 08/10  22:00:00,15.1069992076,0.0
 08/10  23:00:00,15.1069992076,0.0
 08/10  24:00:00,15.1069992076,0.0
 08/11  01:00:00,15.1069992076,0.0
 08/11  02:00:00,15.1069992076,0.0
 08/11  03:00:00,15.1069992076,0.0
 08/11  04:00:00,15.1069992076,0.0
 08/11  05:00:00,15.1069992076,0.0
 08/11  06:00:00,19.5099004713,0.000941555886988
 08/11  07:00:00,19.1238837794,0.000381970081788
 08/11  08:00:00,32.766346817,0.0
 08/11  09:00:00,49.2073670284,0.0
 08/11  10:00:00,51.9774425864,0.0
 08/11  11:00:00,57.0444513801,0.0
 08/11  12:00:00,60.9659885842,0.0
 08/11  13:00:00,66.1714315821,0.0
 08/11  14:00:00,65.4343523407,0.0
 08/11  15:00:00,60.542528046499996,0.0
 08/11  16:00:00,58.607891011099994,0.0
 08/11  17:00:00,60.9147887126,0.0
 08/11  18:00:00,50.8101925182,0.0
 08/11  19:00:00,49.5546501372,0.0
 08/11  20:00:00,46.2239553909,0.0
 08/11  21:00:00,22.3776491824,0.0
 08/11  22:00:00,15.1069992076,0.0
 08/11  23:00:00,15.1069992076,0.0
 08/11  24:00:00,15.1069992076,0.0
 08/12  01:00:00,14.657580751600001,0.0
 08/12  02:00:00,14.657580751600001,0.0
 08/12  03:00:00,14.657580751600001,0.0
 08/12  04:00:00,14.657580751600001,0.0
 08/12  05:00:00,14.657580751600001,0.0
 08/12  06:00:00,19.0604820153,13.5131350408
 08/12  07:00:00,14.5763961002,9.88346941503
 08/12  08:00:00,23.671371458600003,0.350589080404
 08/12  09:00:00,37.3138344962,0.0
 08/12  10:00:00,49.29966665680001,0.0
 08/12  11:00:00,54.885293883100005,0.0
 08/12  12:00:00,61.8131486997,0.0
 08/12  13:00:00,66.8806961734,0.0
 08/12  14:00:00,69.3590623034,0.0
 08/12  15:00:00,70.7744805828,0.0
 08/12  16:00:00,72.60759341069999,0.0
 08/12  17:00:00,71.7881360124,0.0
 08/12  18:00:00,47.1030626575,0.0
 08/12  19:00:00,32.7327853097,0.0
 08/12  20:00:00,34.2657268444,0.0
 08/12  21:00:00,29.1842283091,0.0
 08/12  22:00:00,14.657580751600001,0.0
 08/12  23:00:00,14.657580751600001,0.0
 08/12  24:00:00,14.657580751600001,0.0
 08/13  01:00:00,14.657580751600001,0.0
 08/13  02:00:00,14.657580751600001,0.0
 08/13  03:00:00,14.657580751600001,0.0
 08/13  04:00:00,14.657580751600001,0.0
 08/13  05:00:00,14.657580751600001,0.0
 08/13  06:00:00,10.8292474183,0.0
 08/13  07:00:00,3.1725807516000004,0.0
 08/13  08:00:00,14.5763961002,9.52856855324
 08/13  09:00:00,14.5763961002,6.24925799562e-05
 08/13  10:00:00,28.218859137800003,0.0
 08/13  11:00:00,28.442575506,0.0
 08/13  12:00:00,42.838581336,0.0
 08/13  13:00:00,48.180300501000005,0.0
 08/13  14:00:00,52.404404470299994,0.0
 08/13  15:00:00,55.293183819700005,0.0
 08/13  16:00:00,54.5448043236,0.0
 08/13  17:00:00,39.290246494499996,0.0
 08/13  18:00:00,25.8129783046,0.0
 08/13  19:00:00,3.1725807516000004,0.0
 08/13  20:00:00,7.000914084930001,0.0
 08/13  21:00:00,14.657580751600001,0.0
 08/13  22:00:00,14.657580751600001,0.0
 08/13  23:00:00,14.657580751600001,0.0
 08/13  24:00:00,14.657580751600001,0.0
 08/14  01:00:00,15.1069992076,0.0
 08/14  02:00:00,15.1069992076,0.0
 08/14  03:00:00,15.1069992076,0.0
 08/14  04:00:00,15.1069992076,0.0
 08/14  05:00:00,15.1069992076,0.0
 08/14  06:00:00,19.5099004713,17.833798921
 08/14  07:00:00,19.1238837794,16.5836321077
 08/14  08:00:00,32.766346817,4.08746327307
 08/14  09:00:00,49.1586237098,0.0
 08/14  10:00:00,49.1734927396,0.0
 08/14  11:00:00,53.039126952299995,0.0
 08/14  12:00:00,58.6790650346,0.0
 08/14  13:00:00,63.7628406738,0.0
 08/14  14:00:00,65.602139036,0.0
 08/14  15:00:00,67.8565536696,0.0
 08/14  16:00:00,68.65337664020001,0.0
 08/14  17:00:00,66.5801532797,0.0
 08/14  18:00:00,51.6518053528,0.0
 08/14  19:00:00,48.7139328947,0.0
 08/14  20:00:00,47.1836761168,0.0
 08/14  21:00:00,22.3776491824,0.0
 08/14  22:00:00,15.1069992076,0.0
 08/14  23:00:00,15.1069992076,0.0
 08/14  24:00:00,15.1069992076,0.0
 08/15  01:00:00,15.1069992076,0.0
 08/15  02:00:00,15.1069992076,0.0
 08/15  03:00:00,15.1069992076,0.0
 08/15  04:00:00,15.1069992076,0.0
 08/15  05:00:00,15.1069992076,0.0
 08/15  06:00:00,19.5099004713,0.0651540973807
 08/15  07:00:00,19.1238837794,0.0
 08/15  08:00:00,32.766346817,0.0
 08/15  09:00:00,49.1768486979,0.0
 08/15  10:00:00,51.1026491188,0.0
 08/15  11:00:00,55.8470283191,0.0
 08/15  12:00:00,58.945206053,0.0
 08/15  13:00:00,61.960262793000005,0.0
 08/15  14:00:00,61.4981088459,0.0
 08/15  15:00:00,61.4956239355,0.0
 08/15  16:00:00,59.9331783141,0.0
 08/15  17:00:00,58.9068670417,0.0
 08/15  18:00:00,47.1896668661,0.0
 08/15  19:00:00,44.6972889275,0.0
 08/15  20:00:00,42.5520029333,0.0
 08/15  21:00:00,22.3776491824,0.0
 08/15  22:00:00,15.1069992076,0.0
 08/15  23:00:00,15.1069992076,0.0
 08/15  24:00:00,15.1069992076,0.0
 08/16  01:00:00,15.1069992076,0.0
 08/16  02:00:00,15.1069992076,0.0
 08/16  03:00:00,15.1069992076,0.0
 08/16  04:00:00,15.1069992076,0.0
 08/16  05:00:00,15.1069992076,0.0
 08/16  06:00:00,19.5099004713,0.0
 08/16  07:00:00,19.1238837794,2.01291159545
 08/16  08:00:00,32.766346817,0.7499577160680001
 08/16  09:00:00,49.1586237098,0.0
 08/16  10:00:00,49.3985320822,0.0
 08/16  11:00:00,54.6182562917,0.0
 08/16  12:00:00,59.7159967195,0.0
 08/16  13:00:00,64.5589222719,0.0
 08/16  14:00:00,68.5359936071,0.0
 08/16  15:00:00,70.17411572399999,0.0
 08/16  16:00:00,69.1497777493,0.0
 08/16  17:00:00,68.2729857044,0.0
 08/16  18:00:00,54.6939595015,0.0
 08/16  19:00:00,50.278672623199995,0.0
 08/16  20:00:00,48.055591273199994,0.0
 08/16  21:00:00,22.3776491824,0.0
 08/16  22:00:00,15.1069992076,0.0
 08/16  23:00:00,15.1069992076,0.0
 08/16  24:00:00,15.1069992076,0.0
 08/17  01:00:00,15.1069992076,0.0
 08/17  02:00:00,15.1069992076,0.0
 08/17  03:00:00,15.1069992076,0.0
 08/17  04:00:00,15.1069992076,0.0
 08/17  05:00:00,15.1069992076,0.0
 08/17  06:00:00,19.5099004713,0.983942786731
 08/17  07:00:00,19.1238837794,0.536559515929
 08/17  08:00:00,32.766346817,0.0
 08/17  09:00:00,49.1586237098,0.0
 08/17  10:00:00,49.99103912060001,0.0
 08/17  11:00:00,56.8444614317,0.0
 08/17  12:00:00,63.6032015054,0.0
 08/17  13:00:00,69.4697919229,0.0
 08/17  14:00:00,73.7083588223,0.0
 08/17  15:00:00,76.40016594560001,0.0
 08/17  16:00:00,77.01915953550001,0.0
 08/17  17:00:00,75.9582230496,0.0
 08/17  18:00:00,61.609769496700004,0.0
 08/17  19:00:00,56.767608168,0.0
 08/17  20:00:00,51.6846297708,0.0
 08/17  21:00:00,22.3776491824,0.0
 08/17  22:00:00,15.1069992076,0.0
 08/17  23:00:00,15.1069992076,0.0
 08/17  24:00:00,15.1069992076,0.0
 08/18  01:00:00,15.1069992076,0.0
 08/18  02:00:00,15.1069992076,0.0
 08/18  03:00:00,15.1069992076,0.0
 08/18  04:00:00,15.1069992076,0.0
 08/18  05:00:00,15.1069992076,0.0
 08/18  06:00:00,19.5099004713,0.9680987951819999
 08/18  07:00:00,19.1238837794,0.149585675884
 08/18  08:00:00,32.766346817,0.0
 08/18  09:00:00,49.1586237098,0.0
 08/18  10:00:00,50.1680351279,0.0
 08/18  11:00:00,56.9072242817,0.0
 08/18  12:00:00,62.109663066,0.0
 08/18  13:00:00,65.9133168413,0.0
 08/18  14:00:00,68.2100659547,0.0
 08/18  15:00:00,69.8897594557,0.0
 08/18  16:00:00,70.2569791185,0.0
 08/18  17:00:00,69.9213023155,0.0
 08/18  18:00:00,56.416011222600005,0.0
 08/18  19:00:00,54.4697399915,0.0
 08/18  20:00:00,50.5940066304,0.0
 08/18  21:00:00,22.3776491824,0.0
 08/18  22:00:00,15.1069992076,0.0
 08/18  23:00:00,15.1069992076,0.0
 08/18  24:00:00,15.1069992076,0.0
 08/19  01:00:00,14.657580751600001,0.0
 08/19  02:00:00,14.657580751600001,0.0
 08/19  03:00:00,14.657580751600001,0.0
 08/19  04:00:00,14.657580751600001,0.0
 08/19  05:00:00,14.657580751600001,0.0
 08/19  06:00:00,20.9746486819,21.755168946599998
 08/19  07:00:00,14.5763961002,21.613067887600003
 08/19  08:00:00,23.671371458600003,7.766670573480001
 08/19  09:00:00,37.3138344962,0.0
 08/19  10:00:00,49.173955049300005,0.0
 08/19  11:00:00,51.9871958458,0.0
 08/19  12:00:00,57.8824799303,0.0
 08/19  13:00:00,62.208812856,0.0
 08/19  14:00:00,64.1848049062,0.0
 08/19  15:00:00,65.2931787201,0.0
 08/19  16:00:00,66.1553554112,0.0
 08/19  17:00:00,65.2622866678,0.0
 08/19  18:00:00,45.5508877166,0.0
 08/19  19:00:00,34.368156596,0.0
 08/19  20:00:00,36.0075090073,0.0
 08/19  21:00:00,27.385118048600003,0.0
 08/19  22:00:00,14.657580751600001,0.0
 08/19  23:00:00,14.657580751600001,0.0
 08/19  24:00:00,14.657580751600001,0.0
 08/20  01:00:00,14.657580751600001,0.0
 08/20  02:00:00,14.657580751600001,0.0
 08/20  03:00:00,14.657580751600001,0.0
 08/20  04:00:00,14.657580751600001,0.0
 08/20  05:00:00,14.657580751600001,0.0
 08/20  06:00:00,12.7434140849,0.0
 08/20  07:00:00,3.1725807516000004,0.0
 08/20  08:00:00,14.5763961002,32.1155624141
 08/20  09:00:00,14.5763961002,7.90978698097
 08/20  10:00:00,28.218859137800003,0.0
 08/20  11:00:00,28.218859137800003,0.0
 08/20  12:00:00,40.558130614899994,0.0
 08/20  13:00:00,45.140128037299995,0.0
 08/20  14:00:00,47.5330318471,0.0
 08/20  15:00:00,48.8511208363,0.0
 08/20  16:00:00,49.522375812700005,0.0
 08/20  17:00:00,39.7723642299,0.0
 08/20  18:00:00,28.5506533939,0.0
 08/20  19:00:00,3.1725807516000004,0.0
 08/20  20:00:00,8.9150807516,0.0
 08/20  21:00:00,14.657580751600001,0.0
 08/20  22:00:00,14.657580751600001,0.0
 08/20  23:00:00,14.657580751600001,0.0
 08/20  24:00:00,14.657580751600001,0.0
 08/21  01:00:00,15.1069992076,0.0
 08/21  02:00:00,15.1069992076,0.0
 08/21  03:00:00,15.1069992076,0.0
 08/21  04:00:00,15.1069992076,0.0
 08/21  05:00:00,15.1069992076,0.0
 08/21  06:00:00,21.4240671379,29.1884554698
 08/21  07:00:00,19.1238837794,24.693357289899996
 08/21  08:00:00,32.766346817,12.8898181745
 08/21  09:00:00,49.1586237098,2.87182734122e-05
 08/21  10:00:00,49.1586237098,0.0
 08/21  11:00:00,51.0467227853,0.0
 08/21  12:00:00,56.2045475219,0.0
 08/21  13:00:00,59.861876189600004,0.0
 08/21  14:00:00,63.26156289520001,0.0
 08/21  15:00:00,66.42243227520001,0.0
 08/21  16:00:00,67.5144624696,0.0
 08/21  17:00:00,66.3758064084,0.0
 08/21  18:00:00,52.3300526959,0.0
 08/21  19:00:00,48.088356981000004,0.0
 08/21  20:00:00,46.7157707999,0.0
 08/21  21:00:00,22.3776491824,0.0
 08/21  22:00:00,15.1069992076,0.0
 08/21  23:00:00,15.1069992076,0.0
 08/21  24:00:00,15.1069992076,0.0
 08/22  01:00:00,15.1069992076,0.0
 08/22  02:00:00,15.1069992076,0.0
 08/22  03:00:00,15.1069992076,0.0
 08/22  04:00:00,15.1069992076,0.0
 08/22  05:00:00,15.1069992076,0.0
 08/22  06:00:00,21.4240671379,32.3915535569
 08/22  07:00:00,19.1238837794,29.9418571135
 08/22  08:00:00,32.766346817,13.9424449444
 08/22  09:00:00,49.1586237098,2.52910534565e-05
 08/22  10:00:00,49.1586237098,0.0
 08/22  11:00:00,50.2555473533,0.0
 08/22  12:00:00,55.5015848863,0.0
 08/22  13:00:00,59.1349133925,0.0
 08/22  14:00:00,62.6055529912,0.0
 08/22  15:00:00,62.9787902984,0.0
 08/22  16:00:00,64.8728959985,0.0
 08/22  17:00:00,65.256750096,0.0
 08/22  18:00:00,50.7482858134,0.0
 08/22  19:00:00,48.70593905729999,0.0
 08/22  20:00:00,47.924510175900004,0.0
 08/22  21:00:00,22.3776491824,0.0
 08/22  22:00:00,15.1069992076,0.0
 08/22  23:00:00,15.1069992076,0.0
 08/22  24:00:00,15.1069992076,0.0
 08/23  01:00:00,15.1069992076,0.0
 08/23  02:00:00,15.1069992076,0.0
 08/23  03:00:00,15.1069992076,0.0
 08/23  04:00:00,15.1069992076,0.0
 08/23  05:00:00,15.1069992076,0.0
 08/23  06:00:00,21.4240671379,25.3422159287
 08/23  07:00:00,19.1238837794,25.9853467668
 08/23  08:00:00,32.766346817,9.614520668880001
 08/23  09:00:00,49.1586237098,0.0
 08/23  10:00:00,49.1586237098,0.0
 08/23  11:00:00,49.8976763571,0.0
 08/23  12:00:00,53.4999107152,0.0
 08/23  13:00:00,55.8730767558,0.0
 08/23  14:00:00,57.749591306999996,0.0
 08/23  15:00:00,60.2709994463,0.0
 08/23  16:00:00,61.0670397131,0.0
 08/23  17:00:00,60.859904964399995,0.0
 08/23  18:00:00,48.4556432943,0.0
 08/23  19:00:00,45.9436797629,0.0
 08/23  20:00:00,45.3086330095,0.0
 08/23  21:00:00,22.3776491824,0.0
 08/23  22:00:00,15.1069992076,0.0
 08/23  23:00:00,15.1069992076,0.0
 08/23  24:00:00,15.1069992076,0.0
 08/24  01:00:00,15.1069992076,0.0
 08/24  02:00:00,15.1069992076,0.0
 08/24  03:00:00,15.1069992076,0.0
 08/24  04:00:00,15.1069992076,0.0
 08/24  05:00:00,15.1069992076,0.0
 08/24  06:00:00,21.4240671379,31.519782335
 08/24  07:00:00,19.1238837794,26.0590732077
 08/24  08:00:00,32.766346817,12.6431883357
 08/24  09:00:00,49.1586237098,1.93704397269e-05
 08/24  10:00:00,49.1586237098,0.0
 08/24  11:00:00,49.701920002600005,0.0
 08/24  12:00:00,54.8566582286,0.0
 08/24  13:00:00,58.7242012127,0.0
 08/24  14:00:00,61.460388790699994,0.0
 08/24  15:00:00,63.6293294472,0.0
 08/24  16:00:00,64.02752244199999,0.0
 08/24  17:00:00,63.7593613931,0.0
 08/24  18:00:00,50.508383295,0.0
 08/24  19:00:00,47.222875656599996,0.0
 08/24  20:00:00,47.033148026099994,0.0
 08/24  21:00:00,22.3776491824,0.0
 08/24  22:00:00,15.1069992076,0.0
 08/24  23:00:00,15.1069992076,0.0
 08/24  24:00:00,15.1069992076,0.0
 08/25  01:00:00,15.1069992076,0.0
 08/25  02:00:00,15.1069992076,0.0
 08/25  03:00:00,15.1069992076,0.0
 08/25  04:00:00,15.1069992076,0.0
 08/25  05:00:00,15.1069992076,0.0
 08/25  06:00:00,21.4240671379,35.7412230833
 08/25  07:00:00,19.1238837794,37.9311479598
 08/25  08:00:00,32.766346817,24.2039295043
 08/25  09:00:00,49.1586237098,0.661163707967
 08/25  10:00:00,49.1586237098,0.0
 08/25  11:00:00,49.346392332200004,0.0
 08/25  12:00:00,54.36733836609999,0.0
 08/25  13:00:00,60.3485083791,0.0
 08/25  14:00:00,64.297916158,0.0
 08/25  15:00:00,67.4686457973,0.0
 08/25  16:00:00,68.5336915142,0.0
 08/25  17:00:00,68.217261486,0.0
 08/25  18:00:00,54.924717926899994,0.0
 08/25  19:00:00,52.3315549767,0.0
 08/25  20:00:00,49.5544981699,0.0
 08/25  21:00:00,22.3776491824,0.0
 08/25  22:00:00,15.1069992076,0.0
 08/25  23:00:00,15.1069992076,0.0
 08/25  24:00:00,15.1069992076,0.0
 08/26  01:00:00,14.657580751600001,0.0
 08/26  02:00:00,14.657580751600001,0.0
 08/26  03:00:00,14.657580751600001,0.0
 08/26  04:00:00,14.657580751600001,0.0
 08/26  05:00:00,14.657580751600001,0.0
 08/26  06:00:00,20.9746486819,21.2663133217
 08/26  07:00:00,14.5763961002,17.780296796
 08/26  08:00:00,23.671371458600003,3.26401909879
 08/26  09:00:00,37.3138344962,0.0
 08/26  10:00:00,49.196616938999995,0.0
 08/26  11:00:00,55.1248966643,0.0
 08/26  12:00:00,62.4538507796,0.0
 08/26  13:00:00,67.106936588,0.0
 08/26  14:00:00,71.3808673413,0.0
 08/26  15:00:00,74.0958799598,0.0
 08/26  16:00:00,76.020758028,0.0
 08/26  17:00:00,75.49655533090001,0.0
 08/26  18:00:00,55.245312823999996,0.0
 08/26  19:00:00,41.842180470100004,0.0
 08/26  20:00:00,41.3077382741,0.0
 08/26  21:00:00,29.3453585275,0.0
 08/26  22:00:00,14.657580751600001,0.0
 08/26  23:00:00,14.657580751600001,0.0
 08/26  24:00:00,14.657580751600001,0.0
 08/27  01:00:00,14.657580751600001,0.0
 08/27  02:00:00,14.657580751600001,0.0
 08/27  03:00:00,14.657580751600001,0.0
 08/27  04:00:00,14.657580751600001,0.0
 08/27  05:00:00,14.657580751600001,0.0
 08/27  06:00:00,12.7434140849,0.0
 08/27  07:00:00,3.1725807516000004,0.0
 08/27  08:00:00,14.5763961002,2.02776736774
 08/27  09:00:00,14.5763961002,0.000577758719372
 08/27  10:00:00,28.218859137800003,0.0
 08/27  11:00:00,29.2175064413,0.0
 08/27  12:00:00,47.314321758,0.0
 08/27  13:00:00,53.0806434129,0.0
 08/27  14:00:00,55.385856250100005,0.0
 08/27  15:00:00,57.4813969784,0.0
 08/27  16:00:00,58.881953908,0.0
 08/27  17:00:00,49.8651859836,0.0
 08/27  18:00:00,37.4536410186,0.0
 08/27  19:00:00,3.1725807516000004,0.0
 08/27  20:00:00,12.7434140849,0.0
 08/27  21:00:00,14.657580751600001,0.0
 08/27  22:00:00,14.657580751600001,0.0
 08/27  23:00:00,14.657580751600001,0.0
 08/27  24:00:00,14.657580751600001,0.0
 08/28  01:00:00,15.1069992076,0.0
 08/28  02:00:00,15.1069992076,0.0
 08/28  03:00:00,15.1069992076,0.0
 08/28  04:00:00,15.1069992076,0.0
 08/28  05:00:00,15.1069992076,0.0
 08/28  06:00:00,23.3382338046,4.412468945940001
 08/28  07:00:00,19.1238837794,4.63236083198
 08/28  08:00:00,32.766346817,0.0103465514673
 08/28  09:00:00,49.1586237098,0.0
 08/28  10:00:00,49.26629640189999,0.0
 08/28  11:00:00,53.5851037179,0.0
 08/28  12:00:00,60.4825065937,0.0
 08/28  13:00:00,65.7900351096,0.0
 08/28  14:00:00,68.823600985,0.0
 08/28  15:00:00,72.0045101708,0.0
 08/28  16:00:00,72.0332474974,0.0
 08/28  17:00:00,69.9477827045,0.0
 08/28  18:00:00,56.5806668699,0.0
 08/28  19:00:00,52.7690512182,0.0
 08/28  20:00:00,52.5380212415,0.0
 08/28  21:00:00,22.3776491824,0.0
 08/28  22:00:00,15.1069992076,0.0
 08/28  23:00:00,15.1069992076,0.0
 08/28  24:00:00,15.1069992076,0.0
 08/29  01:00:00,15.1069992076,0.0
 08/29  02:00:00,15.1069992076,0.0
 08/29  03:00:00,15.1069992076,0.0
 08/29  04:00:00,15.1069992076,0.0
 08/29  05:00:00,15.1069992076,0.0
 08/29  06:00:00,23.3382338046,17.7520243088
 08/29  07:00:00,19.1238837794,16.1635958473
 08/29  08:00:00,32.766346817,2.89572867708
 08/29  09:00:00,49.1586237098,0.0
 08/29  10:00:00,49.1679660884,0.0
 08/29  11:00:00,51.787208991899995,0.0
 08/29  12:00:00,57.2278031734,0.0
 08/29  13:00:00,61.8835270081,0.0
 08/29  14:00:00,65.2969870612,0.0
 08/29  15:00:00,68.379436918,0.0
 08/29  16:00:00,70.2070271447,0.0
 08/29  17:00:00,70.3874805379,0.0
 08/29  18:00:00,55.985549016499995,0.0
 08/29  19:00:00,52.0179400471,0.0
 08/29  20:00:00,53.2128465275,0.0
 08/29  21:00:00,22.3776491824,0.0
 08/29  22:00:00,15.1069992076,0.0
 08/29  23:00:00,15.1069992076,0.0
 08/29  24:00:00,15.1069992076,0.0
 08/30  01:00:00,15.1069992076,0.0
 08/30  02:00:00,15.1069992076,0.0
 08/30  03:00:00,15.1069992076,0.0
 08/30  04:00:00,15.1069992076,0.0
 08/30  05:00:00,15.1069992076,0.0
 08/30  06:00:00,23.3382338046,17.2874731664
 08/30  07:00:00,19.1238837794,16.3213376201
 08/30  08:00:00,32.766346817,6.24777701089
 08/30  09:00:00,49.1586237098,0.0
 08/30  10:00:00,49.1706634084,0.0
 08/30  11:00:00,53.2849700713,0.0
 08/30  12:00:00,59.6866897257,0.0
 08/30  13:00:00,63.9078814587,0.0
 08/30  14:00:00,66.9190121231,0.0
 08/30  15:00:00,70.185558301,0.0
 08/30  16:00:00,71.1199290162,0.0
 08/30  17:00:00,69.8019941013,0.0
 08/30  18:00:00,52.9229979136,0.0
 08/30  19:00:00,46.945785112299994,0.0
 08/30  20:00:00,49.344358426999996,0.0
 08/30  21:00:00,22.3776491824,0.0
 08/30  22:00:00,15.1069992076,0.0
 08/30  23:00:00,15.1069992076,0.0
 08/30  24:00:00,15.1069992076,0.0
 08/31  01:00:00,15.1069992076,0.0
 08/31  02:00:00,15.1069992076,0.0
 08/31  03:00:00,15.1069992076,0.0
 08/31  04:00:00,15.1069992076,0.0
 08/31  05:00:00,15.1069992076,0.0
 08/31  06:00:00,23.3382338046,9.76911769708
 08/31  07:00:00,19.1238837794,12.4422931463
 08/31  08:00:00,32.766346817,2.73411837595
 08/31  09:00:00,49.1586237098,0.0
 08/31  10:00:00,49.2003269426,0.0
 08/31  11:00:00,53.2747529696,0.0
 08/31  12:00:00,57.3750300392,0.0
 08/31  13:00:00,61.7255865627,0.0
 08/31  14:00:00,66.54188704319999,0.0
 08/31  15:00:00,69.2623720522,0.0
 08/31  16:00:00,67.5925212275,0.0
 08/31  17:00:00,62.5569117157,0.0
 08/31  18:00:00,48.1827970416,0.0
 08/31  19:00:00,45.673858932899996,0.0
 08/31  20:00:00,46.9211057743,0.0
 08/31  21:00:00,22.3776491824,0.0
 08/31  22:00:00,15.1069992076,0.0
 08/31  23:00:00,15.1069992076,0.0
 08/31  24:00:00,15.1069992076,0.0
 09/01  01:00:00,15.1069992076,0.0
 09/01  02:00:00,15.1069992076,0.0
 09/01  03:00:00,15.1069992076,0.0
 09/01  04:00:00,15.1069992076,0.0
 09/01  05:00:00,15.1069992076,0.0
 09/01  06:00:00,23.3382338046,41.544390170300005
 09/01  07:00:00,19.1238837794,33.6671863936
 09/01  08:00:00,32.766346817,22.8316375357
 09/01  09:00:00,49.1586237098,1.62909173447
 09/01  10:00:00,49.1586237098,0.0
 09/01  11:00:00,49.251624872700006,0.0
 09/01  12:00:00,52.557784212200005,0.0
 09/01  13:00:00,56.6226135971,0.0
 09/01  14:00:00,59.138703514700005,0.0
 09/01  15:00:00,60.2617377928,0.0
 09/01  16:00:00,60.499497408,0.0
 09/01  17:00:00,60.299507145,0.0
 09/01  18:00:00,46.0998626942,0.0
 09/01  19:00:00,42.3541299933,0.0
 09/01  20:00:00,44.515096622600005,0.0
 09/01  21:00:00,22.3776491824,0.0
 09/01  22:00:00,15.1069992076,0.0
 09/01  23:00:00,15.1069992076,0.0
 09/01  24:00:00,15.1069992076,0.0
 09/02  01:00:00,14.657580751600001,0.0
 09/02  02:00:00,14.657580751600001,0.0
 09/02  03:00:00,14.657580751600001,0.0
 09/02  04:00:00,14.657580751600001,0.0
 09/02  05:00:00,14.657580751600001,0.0
 09/02  06:00:00,22.8888153486,38.088803504699996
 09/02  07:00:00,14.5763961002,32.0238549837
 09/02  08:00:00,23.671371458600003,25.3878193665
 09/02  09:00:00,37.3138344962,8.070355809119999
 09/02  10:00:00,49.1586237098,2.56275187627e-05
 09/02  11:00:00,49.2524768483,0.0
 09/02  12:00:00,53.3587113891,0.0
 09/02  13:00:00,57.7897467509,0.0
 09/02  14:00:00,61.2783683829,0.0
 09/02  15:00:00,62.396939324399995,0.0
 09/02  16:00:00,62.523061376,0.0
 09/02  17:00:00,61.7543690122,0.0
 09/02  18:00:00,41.8119687203,0.0
 09/02  19:00:00,29.604316703200002,0.0
 09/02  20:00:00,37.755269109400004,0.0
 09/02  21:00:00,26.104098407600002,0.0
 09/02  22:00:00,14.657580751600001,0.0
 09/02  23:00:00,14.657580751600001,0.0
 09/02  24:00:00,14.657580751600001,0.0
 09/03  01:00:00,14.657580751600001,0.0
 09/03  02:00:00,14.657580751600001,0.0
 09/03  03:00:00,14.657580751600001,0.0
 09/03  04:00:00,14.657580751600001,0.0
 09/03  05:00:00,14.657580751600001,0.0
 09/03  06:00:00,14.657580751600001,0.0
 09/03  07:00:00,3.1725807516000004,0.0
 09/03  08:00:00,14.5763961002,40.2811407991
 09/03  09:00:00,14.5763961002,19.4590098437
 09/03  10:00:00,28.218859137800003,1.05794944824
 09/03  11:00:00,28.218859137800003,0.0
 09/03  12:00:00,38.137294639000004,0.0
 09/03  13:00:00,43.4311001121,0.0
 09/03  14:00:00,47.2297934916,0.0
 09/03  15:00:00,49.689653341,0.0
 09/03  16:00:00,50.9798490267,0.0
 09/03  17:00:00,40.8504412475,0.0
 09/03  18:00:00,28.9328436656,0.0
 09/03  19:00:00,3.1725807516000004,0.0
 09/03  20:00:00,14.657580751600001,0.0
 09/03  21:00:00,14.657580751600001,0.0
 09/03  22:00:00,14.657580751600001,0.0
 09/03  23:00:00,14.657580751600001,0.0
 09/03  24:00:00,14.657580751600001,0.0
 09/04  01:00:00,14.657580751600001,0.0
 09/04  02:00:00,14.657580751600001,0.0
 09/04  03:00:00,14.657580751600001,0.0
 09/04  04:00:00,14.657580751600001,0.0
 09/04  05:00:00,14.657580751600001,0.0
 09/04  06:00:00,14.657580751600001,0.0
 09/04  07:00:00,3.1725807516000004,0.0
 09/04  08:00:00,14.5763961002,32.7326068782
 09/04  09:00:00,14.5763961002,9.82222176636
 09/04  10:00:00,28.218859137800003,0.0
 09/04  11:00:00,28.218859137800003,0.0
 09/04  12:00:00,39.8464511221,0.0
 09/04  13:00:00,44.8874352354,0.0
 09/04  14:00:00,47.0817068006,0.0
 09/04  15:00:00,47.7548570312,0.0
 09/04  16:00:00,47.849718241000005,0.0
 09/04  17:00:00,38.087896171,0.0
 09/04  18:00:00,27.011186495,0.0
 09/04  19:00:00,3.1725807516000004,0.0
 09/04  20:00:00,14.657580751600001,0.0
 09/04  21:00:00,14.657580751600001,0.0
 09/04  22:00:00,14.657580751600001,0.0
 09/04  23:00:00,14.657580751600001,0.0
 09/04  24:00:00,14.657580751600001,0.0
 09/05  01:00:00,15.1069992076,0.0
 09/05  02:00:00,15.1069992076,0.0
 09/05  03:00:00,15.1069992076,0.0
 09/05  04:00:00,15.1069992076,0.0
 09/05  05:00:00,15.1069992076,0.0
 09/05  06:00:00,23.3382338046,24.828076185500002
 09/05  07:00:00,19.1238837794,21.994730332
 09/05  08:00:00,32.766346817,12.522071587000001
 09/05  09:00:00,49.1586237098,0.0
 09/05  10:00:00,49.1586237098,0.0
 09/05  11:00:00,49.1847536976,0.0
 09/05  12:00:00,50.249471678,0.0
 09/05  13:00:00,54.8355011121,0.0
 09/05  14:00:00,57.4192024257,0.0
 09/05  15:00:00,59.2023522705,0.0
 09/05  16:00:00,55.8026653433,0.0
 09/05  17:00:00,50.3132337408,0.0
 09/05  18:00:00,37.3144562336,0.0
 09/05  19:00:00,37.3138344962,0.0
 09/05  20:00:00,44.251346817,0.0
 09/05  21:00:00,22.3776491824,0.0
 09/05  22:00:00,15.1069992076,0.0
 09/05  23:00:00,15.1069992076,0.0
 09/05  24:00:00,15.1069992076,0.0
 09/06  01:00:00,15.1069992076,0.0
 09/06  02:00:00,15.1069992076,0.0
 09/06  03:00:00,15.1069992076,0.0
 09/06  04:00:00,15.1069992076,0.0
 09/06  05:00:00,15.1069992076,0.0
 09/06  06:00:00,23.3382338046,55.1003080413
 09/06  07:00:00,21.038050446099998,46.2889528175
 09/06  08:00:00,32.766346817,33.1095650097
 09/06  09:00:00,49.1586237098,6.884337572510001
 09/06  10:00:00,49.1586237098,0.000100279309491
 09/06  11:00:00,49.1586237098,0.0
 09/06  12:00:00,51.2499475936,0.0
 09/06  13:00:00,56.172894321499996,0.0
 09/06  14:00:00,53.675563163999996,0.0
 09/06  15:00:00,51.266805923599996,0.0
 09/06  16:00:00,50.1567117346,0.0
 09/06  17:00:00,49.2732303957,0.0
 09/06  18:00:00,37.3199926334,0.0
 09/06  19:00:00,37.3138344962,0.0
 09/06  20:00:00,44.251346817,0.0
 09/06  21:00:00,22.3776491824,0.0
 09/06  22:00:00,15.1069992076,0.0
 09/06  23:00:00,15.1069992076,0.0
 09/06  24:00:00,15.1069992076,0.0
 09/07  01:00:00,15.1069992076,0.0
 09/07  02:00:00,15.1069992076,0.0
 09/07  03:00:00,15.1069992076,0.0
 09/07  04:00:00,15.1069992076,0.0
 09/07  05:00:00,15.1069992076,0.0
 09/07  06:00:00,23.3382338046,69.0775090879
 09/07  07:00:00,21.038050446099998,55.3810411869
 09/07  08:00:00,32.766346817,38.1805102497
 09/07  09:00:00,49.1586237098,14.2111404549
 09/07  10:00:00,49.1586237098,1.38022074864
 09/07  11:00:00,49.1586237098,0.0
 09/07  12:00:00,50.150279221400005,0.0
 09/07  13:00:00,53.989657020600006,0.0
 09/07  14:00:00,55.68926158,0.0
 09/07  15:00:00,58.664335243100005,0.0
 09/07  16:00:00,59.968168007299994,0.0
 09/07  17:00:00,58.7689368159,0.0
 09/07  18:00:00,45.260341089799994,0.0
 09/07  19:00:00,43.3664804059,0.0
 09/07  20:00:00,45.0419551151,0.0
 09/07  21:00:00,22.3776491824,0.0
 09/07  22:00:00,15.1069992076,0.0
 09/07  23:00:00,15.1069992076,0.0
 09/07  24:00:00,15.1069992076,0.0
 09/08  01:00:00,15.1069992076,0.0
 09/08  02:00:00,15.1069992076,0.0
 09/08  03:00:00,15.1069992076,0.0
 09/08  04:00:00,15.1069992076,0.0
 09/08  05:00:00,15.1069992076,0.0
 09/08  06:00:00,23.3382338046,38.4377689155
 09/08  07:00:00,21.038050446099998,33.7340997364
 09/08  08:00:00,32.766346817,26.7793968933
 09/08  09:00:00,49.1586237098,6.39102392771
 09/08  10:00:00,49.1586237098,0.173097745126
 09/08  11:00:00,49.1586237098,0.0
 09/08  12:00:00,49.1586237098,0.0
 09/08  13:00:00,49.1610057018,0.0
 09/08  14:00:00,49.295091818100005,0.0
 09/08  15:00:00,49.6291877666,0.0
 09/08  16:00:00,49.56135398560001,0.0
 09/08  17:00:00,49.237460405200004,0.0
 09/08  18:00:00,37.3138344962,0.0
 09/08  19:00:00,39.2280011629,0.0
 09/08  20:00:00,44.251346817,0.0
 09/08  21:00:00,22.3776491824,0.0
 09/08  22:00:00,15.1069992076,0.0
 09/08  23:00:00,15.1069992076,0.0
 09/08  24:00:00,15.1069992076,0.0
 09/09  01:00:00,14.657580751600001,0.0
 09/09  02:00:00,14.657580751600001,0.0
 09/09  03:00:00,14.657580751600001,0.0
 09/09  04:00:00,14.657580751600001,0.0
 09/09  05:00:00,14.657580751600001,0.0
 09/09  06:00:00,22.8888153486,111.83435600899999
 09/09  07:00:00,16.490562766900002,94.6837294465
 09/09  08:00:00,23.671371458600003,82.28915665699999
 09/09  09:00:00,37.3138344962,54.4974724896
 09/09  10:00:00,49.1586237098,30.1810236943
 09/09  11:00:00,49.1586237098,7.520082406930001
 09/09  12:00:00,49.1586237098,0.10407681434699999
 09/09  13:00:00,49.1586237098,0.0
 09/09  14:00:00,49.1586237098,0.0
 09/09  15:00:00,49.1586237098,0.0
 09/09  16:00:00,49.1586237098,0.0
 09/09  17:00:00,49.1586237098,0.0
 09/09  18:00:00,32.766346817,8.090392310610001
 09/09  19:00:00,25.5855381253,26.5160108985
 09/09  20:00:00,35.1563714586,36.3589550959
 09/09  21:00:00,26.0613961002,47.3847975474
 09/09  22:00:00,14.657580751600001,0.0
 09/09  23:00:00,14.657580751600001,0.0
 09/09  24:00:00,14.657580751600001,0.0
 09/10  01:00:00,14.657580751600001,0.0
 09/10  02:00:00,14.657580751600001,0.0
 09/10  03:00:00,14.657580751600001,0.0
 09/10  04:00:00,14.657580751600001,0.0
 09/10  05:00:00,14.657580751600001,0.0
 09/10  06:00:00,14.657580751600001,0.0
 09/10  07:00:00,5.08674741827,0.0
 09/10  08:00:00,14.5763961002,135.36306530299998
 09/10  09:00:00,14.5763961002,93.8553371195
 09/10  10:00:00,28.218859137800003,62.743752837399995
 09/10  11:00:00,28.218859137800003,36.6993006136
 09/10  12:00:00,37.3138344962,5.45627996306
 09/10  13:00:00,37.3138344962,0.0
 09/10  14:00:00,37.3138344962,0.0
 09/10  15:00:00,37.3138344962,0.0
 09/10  16:00:00,37.3138344962,0.0
 09/10  17:00:00,28.218859137800003,0.0
 09/10  18:00:00,19.1238837794,0.0
 09/10  19:00:00,5.08674741827,0.0
 09/10  20:00:00,14.657580751600001,0.0
 09/10  21:00:00,14.657580751600001,0.0
 09/10  22:00:00,14.657580751600001,0.0
 09/10  23:00:00,14.657580751600001,0.0
 09/10  24:00:00,14.657580751600001,0.0
 09/11  01:00:00,15.1069992076,0.0
 09/11  02:00:00,15.1069992076,0.0
 09/11  03:00:00,15.1069992076,0.0
 09/11  04:00:00,15.1069992076,0.0
 09/11  05:00:00,15.1069992076,0.0
 09/11  06:00:00,23.3382338046,104.397870649
 09/11  07:00:00,21.038050446099998,88.5031644157
 09/11  08:00:00,32.766346817,43.241228983599996
 09/11  09:00:00,49.1586237098,19.6624156796
 09/11  10:00:00,49.1586237098,20.0578233281
 09/11  11:00:00,49.1586237098,2.0080042332
 09/11  12:00:00,49.1586237098,0.0
 09/11  13:00:00,49.161798256800004,0.0
 09/11  14:00:00,49.5748145833,0.0
 09/11  15:00:00,51.3977466101,0.0
 09/11  16:00:00,52.7578179455,0.0
 09/11  17:00:00,52.4377944978,0.0
 09/11  18:00:00,39.233324981799996,0.0
 09/11  19:00:00,39.4038179744,0.0
 09/11  20:00:00,44.251346817,0.0
 09/11  21:00:00,22.3776491824,0.0
 09/11  22:00:00,15.1069992076,0.0
 09/11  23:00:00,15.1069992076,0.0
 09/11  24:00:00,15.1069992076,0.0
 09/12  01:00:00,15.1069992076,0.0
 09/12  02:00:00,15.1069992076,0.0
 09/12  03:00:00,15.1069992076,0.0
 09/12  04:00:00,15.1069992076,0.0
 09/12  05:00:00,15.1069992076,0.0
 09/12  06:00:00,23.3382338046,77.9246539176
 09/12  07:00:00,21.038050446099998,68.7609693766
 09/12  08:00:00,32.766346817,46.2967265412
 09/12  09:00:00,49.1586237098,11.262216259
 09/12  10:00:00,49.1586237098,0.320013817632
 09/12  11:00:00,49.1586237098,0.0
 09/12  12:00:00,49.16342841,0.0
 09/12  13:00:00,49.8134655536,0.0
 09/12  14:00:00,50.808160066899994,0.0
 09/12  15:00:00,51.5518442394,0.0
 09/12  16:00:00,51.078853317299995,0.0
 09/12  17:00:00,50.077847445,0.0
 09/12  18:00:00,37.455573621999996,0.0
 09/12  19:00:00,39.2280011629,0.0
 09/12  20:00:00,44.251346817,0.0
 09/12  21:00:00,22.3776491824,0.0
 09/12  22:00:00,15.1069992076,0.0
 09/12  23:00:00,15.1069992076,0.0
 09/12  24:00:00,15.1069992076,0.0
 09/13  01:00:00,15.1069992076,0.0
 09/13  02:00:00,15.1069992076,0.0
 09/13  03:00:00,15.1069992076,0.0
 09/13  04:00:00,15.1069992076,0.0
 09/13  05:00:00,15.1069992076,0.0
 09/13  06:00:00,23.3382338046,130.02157252700002
 09/13  07:00:00,21.038050446099998,111.906182621
 09/13  08:00:00,32.766346817,93.99054786030001
 09/13  09:00:00,49.1586237098,63.114639663199995
 09/13  10:00:00,49.1586237098,36.847689669699996
 09/13  11:00:00,49.1586237098,6.991701272619999
 09/13  12:00:00,49.1586237098,0.0
 09/13  13:00:00,49.1586237098,0.0
 09/13  14:00:00,49.1593426545,0.0
 09/13  15:00:00,49.474213772,0.0
 09/13  16:00:00,49.7796002666,0.0
 09/13  17:00:00,49.5658022734,0.0
 09/13  18:00:00,37.401050687399994,0.0
 09/13  19:00:00,41.142167829499996,0.0
 09/13  20:00:00,44.251346817,0.0
 09/13  21:00:00,22.3776491824,0.0
 09/13  22:00:00,15.1069992076,0.0
 09/13  23:00:00,15.1069992076,0.0
 09/13  24:00:00,15.1069992076,0.0
 09/14  01:00:00,15.1069992076,0.0
 09/14  02:00:00,15.1069992076,0.0
 09/14  03:00:00,15.1069992076,0.0
 09/14  04:00:00,15.1069992076,0.0
 09/14  05:00:00,15.1069992076,0.0
 09/14  06:00:00,23.3382338046,127.71151537899999
 09/14  07:00:00,21.038050446099998,103.628477727
 09/14  08:00:00,32.766346817,89.36566272540001
 09/14  09:00:00,49.1586237098,59.254362678999996
 09/14  10:00:00,49.1586237098,32.579017920300004
 09/14  11:00:00,49.1586237098,2.88994901839
 09/14  12:00:00,49.1586237098,0.0
 09/14  13:00:00,49.2086343517,0.0
 09/14  14:00:00,50.6040775666,0.0
 09/14  15:00:00,52.849723939099995,0.0
 09/14  16:00:00,53.8832252408,0.0
 09/14  17:00:00,53.489426924600004,0.0
 09/14  18:00:00,39.4813969356,0.0
 09/14  19:00:00,41.2430239019,0.0
 09/14  20:00:00,44.251346817,0.0
 09/14  21:00:00,22.3776491824,0.0
 09/14  22:00:00,15.1069992076,0.0
 09/14  23:00:00,15.1069992076,0.0
 09/14  24:00:00,15.1069992076,0.0
 09/15  01:00:00,15.1069992076,0.0
 09/15  02:00:00,15.1069992076,0.0
 09/15  03:00:00,15.1069992076,0.0
 09/15  04:00:00,15.1069992076,0.0
 09/15  05:00:00,15.1069992076,0.0
 09/15  06:00:00,23.3382338046,100.93843230899999
 09/15  07:00:00,22.9522171127,82.7477787311
 09/15  08:00:00,32.766346817,67.3984891512
 09/15  09:00:00,49.1586237098,40.8257369465
 09/15  10:00:00,49.1586237098,21.8205155187
 09/15  11:00:00,49.1586237098,2.03971346216
 09/15  12:00:00,49.1586237098,0.0
 09/15  13:00:00,49.1588463112,0.0
 09/15  14:00:00,49.3796312211,0.0
 09/15  15:00:00,50.049024457399995,0.0
 09/15  16:00:00,49.7655335297,0.0
 09/15  17:00:00,49.2677125781,0.0
 09/15  18:00:00,37.3228565376,0.0
 09/15  19:00:00,41.142167829499996,0.0
 09/15  20:00:00,44.251346817,0.0
 09/15  21:00:00,22.3776491824,0.0
 09/15  22:00:00,15.1069992076,0.0
 09/15  23:00:00,15.1069992076,0.0
 09/15  24:00:00,15.1069992076,0.0
 09/16  01:00:00,14.657580751600001,0.0
 09/16  02:00:00,14.657580751600001,0.0
 09/16  03:00:00,14.657580751600001,0.0
 09/16  04:00:00,14.657580751600001,0.0
 09/16  05:00:00,14.657580751600001,0.0
 09/16  06:00:00,22.8888153486,99.687318622
 09/16  07:00:00,18.4047294335,78.0078141515
 09/16  08:00:00,23.671371458600003,72.9417869934
 09/16  09:00:00,37.3138344962,47.199013630699994
 09/16  10:00:00,49.1586237098,10.2690257276
 09/16  11:00:00,49.1586237098,0.0
 09/16  12:00:00,49.1586237098,0.0
 09/16  13:00:00,49.1605591271,0.0
 09/16  14:00:00,49.268664146099994,0.0
 09/16  15:00:00,49.270759095900004,0.0
 09/16  16:00:00,49.199346982200005,0.0
 09/16  17:00:00,49.1586237098,0.0
 09/16  18:00:00,32.766346817,0.0
 09/16  19:00:00,27.4997047919,0.345074579406
 09/16  20:00:00,35.1563714586,7.981942709360001
 09/16  21:00:00,26.0613961002,27.6200743679
 09/16  22:00:00,14.657580751600001,0.0
 09/16  23:00:00,14.657580751600001,0.0
 09/16  24:00:00,14.657580751600001,0.0
 09/17  01:00:00,14.657580751600001,0.0
 09/17  02:00:00,14.657580751600001,0.0
 09/17  03:00:00,14.657580751600001,0.0
 09/17  04:00:00,14.657580751600001,0.0
 09/17  05:00:00,14.657580751600001,0.0
 09/17  06:00:00,14.657580751600001,0.0
 09/17  07:00:00,7.000914084930001,0.0
 09/17  08:00:00,14.5763961002,138.528104006
 09/17  09:00:00,14.5763961002,100.126585692
 09/17  10:00:00,28.218859137800003,67.70892145810001
 09/17  11:00:00,28.218859137800003,44.6288663452
 09/17  12:00:00,37.3138344962,19.5065831537
 09/17  13:00:00,37.3138344962,11.317698135599999
 09/17  14:00:00,37.3138344962,6.06029475237
 09/17  15:00:00,37.3138344962,4.54771066672
 09/17  16:00:00,37.3138344962,1.4646302805700002
 09/17  17:00:00,28.218859137800003,3.47491007589
 09/17  18:00:00,19.1238837794,13.622258401
 09/17  19:00:00,7.000914084930001,0.0
 09/17  20:00:00,14.657580751600001,0.0
 09/17  21:00:00,14.657580751600001,0.0
 09/17  22:00:00,14.657580751600001,0.0
 09/17  23:00:00,14.657580751600001,0.0
 09/17  24:00:00,14.657580751600001,0.0
 09/18  01:00:00,15.1069992076,0.0
 09/18  02:00:00,15.1069992076,0.0
 09/18  03:00:00,15.1069992076,0.0
 09/18  04:00:00,15.1069992076,0.0
 09/18  05:00:00,15.1069992076,0.0
 09/18  06:00:00,23.3382338046,162.912778673
 09/18  07:00:00,22.9522171127,133.2932762
 09/18  08:00:00,32.766346817,113.98789465799999
 09/18  09:00:00,49.1586237098,80.87348905270001
 09/18  10:00:00,49.1586237098,52.0024385308
 09/18  11:00:00,49.1586237098,20.1311194063
 09/18  12:00:00,49.1586237098,2.45949025684
 09/18  13:00:00,49.1586237098,0.0
 09/18  14:00:00,49.1586237098,0.0
 09/18  15:00:00,49.1586237098,0.0
 09/18  16:00:00,49.1586237098,0.0
 09/18  17:00:00,49.1586237098,0.0
 09/18  18:00:00,37.3138344962,0.0
 09/18  19:00:00,43.0563344962,0.0
 09/18  20:00:00,44.251346817,4.4990162065499995
 09/18  21:00:00,22.3776491824,0.0
 09/18  22:00:00,15.1069992076,0.0
 09/18  23:00:00,15.1069992076,0.0
 09/18  24:00:00,15.1069992076,0.0
 09/19  01:00:00,15.1069992076,0.0
 09/19  02:00:00,15.1069992076,0.0
 09/19  03:00:00,15.1069992076,0.0
 09/19  04:00:00,15.1069992076,0.0
 09/19  05:00:00,15.1069992076,0.0
 09/19  06:00:00,23.3382338046,134.427165465
 09/19  07:00:00,22.9522171127,109.20442363299999
 09/19  08:00:00,32.766346817,91.73018634489999
 09/19  09:00:00,49.1586237098,57.9659355797
 09/19  10:00:00,49.1586237098,34.6346295494
 09/19  11:00:00,49.1586237098,6.74036054993
 09/19  12:00:00,49.1586237098,0.0
 09/19  13:00:00,49.1586237098,0.0
 09/19  14:00:00,49.540548164499995,0.0
 09/19  15:00:00,52.0789595142,0.0
 09/19  16:00:00,53.05415021,0.0
 09/19  17:00:00,52.7206049354,0.0
 09/19  18:00:00,39.4514969019,0.0
 09/19  19:00:00,43.369836013400004,0.0
 09/19  20:00:00,44.251346817,0.0
 09/19  21:00:00,22.3776491824,0.0
 09/19  22:00:00,15.1069992076,0.0
 09/19  23:00:00,15.1069992076,0.0
 09/19  24:00:00,15.1069992076,0.0
 09/20  01:00:00,15.1069992076,0.0
 09/20  02:00:00,15.1069992076,0.0
 09/20  03:00:00,15.1069992076,0.0
 09/20  04:00:00,15.1069992076,0.0
 09/20  05:00:00,15.1069992076,0.0
 09/20  06:00:00,23.3382338046,107.384778593
 09/20  07:00:00,22.9522171127,91.8259350919
 09/20  08:00:00,32.766346817,77.9128801013
 09/20  09:00:00,49.1586237098,49.4019434449
 09/20  10:00:00,49.1586237098,20.3679901079
 09/20  11:00:00,49.1586237098,0.055375413404
 09/20  12:00:00,49.1586237098,0.0
 09/20  13:00:00,49.530504809499995,0.0
 09/20  14:00:00,51.6288473509,0.0
 09/20  15:00:00,54.371988303500004,0.0
 09/20  16:00:00,54.966185000900005,0.0
 09/20  17:00:00,54.3866804266,0.0
 09/20  18:00:00,40.3165584717,0.0
 09/20  19:00:00,43.2148038718,0.0
 09/20  20:00:00,44.251346817,0.0
 09/20  21:00:00,22.3776491824,0.0
 09/20  22:00:00,15.1069992076,0.0
 09/20  23:00:00,15.1069992076,0.0
 09/20  24:00:00,15.1069992076,0.0
 09/21  01:00:00,15.1069992076,0.0
 09/21  02:00:00,15.1069992076,0.0
 09/21  03:00:00,15.1069992076,0.0
 09/21  04:00:00,15.1069992076,0.0
 09/21  05:00:00,15.1069992076,0.0
 09/21  06:00:00,23.3382338046,106.836374115
 09/21  07:00:00,22.9522171127,85.5319492131
 09/21  08:00:00,32.766346817,68.9328094021
 09/21  09:00:00,49.1586237098,36.9434551162
 09/21  10:00:00,49.1586237098,11.7273440653
 09/21  11:00:00,49.1586237098,3.14003957623e-05
 09/21  12:00:00,49.1586237098,0.0
 09/21  13:00:00,50.354520312700004,0.0
 09/21  14:00:00,53.9601520921,0.0
 09/21  15:00:00,56.7556802607,0.0
 09/21  16:00:00,57.599025005,0.0
 09/21  17:00:00,56.9661842255,0.0
 09/21  18:00:00,42.5369633152,0.0
 09/21  19:00:00,44.001257746499995,0.0
 09/21  20:00:00,44.251346817,0.0
 09/21  21:00:00,22.3776491824,0.0
 09/21  22:00:00,15.1069992076,0.0
 09/21  23:00:00,15.1069992076,0.0
 09/21  24:00:00,15.1069992076,0.0
 09/22  01:00:00,15.1069992076,0.0
 09/22  02:00:00,15.1069992076,0.0
 09/22  03:00:00,15.1069992076,0.0
 09/22  04:00:00,15.1069992076,0.0
 09/22  05:00:00,15.1069992076,0.0
 09/22  06:00:00,23.3382338046,99.2373517774
 09/22  07:00:00,22.9522171127,77.4533785794
 09/22  08:00:00,32.766346817,61.3651123341
 09/22  09:00:00,49.1586237098,32.9386591178
 09/22  10:00:00,49.1586237098,10.945791733599998
 09/22  11:00:00,49.1586237098,0.0
 09/22  12:00:00,49.1616673391,0.0
 09/22  13:00:00,50.5405898984,0.0
 09/22  14:00:00,54.793003195699995,0.0
 09/22  15:00:00,56.6494569145,0.0
 09/22  16:00:00,57.1505996909,0.0
 09/22  17:00:00,57.5683650257,0.0
 09/22  18:00:00,44.1228899542,0.0
 09/22  19:00:00,45.8526632845,0.0
 09/22  20:00:00,44.4480166536,0.0
 09/22  21:00:00,22.3776491824,0.0
 09/22  22:00:00,15.1069992076,0.0
 09/22  23:00:00,15.1069992076,0.0
 09/22  24:00:00,15.1069992076,0.0
 09/23  01:00:00,14.657580751600001,0.0
 09/23  02:00:00,14.657580751600001,0.0
 09/23  03:00:00,14.657580751600001,0.0
 09/23  04:00:00,14.657580751600001,0.0
 09/23  05:00:00,14.657580751600001,0.0
 09/23  06:00:00,22.8888153486,100.983845014
 09/23  07:00:00,18.4047294335,81.94223712649999
 09/23  08:00:00,23.671371458600003,72.2445075717
 09/23  09:00:00,37.3138344962,41.4348413033
 09/23  10:00:00,49.1586237098,8.39231693495
 09/23  11:00:00,49.1586237098,0.0
 09/23  12:00:00,49.649713927700006,0.0
 09/23  13:00:00,55.2311747695,0.0
 09/23  14:00:00,59.604378465299995,0.0
 09/23  15:00:00,61.603063371800005,0.0
 09/23  16:00:00,62.3460006393,0.0
 09/23  17:00:00,61.731604616700004,0.0
 09/23  18:00:00,41.0130303035,0.0
 09/23  19:00:00,33.311959965700005,0.0
 09/23  20:00:00,35.4431999644,0.0
 09/23  21:00:00,26.0613961002,0.0
 09/23  22:00:00,14.657580751600001,0.0
 09/23  23:00:00,14.657580751600001,0.0
 09/23  24:00:00,14.657580751600001,0.0
 09/24  01:00:00,14.657580751600001,0.0
 09/24  02:00:00,14.657580751600001,0.0
 09/24  03:00:00,14.657580751600001,0.0
 09/24  04:00:00,14.657580751600001,0.0
 09/24  05:00:00,14.657580751600001,0.0
 09/24  06:00:00,14.657580751600001,0.0
 09/24  07:00:00,8.9150807516,0.0
 09/24  08:00:00,14.5763961002,101.454466535
 09/24  09:00:00,14.5763961002,68.7201138061
 09/24  10:00:00,28.218859137800003,33.051570751999996
 09/24  11:00:00,28.218859137800003,3.37290289408
 09/24  12:00:00,37.3138344962,0.0
 09/24  13:00:00,37.6269708624,0.0
 09/24  14:00:00,41.3657933284,0.0
 09/24  15:00:00,44.6401638041,0.0
 09/24  16:00:00,46.607275927799996,0.0
 09/24  17:00:00,37.3504934529,0.0
 09/24  18:00:00,24.0640798696,0.0
 09/24  19:00:00,10.8292474183,0.0
 09/24  20:00:00,14.657580751600001,0.0
 09/24  21:00:00,14.657580751600001,0.0
 09/24  22:00:00,14.657580751600001,0.0
 09/24  23:00:00,14.657580751600001,0.0
 09/24  24:00:00,14.657580751600001,0.0
 09/25  01:00:00,15.1069992076,0.0
 09/25  02:00:00,15.1069992076,0.0
 09/25  03:00:00,15.1069992076,0.0
 09/25  04:00:00,15.1069992076,0.0
 09/25  05:00:00,15.1069992076,0.0
 09/25  06:00:00,23.3382338046,96.5291222892
 09/25  07:00:00,24.8663837794,81.1652311548
 09/25  08:00:00,32.766346817,64.2583854421
 09/25  09:00:00,49.1586237098,27.2817169819
 09/25  10:00:00,49.1586237098,2.34357059753
 09/25  11:00:00,49.1586237098,0.0
 09/25  12:00:00,49.9970929198,0.0
 09/25  13:00:00,54.035626634799996,0.0
 09/25  14:00:00,58.3664997816,0.0
 09/25  15:00:00,62.28904096,0.0
 09/25  16:00:00,63.886598291700004,0.0
 09/25  17:00:00,62.987302606499995,0.0
 09/25  18:00:00,48.3978330916,0.0
 09/25  19:00:00,50.9807858046,0.0
 09/25  20:00:00,46.9346083242,0.0
 09/25  21:00:00,22.3776491824,0.0
 09/25  22:00:00,15.1069992076,0.0
 09/25  23:00:00,15.1069992076,0.0
 09/25  24:00:00,15.1069992076,0.0
 09/26  01:00:00,15.1069992076,0.0
 09/26  02:00:00,15.1069992076,0.0
 09/26  03:00:00,15.1069992076,0.0
 09/26  04:00:00,15.1069992076,0.0
 09/26  05:00:00,15.1069992076,0.0
 09/26  06:00:00,23.3382338046,53.6594480018
 09/26  07:00:00,24.8663837794,48.2142129553
 09/26  08:00:00,32.766346817,38.525962614
 09/26  09:00:00,49.1586237098,9.49165666159
 09/26  10:00:00,49.1586237098,0.00014121554475
 09/26  11:00:00,49.3365046761,0.0
 09/26  12:00:00,52.8480472528,0.0
 09/26  13:00:00,57.1208544452,0.0
 09/26  14:00:00,60.277800069499996,0.0
 09/26  15:00:00,62.2968286429,0.0
 09/26  16:00:00,62.338901570699996,0.0
 09/26  17:00:00,61.4693523377,0.0
 09/26  18:00:00,45.922732654700006,0.0
 09/26  19:00:00,48.451866931400005,0.0
 09/26  20:00:00,44.8817054218,0.0
 09/26  21:00:00,22.3776491824,0.0
 09/26  22:00:00,15.1069992076,0.0
 09/26  23:00:00,15.1069992076,0.0
 09/26  24:00:00,15.1069992076,0.0
 09/27  01:00:00,15.1069992076,0.0
 09/27  02:00:00,15.1069992076,0.0
 09/27  03:00:00,15.1069992076,0.0
 09/27  04:00:00,15.1069992076,0.0
 09/27  05:00:00,15.1069992076,0.0
 09/27  06:00:00,23.3382338046,60.837919782600004
 09/27  07:00:00,24.8663837794,51.570343995
 09/27  08:00:00,32.766346817,37.858987079
 09/27  09:00:00,49.1586237098,11.276237343399998
 09/27  10:00:00,49.1586237098,0.223788915283
 09/27  11:00:00,49.1745702291,0.0
 09/27  12:00:00,51.942017406800005,0.0
 09/27  13:00:00,56.8659039803,0.0
 09/27  14:00:00,59.3935069828,0.0
 09/27  15:00:00,61.7068733924,0.0
 09/27  16:00:00,62.3057255614,0.0
 09/27  17:00:00,60.7150662576,0.0
 09/27  18:00:00,45.3794498615,0.0
 09/27  19:00:00,48.3716542305,0.0
 09/27  20:00:00,44.6635721939,0.0
 09/27  21:00:00,22.3776491824,0.0
 09/27  22:00:00,15.1069992076,0.0
 09/27  23:00:00,15.1069992076,0.0
 09/27  24:00:00,15.1069992076,0.0
 09/28  01:00:00,15.1069992076,0.0
 09/28  02:00:00,15.1069992076,0.0
 09/28  03:00:00,15.1069992076,0.0
 09/28  04:00:00,15.1069992076,0.0
 09/28  05:00:00,15.1069992076,0.0
 09/28  06:00:00,23.3382338046,62.477051042
 09/28  07:00:00,24.8663837794,52.279190992299995
 09/28  08:00:00,32.766346817,42.6902578127
 09/28  09:00:00,49.1586237098,12.1447084256
 09/28  10:00:00,49.1586237098,0.00013901002948
 09/28  11:00:00,49.17578196189999,0.0
 09/28  12:00:00,51.9946072065,0.0
 09/28  13:00:00,56.908299673500004,0.0
 09/28  14:00:00,60.1542112571,0.0
 09/28  15:00:00,63.0034919103,0.0
 09/28  16:00:00,63.7033056071,0.0
 09/28  17:00:00,61.7116773891,0.0
 09/28  18:00:00,46.5206728634,0.0
 09/28  19:00:00,49.711178625600006,0.0
 09/28  20:00:00,46.1686275549,0.0
 09/28  21:00:00,22.3776491824,0.0
 09/28  22:00:00,15.1069992076,0.0
 09/28  23:00:00,15.1069992076,0.0
 09/28  24:00:00,15.1069992076,0.0
 09/29  01:00:00,15.1069992076,0.0
 09/29  02:00:00,15.1069992076,0.0
 09/29  03:00:00,15.1069992076,0.0
 09/29  04:00:00,15.1069992076,0.0
 09/29  05:00:00,15.1069992076,0.0
 09/29  06:00:00,23.3382338046,60.757963015200005
 09/29  07:00:00,24.8663837794,51.2880940963
 09/29  08:00:00,32.766346817,42.1519496062
 09/29  09:00:00,49.1586237098,16.9957176689
 09/29  10:00:00,49.1586237098,1.02590871266
 09/29  11:00:00,49.1586237098,0.0
 09/29  12:00:00,50.4578741664,0.0
 09/29  13:00:00,54.809188168599995,0.0
 09/29  14:00:00,57.444322336099994,0.0
 09/29  15:00:00,60.1565528273,0.0
 09/29  16:00:00,60.7889227978,0.0
 09/29  17:00:00,60.0195522716,0.0
 09/29  18:00:00,44.655022231000004,0.0
 09/29  19:00:00,48.834471431000004,0.0
 09/29  20:00:00,44.353027250699995,0.0
 09/29  21:00:00,22.3776491824,0.0
 09/29  22:00:00,15.1069992076,0.0
 09/29  23:00:00,15.1069992076,0.0
 09/29  24:00:00,15.1069992076,0.0
 09/30  01:00:00,14.657580751600001,0.0
 09/30  02:00:00,14.657580751600001,0.0
 09/30  03:00:00,14.657580751600001,0.0
 09/30  04:00:00,14.657580751600001,0.0
 09/30  05:00:00,14.657580751600001,0.0
 09/30  06:00:00,22.8888153486,79.2953168007
 09/30  07:00:00,20.3188961002,64.9743009099
 09/30  08:00:00,23.671371458600003,52.952088617200005
 09/30  09:00:00,37.3138344962,25.6121185666
 09/30  10:00:00,49.1586237098,1.3917642225799998
 09/30  11:00:00,49.1586237098,0.0
 09/30  12:00:00,49.8420171775,0.0
 09/30  13:00:00,54.2771275287,0.0
 09/30  14:00:00,57.4638866873,0.0
 09/30  15:00:00,59.8765092365,0.0
 09/30  16:00:00,60.9826061452,0.0
 09/30  17:00:00,59.135143311899995,0.0
 09/30  18:00:00,37.6139281987,0.0
 09/30  19:00:00,34.020969894299995,0.0
 09/30  20:00:00,35.1563714586,0.0
 09/30  21:00:00,26.0613961002,0.0
 09/30  22:00:00,14.657580751600001,0.0
 09/30  23:00:00,14.657580751600001,0.0
 09/30  24:00:00,14.657580751600001,0.0
 10/01  01:00:00,14.657580751600001,0.0
 10/01  02:00:00,14.657580751600001,0.0
 10/01  03:00:00,14.657580751600001,0.0
 10/01  04:00:00,14.657580751600001,0.0
 10/01  05:00:00,14.657580751600001,0.0
 10/01  06:00:00,14.657580751600001,0.0
 10/01  07:00:00,8.9150807516,0.0
 10/01  08:00:00,14.5763961002,124.628425741
 10/01  09:00:00,14.5763961002,88.07137278489999
 10/01  10:00:00,28.218859137800003,60.3173492187
 10/01  11:00:00,28.218859137800003,38.4577863083
 10/01  12:00:00,37.3138344962,4.36834395654
 10/01  13:00:00,37.3138344962,0.0
 10/01  14:00:00,37.3138344962,0.0
 10/01  15:00:00,37.3138344962,0.0
 10/01  16:00:00,37.3138344962,0.0
 10/01  17:00:00,28.218859137800003,0.0
 10/01  18:00:00,19.1238837794,0.0
 10/01  19:00:00,12.7434140849,0.0
 10/01  20:00:00,14.657580751600001,0.0
 10/01  21:00:00,14.657580751600001,0.0
 10/01  22:00:00,14.657580751600001,0.0
 10/01  23:00:00,14.657580751600001,0.0
 10/01  24:00:00,14.657580751600001,0.0
 10/02  01:00:00,15.1069992076,0.0
 10/02  02:00:00,15.1069992076,0.0
 10/02  03:00:00,15.1069992076,0.0
 10/02  04:00:00,15.1069992076,0.0
 10/02  05:00:00,15.1069992076,0.0
 10/02  06:00:00,23.3382338046,131.461865626
 10/02  07:00:00,24.8663837794,105.892966323
 10/02  08:00:00,32.766346817,92.27162325340001
 10/02  09:00:00,49.1586237098,68.27356106180001
 10/02  10:00:00,49.1586237098,59.7484381704
 10/02  11:00:00,49.1586237098,42.5951505154
 10/02  12:00:00,49.1586237098,27.2896402177
 10/02  13:00:00,49.1586237098,12.927377236600002
 10/02  14:00:00,49.1586237098,2.6533840931099997
 10/02  15:00:00,49.1586237098,0.0
 10/02  16:00:00,49.1586237098,0.0763323633475
 10/02  17:00:00,49.1586237098,3.6471651693
 10/02  18:00:00,37.3138344962,14.8937530617
 10/02  19:00:00,46.884667829499996,34.3542724203
 10/02  20:00:00,44.251346817,41.2410127328
 10/02  21:00:00,22.3776491824,0.0
 10/02  22:00:00,15.1069992076,0.0
 10/02  23:00:00,15.1069992076,0.0
 10/02  24:00:00,15.1069992076,0.0
 10/03  01:00:00,15.1069992076,0.0
 10/03  02:00:00,15.1069992076,0.0
 10/03  03:00:00,15.1069992076,0.0
 10/03  04:00:00,15.1069992076,0.0
 10/03  05:00:00,15.1069992076,0.0
 10/03  06:00:00,23.3382338046,142.159790315
 10/03  07:00:00,26.7805504461,112.73946166
 10/03  08:00:00,32.766346817,94.71977187270001
 10/03  09:00:00,49.1586237098,72.83430104979999
 10/03  10:00:00,49.1586237098,71.67685991180001
 10/03  11:00:00,49.1586237098,58.87054759229999
 10/03  12:00:00,49.1586237098,40.053832436
 10/03  13:00:00,49.1586237098,26.695270503099998
 10/03  14:00:00,49.1586237098,20.4963719777
 10/03  15:00:00,49.1586237098,13.4887589134
 10/03  16:00:00,49.1586237098,9.15482559114
 10/03  17:00:00,49.1586237098,13.091138834
 10/03  18:00:00,37.3138344962,24.032500337
 10/03  19:00:00,46.884667829499996,41.4311494421
 10/03  20:00:00,44.251346817,53.3282123118
 10/03  21:00:00,22.3776491824,0.0
 10/03  22:00:00,15.1069992076,0.0
 10/03  23:00:00,15.1069992076,0.0
 10/03  24:00:00,15.1069992076,0.0
 10/04  01:00:00,15.1069992076,0.0
 10/04  02:00:00,15.1069992076,0.0
 10/04  03:00:00,15.1069992076,0.0
 10/04  04:00:00,15.1069992076,0.0
 10/04  05:00:00,15.1069992076,0.0
 10/04  06:00:00,23.3382338046,177.01513691099998
 10/04  07:00:00,26.7805504461,140.459829137
 10/04  08:00:00,32.766346817,120.01040138100001
 10/04  09:00:00,49.1586237098,87.304004915
 10/04  10:00:00,49.1586237098,58.636995048100005
 10/04  11:00:00,49.1586237098,29.7791224175
 10/04  12:00:00,49.1586237098,16.3225986903
 10/04  13:00:00,49.1586237098,13.7939787995
 10/04  14:00:00,49.1586237098,10.893208017200001
 10/04  15:00:00,49.1586237098,5.5713943654
 10/04  16:00:00,49.1586237098,6.20389809276
 10/04  17:00:00,49.1586237098,12.150925001
 10/04  18:00:00,37.3138344962,24.346878019400002
 10/04  19:00:00,46.884667829499996,39.7282711753
 10/04  20:00:00,44.251346817,52.262368217399995
 10/04  21:00:00,22.3776491824,0.0
 10/04  22:00:00,15.1069992076,0.0
 10/04  23:00:00,15.1069992076,0.0
 10/04  24:00:00,15.1069992076,0.0
 10/05  01:00:00,15.1069992076,0.0
 10/05  02:00:00,15.1069992076,0.0
 10/05  03:00:00,15.1069992076,0.0
 10/05  04:00:00,15.1069992076,0.0
 10/05  05:00:00,15.1069992076,0.0
 10/05  06:00:00,23.3382338046,188.76473125299998
 10/05  07:00:00,26.7805504461,155.056884474
 10/05  08:00:00,32.766346817,137.093558019
 10/05  09:00:00,49.1586237098,102.53589096799999
 10/05  10:00:00,49.1586237098,77.69637154819999
 10/05  11:00:00,49.1586237098,46.6332940555
 10/05  12:00:00,49.1586237098,32.2404839958
 10/05  13:00:00,49.1586237098,24.4557660969
 10/05  14:00:00,49.1586237098,12.5606452064
 10/05  15:00:00,49.1586237098,3.70258472557
 10/05  16:00:00,49.1586237098,3.61968684555
 10/05  17:00:00,49.1586237098,8.5499332637
 10/05  18:00:00,37.3138344962,19.8033716439
 10/05  19:00:00,48.7988344962,41.4252520555
 10/05  20:00:00,44.251346817,53.7319344025
 10/05  21:00:00,22.3776491824,0.0
 10/05  22:00:00,15.1069992076,0.0
 10/05  23:00:00,15.1069992076,0.0
 10/05  24:00:00,15.1069992076,0.0
 10/06  01:00:00,15.1069992076,0.0
 10/06  02:00:00,15.1069992076,0.0
 10/06  03:00:00,15.1069992076,0.0
 10/06  04:00:00,15.1069992076,0.0
 10/06  05:00:00,15.1069992076,0.0
 10/06  06:00:00,23.3382338046,183.939546667
 10/06  07:00:00,26.7805504461,149.874805418
 10/06  08:00:00,32.766346817,131.045586452
 10/06  09:00:00,49.1586237098,96.17308849530001
 10/06  10:00:00,49.1586237098,71.4620688726
 10/06  11:00:00,49.1586237098,39.7557566975
 10/06  12:00:00,49.1586237098,13.7292128147
 10/06  13:00:00,49.1586237098,1.13387210954
 10/06  14:00:00,49.1586237098,0.0
 10/06  15:00:00,49.1586237098,0.0
 10/06  16:00:00,49.1586237098,0.0
 10/06  17:00:00,49.1586237098,0.0
 10/06  18:00:00,37.3138344962,0.670714437697
 10/06  19:00:00,48.7988344962,15.028813803199998
 10/06  20:00:00,44.251346817,33.648498340799996
 10/06  21:00:00,22.3776491824,0.0
 10/06  22:00:00,15.1069992076,0.0
 10/06  23:00:00,15.1069992076,0.0
 10/06  24:00:00,15.1069992076,0.0
 10/07  01:00:00,14.657580751600001,0.0
 10/07  02:00:00,14.657580751600001,0.0
 10/07  03:00:00,14.657580751600001,0.0
 10/07  04:00:00,14.657580751600001,0.0
 10/07  05:00:00,14.657580751600001,0.0
 10/07  06:00:00,22.8888153486,162.768777033
 10/07  07:00:00,22.2330627669,131.88174669
 10/07  08:00:00,23.671371458600003,115.89900666700001
 10/07  09:00:00,37.3138344962,82.9790082869
 10/07  10:00:00,49.1586237098,49.196207635
 10/07  11:00:00,49.1586237098,15.125631876
 10/07  12:00:00,49.1586237098,0.292608925665
 10/07  13:00:00,49.1586237098,0.0
 10/07  14:00:00,49.1586237098,0.0
 10/07  15:00:00,49.1586237098,0.0
 10/07  16:00:00,49.1586237098,0.0
 10/07  17:00:00,49.1586237098,0.0
 10/07  18:00:00,32.766346817,0.0
 10/07  19:00:00,35.1563714586,2.23954449402
 10/07  20:00:00,35.1563714586,10.858695519400001
 10/07  21:00:00,26.0613961002,24.5168921529
 10/07  22:00:00,14.657580751600001,0.0
 10/07  23:00:00,14.657580751600001,0.0
 10/07  24:00:00,14.657580751600001,0.0
 10/08  01:00:00,14.657580751600001,0.0
 10/08  02:00:00,14.657580751600001,0.0
 10/08  03:00:00,14.657580751600001,0.0
 10/08  04:00:00,14.657580751600001,0.0
 10/08  05:00:00,14.657580751600001,0.0
 10/08  06:00:00,14.657580751600001,0.0
 10/08  07:00:00,10.8292474183,0.0
 10/08  08:00:00,14.5763961002,115.53694958700001
 10/08  09:00:00,14.5763961002,98.0884784302
 10/08  10:00:00,28.218859137800003,87.57781382729999
 10/08  11:00:00,28.218859137800003,80.3492326757
 10/08  12:00:00,37.3138344962,63.42545135140001
 10/08  13:00:00,37.3138344962,55.5765684823
 10/08  14:00:00,37.3138344962,41.097766709
 10/08  15:00:00,37.3138344962,27.3472611629
 10/08  16:00:00,37.3138344962,22.6128107399
 10/08  17:00:00,28.218859137800003,38.0316768618
 10/08  18:00:00,19.1238837794,51.9442640189
 10/08  19:00:00,14.657580751600001,0.0
 10/08  20:00:00,14.657580751600001,0.0
 10/08  21:00:00,14.657580751600001,0.0
 10/08  22:00:00,14.657580751600001,0.0
 10/08  23:00:00,14.657580751600001,0.0
 10/08  24:00:00,14.657580751600001,0.0
 10/09  01:00:00,14.657580751600001,0.0
 10/09  02:00:00,14.657580751600001,0.0
 10/09  03:00:00,14.657580751600001,0.0
 10/09  04:00:00,14.657580751600001,0.0
 10/09  05:00:00,14.657580751600001,0.0
 10/09  06:00:00,14.657580751600001,0.0
 10/09  07:00:00,10.8292474183,0.0
 10/09  08:00:00,14.5763961002,172.05932381
 10/09  09:00:00,14.5763961002,127.086814047
 10/09  10:00:00,28.218859137800003,92.98739878219999
 10/09  11:00:00,28.218859137800003,63.4304120577
 10/09  12:00:00,37.3138344962,37.8794563142
 10/09  13:00:00,37.3138344962,27.3149582688
 10/09  14:00:00,37.3138344962,15.1140554656
 10/09  15:00:00,37.3138344962,10.2228067687
 10/09  16:00:00,37.3138344962,7.6091077595200005
 10/09  17:00:00,28.218859137800003,24.488869358800002
 10/09  18:00:00,19.1238837794,42.2444337578
 10/09  19:00:00,14.657580751600001,0.0
 10/09  20:00:00,14.657580751600001,0.0
 10/09  21:00:00,14.657580751600001,0.0
 10/09  22:00:00,14.657580751600001,0.0
 10/09  23:00:00,14.657580751600001,0.0
 10/09  24:00:00,14.657580751600001,0.0
 10/10  01:00:00,15.1069992076,0.0
 10/10  02:00:00,15.1069992076,0.0
 10/10  03:00:00,15.1069992076,0.0
 10/10  04:00:00,15.1069992076,0.0
 10/10  05:00:00,15.1069992076,0.0
 10/10  06:00:00,23.3382338046,184.552063827
 10/10  07:00:00,26.7805504461,150.474607253
 10/10  08:00:00,32.766346817,132.44401622799998
 10/10  09:00:00,49.1586237098,99.36645581
 10/10  10:00:00,49.1586237098,73.805742511
 10/10  11:00:00,49.1586237098,40.4135323883
 10/10  12:00:00,49.1586237098,19.9019398132
 10/10  13:00:00,49.1586237098,5.77854296331
 10/10  14:00:00,49.1586237098,0.05069558913919999
 10/10  15:00:00,49.1586237098,0.0
 10/10  16:00:00,49.1586237098,0.0
 10/10  17:00:00,49.1586237098,0.0
 10/10  18:00:00,37.3138344962,5.734211771440001
 10/10  19:00:00,48.7988344962,28.454095506399998
 10/10  20:00:00,44.251346817,49.0255952814
 10/10  21:00:00,22.3776491824,0.0
 10/10  22:00:00,15.1069992076,0.0
 10/10  23:00:00,15.1069992076,0.0
 10/10  24:00:00,15.1069992076,0.0
 10/11  01:00:00,15.1069992076,0.0
 10/11  02:00:00,15.1069992076,0.0
 10/11  03:00:00,15.1069992076,0.0
 10/11  04:00:00,15.1069992076,0.0
 10/11  05:00:00,15.1069992076,0.0
 10/11  06:00:00,23.3382338046,172.391443523
 10/11  07:00:00,26.7805504461,137.766903267
 10/11  08:00:00,32.766346817,120.87073354399999
 10/11  09:00:00,49.1586237098,89.8648040227
 10/11  10:00:00,49.1586237098,66.2720137097
 10/11  11:00:00,49.1586237098,42.3882234884
 10/11  12:00:00,49.1586237098,26.7408649614
 10/11  13:00:00,49.1586237098,12.0066221375
 10/11  14:00:00,49.1586237098,4.09485669829
 10/11  15:00:00,49.1586237098,0.185068737528
 10/11  16:00:00,49.1586237098,0.41191657842699997
 10/11  17:00:00,49.1586237098,4.17499621921
 10/11  18:00:00,39.2280011629,15.728762688
 10/11  19:00:00,48.7988344962,28.705722164
 10/11  20:00:00,44.251346817,32.7963181415
 10/11  21:00:00,22.3776491824,0.0
 10/11  22:00:00,15.1069992076,0.0
 10/11  23:00:00,15.1069992076,0.0
 10/11  24:00:00,15.1069992076,0.0
 10/12  01:00:00,15.1069992076,0.0
 10/12  02:00:00,15.1069992076,0.0
 10/12  03:00:00,15.1069992076,0.0
 10/12  04:00:00,15.1069992076,0.0
 10/12  05:00:00,15.1069992076,0.0
 10/12  06:00:00,23.3382338046,158.768665089
 10/12  07:00:00,28.6947171127,124.79009115299999
 10/12  08:00:00,32.766346817,107.048189886
 10/12  09:00:00,49.1586237098,77.8014115173
 10/12  10:00:00,49.1586237098,53.4438766025
 10/12  11:00:00,49.1586237098,24.0473434358
 10/12  12:00:00,49.1586237098,7.41988623388
 10/12  13:00:00,49.1586237098,0.708093548635
 10/12  14:00:00,49.1586237098,0.0
 10/12  15:00:00,49.1586237098,0.0
 10/12  16:00:00,49.1586237098,0.0
 10/12  17:00:00,49.1586237098,0.0
 10/12  18:00:00,39.2280011629,1.05959410072
 10/12  19:00:00,48.7988344962,19.2379556701
 10/12  20:00:00,44.251346817,33.6648351192
 10/12  21:00:00,22.3776491824,0.0
 10/12  22:00:00,15.1069992076,0.0
 10/12  23:00:00,15.1069992076,0.0
 10/12  24:00:00,15.1069992076,0.0
 10/13  01:00:00,15.1069992076,0.0
 10/13  02:00:00,15.1069992076,0.0
 10/13  03:00:00,15.1069992076,0.0
 10/13  04:00:00,15.1069992076,0.0
 10/13  05:00:00,15.1069992076,0.0
 10/13  06:00:00,23.3382338046,154.012679099
 10/13  07:00:00,28.6947171127,125.211925187
 10/13  08:00:00,32.766346817,108.586264156
 10/13  09:00:00,49.1586237098,77.3077088279
 10/13  10:00:00,49.1586237098,48.7678208953
 10/13  11:00:00,49.1586237098,12.3700686608
 10/13  12:00:00,49.1586237098,0.07508093329210001
 10/13  13:00:00,49.1586237098,0.0
 10/13  14:00:00,49.1586237098,0.0
 10/13  15:00:00,49.1586237098,0.0
 10/13  16:00:00,49.1894324801,0.0
 10/13  17:00:00,49.1586237098,0.0
 10/13  18:00:00,39.2280011629,0.0
 10/13  19:00:00,48.7988344962,0.0
 10/13  20:00:00,44.251346817,4.61325632545
 10/13  21:00:00,22.3776491824,0.0
 10/13  22:00:00,15.1069992076,0.0
 10/13  23:00:00,15.1069992076,0.0
 10/13  24:00:00,15.1069992076,0.0
 10/14  01:00:00,14.657580751600001,0.0
 10/14  02:00:00,14.657580751600001,0.0
 10/14  03:00:00,14.657580751600001,0.0
 10/14  04:00:00,14.657580751600001,0.0
 10/14  05:00:00,14.657580751600001,0.0
 10/14  06:00:00,22.8888153486,132.195823197
 10/14  07:00:00,24.147229433499998,107.33825091700001
 10/14  08:00:00,23.671371458600003,93.0655938336
 10/14  09:00:00,37.3138344962,64.39374899399999
 10/14  10:00:00,49.1586237098,32.013645093600005
 10/14  11:00:00,49.1586237098,3.6894159758300002
 10/14  12:00:00,49.1586237098,0.0
 10/14  13:00:00,49.1586237098,0.0
 10/14  14:00:00,49.3810031872,0.0
 10/14  15:00:00,50.39506149939999,0.0
 10/14  16:00:00,51.0559221257,0.0
 10/14  17:00:00,49.974945052200006,0.0
 10/14  18:00:00,34.6805134837,0.0
 10/14  19:00:00,35.1563714586,0.0
 10/14  20:00:00,35.1563714586,3.69448915804
 10/14  21:00:00,26.0613961002,27.436127805
 10/14  22:00:00,14.657580751600001,0.0
 10/14  23:00:00,14.657580751600001,0.0
 10/14  24:00:00,14.657580751600001,0.0
 10/15  01:00:00,14.657580751600001,0.0
 10/15  02:00:00,14.657580751600001,0.0
 10/15  03:00:00,14.657580751600001,0.0
 10/15  04:00:00,14.657580751600001,0.0
 10/15  05:00:00,14.657580751600001,0.0
 10/15  06:00:00,14.657580751600001,0.0
 10/15  07:00:00,12.7434140849,0.0
 10/15  08:00:00,14.5763961002,124.404999105
 10/15  09:00:00,14.5763961002,94.91786331770001
 10/15  10:00:00,28.218859137800003,64.8567253718
 10/15  11:00:00,28.218859137800003,38.4161180816
 10/15  12:00:00,37.3138344962,5.5973365718800006
 10/15  13:00:00,37.3138344962,1.69725771908e-06
 10/15  14:00:00,37.3138344962,0.0
 10/15  15:00:00,37.3138344962,0.0
 10/15  16:00:00,37.3138344962,0.0
 10/15  17:00:00,28.218859137800003,0.648683028314
 10/15  18:00:00,21.038050446099998,18.1403551078
 10/15  19:00:00,14.657580751600001,0.0
 10/15  20:00:00,14.657580751600001,0.0
 10/15  21:00:00,14.657580751600001,0.0
 10/15  22:00:00,14.657580751600001,0.0
 10/15  23:00:00,14.657580751600001,0.0
 10/15  24:00:00,14.657580751600001,0.0
 10/16  01:00:00,15.1069992076,0.0
 10/16  02:00:00,15.1069992076,0.0
 10/16  03:00:00,15.1069992076,0.0
 10/16  04:00:00,15.1069992076,0.0
 10/16  05:00:00,15.1069992076,0.0
 10/16  06:00:00,23.3382338046,150.188771231
 10/16  07:00:00,28.6947171127,118.590999029
 10/16  08:00:00,32.766346817,102.835058709
 10/16  09:00:00,49.1586237098,76.92184569279999
 10/16  10:00:00,49.1586237098,51.4332454271
 10/16  11:00:00,49.1586237098,23.3374073158
 10/16  12:00:00,49.1586237098,9.743997499279999
 10/16  13:00:00,49.1586237098,0.579949237252
 10/16  14:00:00,49.1586237098,0.0
 10/16  15:00:00,49.1586237098,0.0
 10/16  16:00:00,49.1586237098,0.0
 10/16  17:00:00,49.1586237098,0.0
 10/16  18:00:00,41.142167829499996,0.0
 10/16  19:00:00,48.7988344962,6.69870366135
 10/16  20:00:00,44.251346817,23.6403181103
 10/16  21:00:00,22.3776491824,0.0
 10/16  22:00:00,15.1069992076,0.0
 10/16  23:00:00,15.1069992076,0.0
 10/16  24:00:00,15.1069992076,0.0
 10/17  01:00:00,15.1069992076,0.0
 10/17  02:00:00,15.1069992076,0.0
 10/17  03:00:00,15.1069992076,0.0
 10/17  04:00:00,15.1069992076,0.0
 10/17  05:00:00,15.1069992076,0.0
 10/17  06:00:00,23.3382338046,140.123400204
 10/17  07:00:00,28.6947171127,111.60791120799999
 10/17  08:00:00,32.766346817,101.416676674
 10/17  09:00:00,49.1586237098,76.7798090579
 10/17  10:00:00,49.1586237098,49.821978378800004
 10/17  11:00:00,49.1586237098,23.6418332854
 10/17  12:00:00,49.1586237098,6.52955073564
 10/17  13:00:00,49.1586237098,0.151309780156
 10/17  14:00:00,49.1586237098,0.0
 10/17  15:00:00,49.1586237098,0.0
 10/17  16:00:00,49.1586237098,0.0
 10/17  17:00:00,49.1586237098,0.0
 10/17  18:00:00,41.142167829499996,0.0
 10/17  19:00:00,48.7988344962,7.86304006714
 10/17  20:00:00,44.251346817,24.6970656719
 10/17  21:00:00,22.3776491824,0.0
 10/17  22:00:00,15.1069992076,0.0
 10/17  23:00:00,15.1069992076,0.0
 10/17  24:00:00,15.1069992076,0.0
 10/18  01:00:00,15.1069992076,0.0
 10/18  02:00:00,15.1069992076,0.0
 10/18  03:00:00,15.1069992076,0.0
 10/18  04:00:00,15.1069992076,0.0
 10/18  05:00:00,15.1069992076,0.0
 10/18  06:00:00,23.3382338046,142.83335543200002
 10/18  07:00:00,28.6947171127,113.94550223799999
 10/18  08:00:00,32.766346817,99.11900366260001
 10/18  09:00:00,49.1586237098,66.6500197682
 10/18  10:00:00,49.1586237098,37.4930610539
 10/18  11:00:00,49.1586237098,5.75015220378
 10/18  12:00:00,49.1586237098,0.0
 10/18  13:00:00,49.1586237098,0.0
 10/18  14:00:00,49.185344358900004,0.0
 10/18  15:00:00,49.5886366437,0.0
 10/18  16:00:00,49.7698817194,0.0
 10/18  17:00:00,49.309108648,0.0
 10/18  18:00:00,41.142167829499996,0.0
 10/18  19:00:00,48.7988344962,0.0
 10/18  20:00:00,44.251346817,2.81653981143
 10/18  21:00:00,22.3776491824,0.0
 10/18  22:00:00,15.1069992076,0.0
 10/18  23:00:00,15.1069992076,0.0
 10/18  24:00:00,15.1069992076,0.0
 10/19  01:00:00,15.1069992076,0.0
 10/19  02:00:00,15.1069992076,0.0
 10/19  03:00:00,15.1069992076,0.0
 10/19  04:00:00,15.1069992076,0.0
 10/19  05:00:00,15.1069992076,0.0
 10/19  06:00:00,23.3382338046,108.67485947799999
 10/19  07:00:00,28.6947171127,87.68595480469999
 10/19  08:00:00,32.766346817,77.6478105979
 10/19  09:00:00,49.1586237098,52.1521782585
 10/19  10:00:00,49.1586237098,28.0680249342
 10/19  11:00:00,49.1586237098,4.99225755321
 10/19  12:00:00,49.1586237098,0.015606047276999999
 10/19  13:00:00,49.1586237098,0.0
 10/19  14:00:00,49.1614771738,0.0
 10/19  15:00:00,49.218493493400004,0.0
 10/19  16:00:00,49.1641619329,0.0
 10/19  17:00:00,49.1586237098,0.0
 10/19  18:00:00,41.142167829499996,0.0
 10/19  19:00:00,48.7988344962,0.0
 10/19  20:00:00,44.251346817,2.34821626185
 10/19  21:00:00,22.3776491824,0.0
 10/19  22:00:00,15.1069992076,0.0
 10/19  23:00:00,15.1069992076,0.0
 10/19  24:00:00,15.1069992076,0.0
 10/20  01:00:00,15.1069992076,0.0
 10/20  02:00:00,15.1069992076,0.0
 10/20  03:00:00,15.1069992076,0.0
 10/20  04:00:00,15.1069992076,0.0
 10/20  05:00:00,15.1069992076,0.0
 10/20  06:00:00,23.3382338046,140.681255614
 10/20  07:00:00,30.6088837794,115.44002926299999
 10/20  08:00:00,32.766346817,101.9423007
 10/20  09:00:00,49.1586237098,76.4253952046
 10/20  10:00:00,49.1586237098,60.2106211649
 10/20  11:00:00,49.1586237098,37.8551804688
 10/20  12:00:00,49.1586237098,15.7720670829
 10/20  13:00:00,49.1586237098,1.69152027023
 10/20  14:00:00,49.1586237098,0.0
 10/20  15:00:00,49.1586237098,0.0
 10/20  16:00:00,49.1586237098,0.0
 10/20  17:00:00,49.1586237098,0.0
 10/20  18:00:00,41.142167829499996,0.0
 10/20  19:00:00,48.7988344962,12.082448476500002
 10/20  20:00:00,44.251346817,31.1476917381
 10/20  21:00:00,22.3776491824,0.0
 10/20  22:00:00,15.1069992076,0.0
 10/20  23:00:00,15.1069992076,0.0
 10/20  24:00:00,15.1069992076,0.0
 10/21  01:00:00,14.657580751600001,0.0
 10/21  02:00:00,14.657580751600001,0.0
 10/21  03:00:00,14.657580751600001,0.0
 10/21  04:00:00,14.657580751600001,0.0
 10/21  05:00:00,14.657580751600001,0.0
 10/21  06:00:00,22.8888153486,159.77274062
 10/21  07:00:00,26.0613961002,130.289464603
 10/21  08:00:00,23.671371458600003,117.570451838
 10/21  09:00:00,37.3138344962,86.19063617559999
 10/21  10:00:00,49.1586237098,56.2966264675
 10/21  11:00:00,49.1586237098,26.6117617909
 10/21  12:00:00,49.1586237098,5.197797141780001
 10/21  13:00:00,49.1586237098,6.62352962967e-05
 10/21  14:00:00,49.1586237098,0.0
 10/21  15:00:00,49.1586237098,0.0
 10/21  16:00:00,49.1586237098,0.0
 10/21  17:00:00,49.1586237098,0.0
 10/21  18:00:00,36.5946801503,5.782756132699999
 10/21  19:00:00,35.1563714586,23.917192405
 10/21  20:00:00,35.1563714586,37.3472334387
 10/21  21:00:00,26.0613961002,55.4740861732
 10/21  22:00:00,14.657580751600001,0.0
 10/21  23:00:00,14.657580751600001,0.0
 10/21  24:00:00,14.657580751600001,0.0
 10/22  01:00:00,14.657580751600001,0.0
 10/22  02:00:00,14.657580751600001,0.0
 10/22  03:00:00,14.657580751600001,0.0
 10/22  04:00:00,14.657580751600001,0.0
 10/22  05:00:00,14.657580751600001,0.0
 10/22  06:00:00,14.657580751600001,0.0
 10/22  07:00:00,14.657580751600001,0.0
 10/22  08:00:00,14.5763961002,160.184144909
 10/22  09:00:00,14.5763961002,117.61123441299999
 10/22  10:00:00,28.218859137800003,80.82899009020001
 10/22  11:00:00,28.218859137800003,51.451516293199994
 10/22  12:00:00,37.3138344962,16.6927351682
 10/22  13:00:00,37.3138344962,1.4665481104700002
 10/22  14:00:00,37.3138344962,0.00019712676424900002
 10/22  15:00:00,37.3138344962,0.0
 10/22  16:00:00,37.3138344962,0.0
 10/22  17:00:00,28.218859137800003,0.0
 10/22  18:00:00,22.9522171127,7.174659944069999
 10/22  19:00:00,14.657580751600001,0.0
 10/22  20:00:00,14.657580751600001,0.0
 10/22  21:00:00,14.657580751600001,0.0
 10/22  22:00:00,14.657580751600001,0.0
 10/22  23:00:00,14.657580751600001,0.0
 10/22  24:00:00,14.657580751600001,0.0
 10/23  01:00:00,15.1069992076,0.0
 10/23  02:00:00,15.1069992076,0.0
 10/23  03:00:00,15.1069992076,0.0
 10/23  04:00:00,15.1069992076,0.0
 10/23  05:00:00,15.1069992076,0.0
 10/23  06:00:00,23.3382338046,141.653425785
 10/23  07:00:00,30.6088837794,114.21109413299999
 10/23  08:00:00,32.766346817,100.46884635200001
 10/23  09:00:00,49.1586237098,68.6892356428
 10/23  10:00:00,49.1586237098,42.401232718
 10/23  11:00:00,49.1586237098,10.2837103429
 10/23  12:00:00,49.1586237098,4.95034689955e-05
 10/23  13:00:00,49.1586237098,0.0
 10/23  14:00:00,49.1771254693,0.0
 10/23  15:00:00,49.5142140578,0.0
 10/23  16:00:00,49.7429072631,0.0
 10/23  17:00:00,49.2850762971,0.0
 10/23  18:00:00,43.0563344962,0.0
 10/23  19:00:00,48.7988344962,0.0
 10/23  20:00:00,44.251346817,4.07473139079
 10/23  21:00:00,22.3776491824,0.0
 10/23  22:00:00,15.1069992076,0.0
 10/23  23:00:00,15.1069992076,0.0
 10/23  24:00:00,15.1069992076,0.0
 10/24  01:00:00,15.1069992076,0.0
 10/24  02:00:00,15.1069992076,0.0
 10/24  03:00:00,15.1069992076,0.0
 10/24  04:00:00,15.1069992076,0.0
 10/24  05:00:00,15.1069992076,0.0
 10/24  06:00:00,23.3382338046,130.247083952
 10/24  07:00:00,30.6088837794,104.18363614100001
 10/24  08:00:00,32.766346817,90.40131727469999
 10/24  09:00:00,49.1586237098,58.503348280699996
 10/24  10:00:00,49.1586237098,30.326643477199998
 10/24  11:00:00,49.1586237098,2.5456516740799997
 10/24  12:00:00,49.1586237098,0.0
 10/24  13:00:00,49.1586237098,0.0
 10/24  14:00:00,49.4744382483,0.0
 10/24  15:00:00,51.3010848738,0.0
 10/24  16:00:00,51.4422652623,0.0
 10/24  17:00:00,50.1607460246,0.0
 10/24  18:00:00,43.0739755888,0.0
 10/24  19:00:00,48.7988344962,0.0
 10/24  20:00:00,44.251346817,0.653389365771
 10/24  21:00:00,22.3776491824,0.0
 10/24  22:00:00,15.1069992076,0.0
 10/24  23:00:00,15.1069992076,0.0
 10/24  24:00:00,15.1069992076,0.0
 10/25  01:00:00,15.1069992076,0.0
 10/25  02:00:00,15.1069992076,0.0
 10/25  03:00:00,15.1069992076,0.0
 10/25  04:00:00,15.1069992076,0.0
 10/25  05:00:00,15.1069992076,0.0
 10/25  06:00:00,23.3382338046,111.125858312
 10/25  07:00:00,30.6088837794,88.0451458132
 10/25  08:00:00,32.766346817,75.147352763
 10/25  09:00:00,49.1586237098,51.2188553231
 10/25  10:00:00,49.1586237098,36.1260833458
 10/25  11:00:00,49.1586237098,8.306637504960001
 10/25  12:00:00,49.1586237098,0.00014789171726499998
 10/25  13:00:00,49.1586237098,0.0
 10/25  14:00:00,49.1586237098,0.0
 10/25  15:00:00,49.1782419563,0.0
 10/25  16:00:00,49.227944964399995,0.0
 10/25  17:00:00,49.1594844092,0.0
 10/25  18:00:00,43.0563344962,0.0
 10/25  19:00:00,48.7988344962,0.0
 10/25  20:00:00,44.251346817,1.23238414794
 10/25  21:00:00,22.3776491824,0.0
 10/25  22:00:00,15.1069992076,0.0
 10/25  23:00:00,15.1069992076,0.0
 10/25  24:00:00,15.1069992076,0.0
 10/26  01:00:00,15.1069992076,0.0
 10/26  02:00:00,15.1069992076,0.0
 10/26  03:00:00,15.1069992076,0.0
 10/26  04:00:00,15.1069992076,0.0
 10/26  05:00:00,15.1069992076,0.0
 10/26  06:00:00,23.3382338046,114.68027766600001
 10/26  07:00:00,30.6088837794,93.67652684549999
 10/26  08:00:00,32.766346817,81.05085214510001
 10/26  09:00:00,49.1586237098,57.6815455174
 10/26  10:00:00,49.1586237098,38.2736531512
 10/26  11:00:00,49.1586237098,14.067533550599999
 10/26  12:00:00,49.1586237098,3.03703859533
 10/26  13:00:00,49.1586237098,0.318564629721
 10/26  14:00:00,49.1586237098,0.0
 10/26  15:00:00,49.1586237098,0.0
 10/26  16:00:00,49.1586237098,0.0
 10/26  17:00:00,49.1586237098,0.166795066976
 10/26  18:00:00,43.0563344962,8.27768671371
 10/26  19:00:00,48.7988344962,18.484895091
 10/26  20:00:00,44.251346817,29.520629944899998
 10/26  21:00:00,22.3776491824,0.0
 10/26  22:00:00,15.1069992076,0.0
 10/26  23:00:00,15.1069992076,0.0
 10/26  24:00:00,15.1069992076,0.0
 10/27  01:00:00,15.1069992076,0.0
 10/27  02:00:00,15.1069992076,0.0
 10/27  03:00:00,15.1069992076,0.0
 10/27  04:00:00,15.1069992076,0.0
 10/27  05:00:00,15.1069992076,0.0
 10/27  06:00:00,23.3382338046,119.438865278
 10/27  07:00:00,30.6088837794,93.05738488950001
 10/27  08:00:00,32.766346817,79.0079383108
 10/27  09:00:00,49.1586237098,58.95715899859999
 10/27  10:00:00,49.1586237098,50.827621643
 10/27  11:00:00,49.1586237098,36.3934465997
 10/27  12:00:00,49.1586237098,28.112919778200002
 10/27  13:00:00,49.1586237098,23.385769065999998
 10/27  14:00:00,49.1586237098,21.1772940426
 10/27  15:00:00,49.1586237098,16.9323119247
 10/27  16:00:00,49.1586237098,17.1094805137
 10/27  17:00:00,49.1586237098,23.7918152433
 10/27  18:00:00,43.0563344962,33.2827532923
 10/27  19:00:00,48.7988344962,42.2840454145
 10/27  20:00:00,44.251346817,48.531280396099994
 10/27  21:00:00,22.3776491824,0.0
 10/27  22:00:00,15.1069992076,0.0
 10/27  23:00:00,15.1069992076,0.0
 10/27  24:00:00,15.1069992076,0.0
 10/28  01:00:00,14.657580751600001,0.0
 10/28  02:00:00,14.657580751600001,0.0
 10/28  03:00:00,14.657580751600001,0.0
 10/28  04:00:00,14.657580751600001,0.0
 10/28  05:00:00,14.657580751600001,0.0
 10/28  06:00:00,22.8888153486,151.854326356
 10/28  07:00:00,26.0613961002,123.181666451
 10/28  08:00:00,25.5855381253,107.84599623
 10/28  09:00:00,37.3138344962,82.3146041173
 10/28  10:00:00,49.1586237098,58.333818398199995
 10/28  11:00:00,49.1586237098,31.809910066599997
 10/28  12:00:00,49.1586237098,15.901071025699999
 10/28  13:00:00,49.1586237098,8.72680674279
 10/28  14:00:00,49.1586237098,2.150994652
 10/28  15:00:00,49.1586237098,0.0
 10/28  16:00:00,49.1586237098,1.01344115222
 10/28  17:00:00,49.1586237098,4.89284242997
 10/28  18:00:00,38.508846817,30.179736151900002
 10/28  19:00:00,35.1563714586,43.5064853896
 10/28  20:00:00,35.1563714586,56.71401807
 10/28  21:00:00,26.0613961002,75.28597028109999
 10/28  22:00:00,14.657580751600001,0.0
 10/28  23:00:00,14.657580751600001,0.0
 10/28  24:00:00,14.657580751600001,0.0
 10/29  01:00:00,14.657580751600001,0.0
 10/29  02:00:00,14.657580751600001,0.0
 10/29  03:00:00,14.657580751600001,0.0
 10/29  04:00:00,14.657580751600001,0.0
 10/29  05:00:00,14.657580751600001,0.0
 10/29  06:00:00,14.657580751600001,0.0
 10/29  07:00:00,14.657580751600001,0.0
 10/29  08:00:00,16.490562766900002,175.47801530799998
 10/29  09:00:00,14.5763961002,138.515080051
 10/29  10:00:00,28.218859137800003,112.328109732
 10/29  11:00:00,28.218859137800003,90.61154117459999
 10/29  12:00:00,37.3138344962,58.017477208100004
 10/29  13:00:00,37.3138344962,41.5791204144
 10/29  14:00:00,37.3138344962,28.892322423000003
 10/29  15:00:00,37.3138344962,23.571262144299997
 10/29  16:00:00,37.3138344962,20.862361170899998
 10/29  17:00:00,28.218859137800003,41.0206417567
 10/29  18:00:00,26.7805504461,59.604333194700004
 10/29  19:00:00,14.657580751600001,0.0
 10/29  20:00:00,14.657580751600001,0.0
 10/29  21:00:00,14.657580751600001,0.0
 10/29  22:00:00,14.657580751600001,0.0
 10/29  23:00:00,14.657580751600001,0.0
 10/29  24:00:00,14.657580751600001,0.0
 10/30  01:00:00,15.1069992076,0.0
 10/30  02:00:00,15.1069992076,0.0
 10/30  03:00:00,15.1069992076,0.0
 10/30  04:00:00,15.1182713599,0.292929032579
 10/30  05:00:00,15.1503900299,1.1159653139599999
 10/30  06:00:00,23.3382338046,203.356204863
 10/30  07:00:00,30.6088837794,163.435580125
 10/30  08:00:00,34.6805134837,144.74422124
 10/30  09:00:00,49.1586237098,111.918901419
 10/30  10:00:00,49.1586237098,86.4406670713
 10/30  11:00:00,49.1586237098,56.46791985390001
 10/30  12:00:00,49.1586237098,41.0910269683
 10/30  13:00:00,49.1586237098,30.855976662199996
 10/30  14:00:00,49.1586237098,20.077971383
 10/30  15:00:00,49.1586237098,10.7903145767
 10/30  16:00:00,49.1586237098,10.5097464785
 10/30  17:00:00,49.1586237098,19.6652284483
 10/30  18:00:00,44.9705011629,36.5650927056
 10/30  19:00:00,48.7988344962,59.6415254113
 10/30  20:00:00,44.251346817,71.85280287970001
 10/30  21:00:00,22.3776491824,0.0
 10/30  22:00:00,15.1069992076,0.0
 10/30  23:00:00,15.1069992076,0.0
 10/30  24:00:00,15.1069992076,0.0
 10/31  01:00:00,15.1069992076,0.0
 10/31  02:00:00,15.1069992076,0.0
 10/31  03:00:00,15.1069992076,0.0
 10/31  04:00:00,15.1069992076,0.0
 10/31  05:00:00,15.147322883900001,1.04042360637
 10/31  06:00:00,23.3382338046,195.386259263
 10/31  07:00:00,30.6088837794,155.729517737
 10/31  08:00:00,34.6805134837,137.322000554
 10/31  09:00:00,49.1586237098,110.291567216
 10/31  10:00:00,49.1586237098,95.2606759397
 10/31  11:00:00,49.1586237098,73.85284179840001
 10/31  12:00:00,49.1586237098,57.980090178199994
 10/31  13:00:00,49.1586237098,43.6965158469
 10/31  14:00:00,49.1586237098,34.4772699564
 10/31  15:00:00,49.1586237098,28.2046376335
 10/31  16:00:00,49.1586237098,26.0366682202
 10/31  17:00:00,49.1586237098,27.5912734155
 10/31  18:00:00,44.9705011629,31.57764662
 10/31  19:00:00,48.7988344962,42.8539810746
 10/31  20:00:00,44.251346817,53.51949750520001
 10/31  21:00:00,22.3776491824,0.0
 10/31  22:00:00,15.1069992076,0.0
 10/31  23:00:00,15.1069992076,0.0
 10/31  24:00:00,15.1069992076,0.0
 11/01  01:00:00,15.1069992076,0.0
 11/01  02:00:00,15.1069992076,0.0
 11/01  03:00:00,15.142147531500001,0.9034417129410001
 11/01  04:00:00,15.2616739195,3.9735209047500004
 11/01  05:00:00,15.367949666500001,6.699819917819999
 11/01  06:00:00,23.3382338046,251.76915876299998
 11/01  07:00:00,30.6088837794,215.07551845700002
 11/01  08:00:00,34.6805134837,200.817090741
 11/01  09:00:00,49.1586237098,169.98114570200002
 11/01  10:00:00,49.1586237098,152.79201144700002
 11/01  11:00:00,49.1586237098,127.16819571399999
 11/01  12:00:00,49.1586237098,101.39715726899999
 11/01  13:00:00,49.1586237098,80.7593942307
 11/01  14:00:00,49.1586237098,69.50981388390001
 11/01  15:00:00,49.1586237098,59.3947174757
 11/01  16:00:00,49.1586237098,64.93021048979999
 11/01  17:00:00,49.1586237098,76.5623587882
 11/01  18:00:00,44.9705011629,93.08374254739999
 11/01  19:00:00,48.7988344962,112.10850086399999
 11/01  20:00:00,44.251346817,125.176985854
 11/01  21:00:00,22.3776491824,0.0
 11/01  22:00:00,15.1069992076,0.0
 11/01  23:00:00,15.1319418974,0.640970114023
 11/01  24:00:00,15.164862980499999,1.47861711242
 11/02  01:00:00,15.300789961500001,4.97004406974
 11/02  02:00:00,15.3326674519,5.77634804592
 11/02  03:00:00,15.752975431300001,16.448159276800002
 11/02  04:00:00,15.867000183800002,19.284039897
 11/02  05:00:00,16.1461648392,26.3847012284
 11/02  06:00:00,23.3382338046,267.883856515
 11/02  07:00:00,30.6088837794,226.88034290099998
 11/02  08:00:00,34.6805134837,205.778549518
 11/02  09:00:00,49.1586237098,173.44387162299998
 11/02  10:00:00,49.1586237098,151.7930897
 11/02  11:00:00,49.1586237098,129.10091475299998
 11/02  12:00:00,49.1586237098,101.40680857
 11/02  13:00:00,49.1586237098,78.6873459413
 11/02  14:00:00,49.1586237098,70.4990201004
 11/02  15:00:00,49.1586237098,59.4951903328
 11/02  16:00:00,49.1586237098,55.8730813314
 11/02  17:00:00,49.1586237098,66.5170710447
 11/02  18:00:00,44.9705011629,84.005689715
 11/02  19:00:00,48.7988344962,97.6929543341
 11/02  20:00:00,44.251346817,104.10636294
 11/02  21:00:00,22.3776491824,0.0
 11/02  22:00:00,15.1069992076,0.0
 11/02  23:00:00,15.1069992076,0.0
 11/02  24:00:00,15.157287706500002,1.29177539263
 11/03  01:00:00,15.208693846400001,2.6066855805799998
 11/03  02:00:00,15.2985534499,4.90897621983
 11/03  03:00:00,15.4167341731,7.93416168802
 11/03  04:00:00,15.7169683945,15.530965224300001
 11/03  05:00:00,15.9094121479,20.3832645683
 11/03  06:00:00,23.3382338046,257.652574432
 11/03  07:00:00,30.6088837794,215.02971016200001
 11/03  08:00:00,34.6805134837,193.76678107
 11/03  09:00:00,49.1586237098,160.37921100399998
 11/03  10:00:00,49.1586237098,133.253509905
 11/03  11:00:00,49.1586237098,99.3269294419
 11/03  12:00:00,49.1586237098,68.6339536408
 11/03  13:00:00,49.1586237098,45.3440263808
 11/03  14:00:00,49.1586237098,33.6867458645
 11/03  15:00:00,49.1586237098,25.9241993435
 11/03  16:00:00,49.1586237098,24.9799119887
 11/03  17:00:00,49.1586237098,36.2073205903
 11/03  18:00:00,44.9705011629,57.61665865
 11/03  19:00:00,48.7988344962,79.6227347174
 11/03  20:00:00,44.251346817,92.8471848838
 11/03  21:00:00,22.3776491824,0.0
 11/03  22:00:00,15.1069992076,0.0
 11/03  23:00:00,15.1069992076,0.0
 11/03  24:00:00,15.1069992076,0.0
 11/04  01:00:00,14.679883496199999,0.5740064063
 11/04  02:00:00,14.708677659000001,1.3084915550299998
 11/04  03:00:00,14.8063895265,3.82051396628
 11/04  04:00:00,14.8709373772,5.47018449237
 11/04  05:00:00,15.166455949500001,12.997742154100001
 11/04  06:00:00,22.8888153486,250.546603725
 11/04  07:00:00,26.0613961002,212.162684386
 11/04  08:00:00,27.4997047919,196.299926722
 11/04  09:00:00,37.3138344962,164.266198874
 11/04  10:00:00,49.1586237098,130.348788831
 11/04  11:00:00,49.1586237098,92.8337160558
 11/04  12:00:00,49.1586237098,63.33935711
 11/04  13:00:00,49.1586237098,45.143930691
 11/04  14:00:00,49.1586237098,36.1349320247
 11/04  15:00:00,49.1586237098,28.4120477689
 11/04  16:00:00,49.1586237098,23.1457298173
 11/04  17:00:00,49.1586237098,34.2174031655
 11/04  18:00:00,40.4230134837,65.01198737840001
 11/04  19:00:00,35.1563714586,83.7893714368
 11/04  20:00:00,35.1563714586,96.4633492387
 11/04  21:00:00,26.0613961002,113.53021194899999
 11/04  22:00:00,14.657580751600001,0.0
 11/04  23:00:00,14.657580751600001,0.0
 11/04  24:00:00,14.657580751600001,0.0
 11/05  01:00:00,14.657580751600001,0.0
 11/05  02:00:00,14.657580751600001,0.0
 11/05  03:00:00,14.7158138366,1.4957187795500002
 11/05  04:00:00,14.755022594200002,2.50084635194
 11/05  05:00:00,14.8476246044,4.87801089339
 11/05  06:00:00,14.9654895984,7.889573778510001
 11/05  07:00:00,15.3130119682,16.7021322145
 11/05  08:00:00,18.4047294335,243.885843152
 11/05  09:00:00,14.5763961002,192.877781527
 11/05  10:00:00,28.218859137800003,152.905465131
 11/05  11:00:00,28.218859137800003,120.079094394
 11/05  12:00:00,37.3138344962,80.0029164959
 11/05  13:00:00,37.3138344962,62.6928709875
 11/05  14:00:00,37.3138344962,50.4762936199
 11/05  15:00:00,37.3138344962,46.3435608488
 11/05  16:00:00,37.3138344962,47.74531170189999
 11/05  17:00:00,28.218859137800003,71.389957513
 11/05  18:00:00,26.7805504461,90.61151404040001
 11/05  19:00:00,14.657580751600001,0.0
 11/05  20:00:00,14.657580751600001,0.0
 11/05  21:00:00,14.657580751600001,0.0
 11/05  22:00:00,14.657580751600001,0.0
 11/05  23:00:00,14.657580751600001,0.0
 11/05  24:00:00,14.657580751600001,0.0
 11/06  01:00:00,15.1069992076,0.0
 11/06  02:00:00,15.1272371551,0.5213702676749999
 11/06  03:00:00,15.1522539007,1.1615915186799999
 11/06  04:00:00,15.1806379721,1.89846262683
 11/06  05:00:00,15.2600238909,3.9224392805400004
 11/06  06:00:00,15.2705945341,4.210778272250001
 11/06  07:00:00,23.3382338046,218.876762014
 11/06  08:00:00,22.9522171127,173.66089897900002
 11/06  09:00:00,32.766346817,140.945166478
 11/06  10:00:00,49.1586237098,100.55399314700001
 11/06  11:00:00,49.1586237098,71.39034728729999
 11/06  12:00:00,49.1586237098,38.6271278396
 11/06  13:00:00,49.1586237098,14.817423236300002
 11/06  14:00:00,49.1586237098,1.6114826631499999
 11/06  15:00:00,49.1586237098,0.0
 11/06  16:00:00,49.1586237098,0.0
 11/06  17:00:00,49.1586237098,0.44395829525499997
 11/06  18:00:00,58.729457043100005,16.661810919100002
 11/06  19:00:00,48.7988344962,41.0679249762
 11/06  20:00:00,48.7988344962,61.0682715962
 11/06  21:00:00,44.251346817,69.2692209668
 11/06  22:00:00,22.3776491824,0.0
 11/06  23:00:00,15.1069992076,0.0
 11/06  24:00:00,15.1069992076,0.0
 11/07  01:00:00,15.1069992076,0.0
 11/07  02:00:00,15.1069992076,0.0
 11/07  03:00:00,15.1069992076,0.0
 11/07  04:00:00,15.1069992076,0.0
 11/07  05:00:00,15.1069992076,0.0
 11/07  06:00:00,15.1069992076,0.0
 11/07  07:00:00,23.3382338046,186.74587104
 11/07  08:00:00,22.9522171127,148.893392319
 11/07  09:00:00,32.766346817,125.75976015299999
 11/07  10:00:00,49.1586237098,96.6386528555
 11/07  11:00:00,49.1586237098,84.7243696269
 11/07  12:00:00,49.1586237098,67.7478212088
 11/07  13:00:00,49.1586237098,50.6881565002
 11/07  14:00:00,49.1586237098,32.8143665013
 11/07  15:00:00,49.1586237098,13.646498152000001
 11/07  16:00:00,49.1586237098,5.002256517169999
 11/07  17:00:00,49.1586237098,18.4088417046
 11/07  18:00:00,58.729457043100005,35.0241568859
 11/07  19:00:00,48.7988344962,45.1542584244
 11/07  20:00:00,48.7988344962,52.566979451899996
 11/07  21:00:00,44.251346817,60.914290553
 11/07  22:00:00,22.3776491824,0.0
 11/07  23:00:00,15.1069992076,0.0
 11/07  24:00:00,15.1069992076,0.0
 11/08  01:00:00,15.1069992076,0.0
 11/08  02:00:00,15.1069992076,0.0
 11/08  03:00:00,15.1069992076,0.0
 11/08  04:00:00,15.1069992076,0.0
 11/08  05:00:00,15.1069992076,0.0
 11/08  06:00:00,15.1069992076,0.0
 11/08  07:00:00,23.3382338046,172.634846947
 11/08  08:00:00,22.9522171127,135.13529679799998
 11/08  09:00:00,32.766346817,113.67456617100001
 11/08  10:00:00,49.1586237098,84.05443972020001
 11/08  11:00:00,49.1586237098,67.2834839942
 11/08  12:00:00,49.1586237098,48.20591477399999
 11/08  13:00:00,49.1586237098,45.6857237409
 11/08  14:00:00,49.1586237098,44.707125418100006
 11/08  15:00:00,49.1586237098,45.0668114997
 11/08  16:00:00,49.1586237098,45.3440918171
 11/08  17:00:00,49.1586237098,55.680163001000004
 11/08  18:00:00,58.729457043100005,65.0116662311
 11/08  19:00:00,48.7988344962,72.5344097601
 11/08  20:00:00,48.7988344962,82.6323386212
 11/08  21:00:00,44.251346817,86.8472338623
 11/08  22:00:00,22.3776491824,0.0
 11/08  23:00:00,15.1069992076,0.0
 11/08  24:00:00,15.1069992076,0.0
 11/09  01:00:00,15.1069992076,0.0
 11/09  02:00:00,15.1069992076,0.0
 11/09  03:00:00,15.1069992076,0.0
 11/09  04:00:00,15.1069992076,0.0
 11/09  05:00:00,15.1069992076,0.0
 11/09  06:00:00,15.1069992076,0.0
 11/09  07:00:00,23.3382338046,181.67804505599997
 11/09  08:00:00,22.9522171127,149.146419389
 11/09  09:00:00,32.766346817,135.71480165
 11/09  10:00:00,49.1586237098,108.523518522
 11/09  11:00:00,49.1586237098,92.1023417799
 11/09  12:00:00,49.1586237098,69.8351908888
 11/09  13:00:00,49.1586237098,59.5800721074
 11/09  14:00:00,49.1586237098,56.0385201688
 11/09  15:00:00,49.1586237098,50.3666352657
 11/09  16:00:00,49.1586237098,49.421138272
 11/09  17:00:00,49.1586237098,57.9393765764
 11/09  18:00:00,58.729457043100005,64.64797497970001
 11/09  19:00:00,48.7988344962,72.0875453573
 11/09  20:00:00,48.7988344962,84.48676921970001
 11/09  21:00:00,44.251346817,93.0569161409
 11/09  22:00:00,22.3776491824,0.0
 11/09  23:00:00,15.1069992076,0.0
 11/09  24:00:00,15.1069992076,0.0
 11/10  01:00:00,15.1069992076,0.0
 11/10  02:00:00,15.1069992076,0.0
 11/10  03:00:00,15.1069992076,0.0
 11/10  04:00:00,15.1182492922,0.29231560890299996
 11/10  05:00:00,15.1515069662,1.1448911522299998
 11/10  06:00:00,15.2007549075,2.41104673074
 11/10  07:00:00,23.3382338046,216.905919865
 11/10  08:00:00,22.9522171127,179.794152789
 11/10  09:00:00,32.766346817,157.80951379299998
 11/10  10:00:00,49.1586237098,128.89719075899998
 11/10  11:00:00,49.1586237098,108.335257419
 11/10  12:00:00,49.1586237098,84.1577316134
 11/10  13:00:00,49.1586237098,66.7502319613
 11/10  14:00:00,49.1586237098,56.199753021899994
 11/10  15:00:00,49.1586237098,55.1785643652
 11/10  16:00:00,49.1586237098,57.4563506993
 11/10  17:00:00,49.1586237098,62.2662620845
 11/10  18:00:00,58.729457043100005,72.2463514705
 11/10  19:00:00,48.7988344962,83.576390786
 11/10  20:00:00,48.7988344962,96.01392771489999
 11/10  21:00:00,44.251346817,107.692510086
 11/10  22:00:00,22.3776491824,0.0
 11/10  23:00:00,15.1069992076,0.0
 11/10  24:00:00,15.1069992076,0.0
 11/11  01:00:00,14.657580751600001,0.0
 11/11  02:00:00,14.657580751600001,0.0
 11/11  03:00:00,14.711858904200001,1.39531273643
 11/11  04:00:00,14.7086848221,1.31076441661
 11/11  05:00:00,14.8260956272,4.332398409630001
 11/11  06:00:00,14.81732613,4.094171917850001
 11/11  07:00:00,14.9326118825,7.063739813860001
 11/11  08:00:00,7.26531599988,6.7669189799
 11/11  09:00:00,14.5763961002,220.899278462
 11/11  10:00:00,14.5763961002,169.318280013
 11/11  11:00:00,28.218859137800003,129.934510291
 11/11  12:00:00,28.218859137800003,103.55846622
 11/11  13:00:00,37.3138344962,64.8997574524
 11/11  14:00:00,37.3138344962,47.1395450529
 11/11  15:00:00,37.3138344962,42.313055951799996
 11/11  16:00:00,37.3138344962,43.8835646726
 11/11  17:00:00,37.3138344962,57.468337723599994
 11/11  18:00:00,37.789692471100004,90.3598548811
 11/11  19:00:00,30.6088837794,108.252411619
 11/11  20:00:00,14.657580751600001,0.0
 11/11  21:00:00,14.657580751600001,0.0
 11/11  22:00:00,14.657580751600001,0.0
 11/11  23:00:00,14.657580751600001,0.0
 11/11  24:00:00,14.657580751600001,0.0
 11/12  01:00:00,14.657580751600001,0.0
 11/12  02:00:00,14.686189538099999,0.7349674485959999
 11/12  03:00:00,14.709080587999999,1.3263082275799998
 11/12  04:00:00,14.7731408731,2.96428786502
 11/12  05:00:00,14.8180718571,4.13324661538
 11/12  06:00:00,14.844494100999999,4.7876677803400005
 11/12  07:00:00,14.971246604300001,8.04193458481
 11/12  08:00:00,9.39116926569,12.1327895482
 11/12  09:00:00,14.5763961002,226.289507923
 11/12  10:00:00,14.5763961002,175.18349821099997
 11/12  11:00:00,28.218859137800003,146.058085726
 11/12  12:00:00,28.218859137800003,127.078495321
 11/12  13:00:00,37.3138344962,100.561044684
 11/12  14:00:00,37.3138344962,77.5885015517
 11/12  15:00:00,37.3138344962,62.037246824200004
 11/12  16:00:00,37.3138344962,60.38967918310001
 11/12  17:00:00,37.3138344962,64.2763715212
 11/12  18:00:00,37.789692471100004,89.8363706754
 11/12  19:00:00,30.6088837794,102.996888739
 11/12  20:00:00,14.657580751600001,0.0
 11/12  21:00:00,14.657580751600001,0.0
 11/12  22:00:00,14.657580751600001,0.0
 11/12  23:00:00,14.657580751600001,0.0
 11/12  24:00:00,14.657580751600001,0.0
 11/13  01:00:00,15.1069992076,0.0
 11/13  02:00:00,15.1069992076,0.0
 11/13  03:00:00,15.1069992076,0.0
 11/13  04:00:00,15.1069992076,0.0
 11/13  05:00:00,15.118175049300001,0.290797040676
 11/13  06:00:00,15.1479720766,1.05491322234
 11/13  07:00:00,23.3382338046,199.265845869
 11/13  08:00:00,24.8663837794,159.19191451
 11/13  09:00:00,32.766346817,137.036671263
 11/13  10:00:00,49.1586237098,102.86718084700001
 11/13  11:00:00,49.1586237098,75.6528454629
 11/13  12:00:00,49.1586237098,47.30905726899999
 11/13  13:00:00,49.1586237098,24.7749547544
 11/13  14:00:00,49.1586237098,9.024090209339999
 11/13  15:00:00,49.1586237098,4.39599653086
 11/13  16:00:00,49.1586237098,2.366489353
 11/13  17:00:00,49.1586237098,14.879003691600001
 11/13  18:00:00,58.729457043100005,35.785715183899995
 11/13  19:00:00,48.7988344962,53.5291680975
 11/13  20:00:00,48.7988344962,70.443130057
 11/13  21:00:00,44.251346817,78.424061877
 11/13  22:00:00,22.3776491824,0.0
 11/13  23:00:00,15.1069992076,0.0
 11/13  24:00:00,15.1069992076,0.0
 11/14  01:00:00,15.1069992076,0.0
 11/14  02:00:00,15.1069992076,0.0
 11/14  03:00:00,15.1069992076,0.0
 11/14  04:00:00,15.1069992076,0.0
 11/14  05:00:00,15.1069992076,0.0
 11/14  06:00:00,15.1360588604,0.747060772475
 11/14  07:00:00,23.3382338046,196.92664262099998
 11/14  08:00:00,24.8663837794,157.009422007
 11/14  09:00:00,32.766346817,136.816768786
 11/14  10:00:00,49.1586237098,108.97369808100001
 11/14  11:00:00,49.1586237098,83.9266415967
 11/14  12:00:00,49.1586237098,55.567039702399995
 11/14  13:00:00,49.1586237098,31.2239264004
 11/14  14:00:00,49.1586237098,13.469425101099999
 11/14  15:00:00,49.1586237098,6.358044372799999
 11/14  16:00:00,49.1586237098,6.1522595440900005
 11/14  17:00:00,49.1586237098,19.3679723093
 11/14  18:00:00,60.643623709799996,36.4586856628
 11/14  19:00:00,48.7988344962,54.185656208800005
 11/14  20:00:00,48.7988344962,73.8738172354
 11/14  21:00:00,44.251346817,86.83738149999999
 11/14  22:00:00,22.3776491824,0.0
 11/14  23:00:00,15.1069992076,0.0
 11/14  24:00:00,15.1069992076,0.0
 11/15  01:00:00,15.1069992076,0.0
 11/15  02:00:00,15.1069992076,0.0
 11/15  03:00:00,15.1069992076,0.0
 11/15  04:00:00,15.151630546700002,1.1477560152700002
 11/15  05:00:00,15.173833632000001,1.70975125104
 11/15  06:00:00,15.2709533121,4.21657857994
 11/15  07:00:00,23.3382338046,222.149254136
 11/15  08:00:00,24.8663837794,179.434498177
 11/15  09:00:00,32.766346817,152.472345755
 11/15  10:00:00,49.1586237098,118.441840554
 11/15  11:00:00,49.1586237098,96.1731789533
 11/15  12:00:00,49.1586237098,73.3427334363
 11/15  13:00:00,49.1586237098,50.419965713500005
 11/15  14:00:00,49.1586237098,27.9022307307
 11/15  15:00:00,49.1586237098,18.9929438629
 11/15  16:00:00,49.1586237098,14.8908324195
 11/15  17:00:00,49.1586237098,32.2651982228
 11/15  18:00:00,60.643623709799996,54.1980885185
 11/15  19:00:00,48.7988344962,68.0150107328
 11/15  20:00:00,48.7988344962,79.6782173937
 11/15  21:00:00,44.251346817,85.934998423
 11/15  22:00:00,22.3776491824,0.0
 11/15  23:00:00,15.1069992076,0.0
 11/15  24:00:00,15.1069992076,0.0
 11/16  01:00:00,15.1069992076,0.0
 11/16  02:00:00,15.1069992076,0.0
 11/16  03:00:00,15.1069992076,0.0
 11/16  04:00:00,15.1069992076,0.0
 11/16  05:00:00,15.1069992076,0.0
 11/16  06:00:00,15.1502464299,1.1145236146600002
 11/16  07:00:00,23.3382338046,200.01809700799998
 11/16  08:00:00,24.8663837794,160.563894696
 11/16  09:00:00,32.766346817,136.680196814
 11/16  10:00:00,49.1586237098,105.479564243
 11/16  11:00:00,49.1586237098,85.769556155
 11/16  12:00:00,49.1586237098,59.018361391899994
 11/16  13:00:00,49.1586237098,39.7859159268
 11/16  14:00:00,49.1586237098,25.819502165
 11/16  15:00:00,49.1586237098,21.5294085785
 11/16  16:00:00,49.1586237098,18.6127710657
 11/16  17:00:00,49.1586237098,28.90368134
 11/16  18:00:00,60.643623709799996,44.2886597205
 11/16  19:00:00,48.7988344962,57.656012508500005
 11/16  20:00:00,48.7988344962,71.3743089971
 11/16  21:00:00,44.251346817,75.8560968191
 11/16  22:00:00,22.3776491824,0.0
 11/16  23:00:00,15.1069992076,0.0
 11/16  24:00:00,15.1069992076,0.0
 11/17  01:00:00,15.1069992076,0.0
 11/17  02:00:00,15.1069992076,0.0
 11/17  03:00:00,15.1069992076,0.0
 11/17  04:00:00,15.1069992076,0.0
 11/17  05:00:00,15.1069992076,0.0
 11/17  06:00:00,15.1179236974,0.28349076898200004
 11/17  07:00:00,23.3382338046,192.27065151099998
 11/17  08:00:00,24.8663837794,154.400559975
 11/17  09:00:00,32.766346817,130.763710339
 11/17  10:00:00,49.1586237098,94.6910863281
 11/17  11:00:00,49.1586237098,69.3215472785
 11/17  12:00:00,49.1586237098,41.112309408200005
 11/17  13:00:00,49.1586237098,23.5024822241
 11/17  14:00:00,49.1586237098,14.657358188900002
 11/17  15:00:00,49.1586237098,9.827062086760002
 11/17  16:00:00,49.1586237098,10.2786500497
 11/17  17:00:00,49.1586237098,24.8745504202
 11/17  18:00:00,60.643623709799996,45.0730047487
 11/17  19:00:00,48.7988344962,62.840406216800005
 11/17  20:00:00,48.7988344962,77.7418809141
 11/17  21:00:00,44.251346817,87.30334349360001
 11/17  22:00:00,22.3776491824,0.0
 11/17  23:00:00,15.1069992076,0.0
 11/17  24:00:00,15.1069992076,0.0
 11/18  01:00:00,14.657580751600001,0.0
 11/18  02:00:00,14.657580751600001,0.0
 11/18  03:00:00,14.657580751600001,0.0
 11/18  04:00:00,14.6870069554,0.75518147493
 11/18  05:00:00,14.7091507825,1.3238192177299999
 11/18  06:00:00,14.7828168682,3.20888910555
 11/18  07:00:00,22.8888153486,219.076995628
 11/18  08:00:00,20.3188961002,179.461016183
 11/18  09:00:00,23.671371458600003,157.271560335
 11/18  10:00:00,37.3138344962,126.780270124
 11/18  11:00:00,49.1586237098,96.8999817151
 11/18  12:00:00,49.1586237098,71.2536333062
 11/18  13:00:00,49.1586237098,54.652826124499995
 11/18  14:00:00,49.1586237098,41.542059797600004
 11/18  15:00:00,49.1586237098,30.2859552496
 11/18  16:00:00,49.1586237098,25.642082881700002
 11/18  17:00:00,49.1586237098,34.5299907388
 11/18  18:00:00,60.643623709799996,45.6085582643
 11/18  19:00:00,44.251346817,70.3286241661
 11/18  20:00:00,35.1563714586,82.6826274491
 11/18  21:00:00,35.1563714586,89.4612825551
 11/18  22:00:00,26.0613961002,101.953826597
 11/18  23:00:00,14.657580751600001,0.0
 11/18  24:00:00,14.657580751600001,0.0
 11/19  01:00:00,14.657580751600001,0.0
 11/19  02:00:00,14.657580751600001,0.0
 11/19  03:00:00,14.657580751600001,0.0
 11/19  04:00:00,14.657580751600001,0.0
 11/19  05:00:00,14.657580751600001,0.0
 11/19  06:00:00,14.657580751600001,0.0
 11/19  07:00:00,14.6845904353,0.694421192711
 11/19  08:00:00,10.8846611258,1.42426277871
 11/19  09:00:00,14.5763961002,189.01020668400002
 11/19  10:00:00,14.5763961002,138.426404994
 11/19  11:00:00,28.218859137800003,103.256353304
 11/19  12:00:00,28.218859137800003,75.73306554140001
 11/19  13:00:00,37.3138344962,45.7491165631
 11/19  14:00:00,37.3138344962,33.0269007685
 11/19  15:00:00,37.3138344962,25.808197679699997
 11/19  16:00:00,37.3138344962,26.705045344000002
 11/19  17:00:00,37.3138344962,31.649042998400002
 11/19  18:00:00,39.7038591378,60.8533536576
 11/19  19:00:00,30.6088837794,83.9581486153
 11/19  20:00:00,14.657580751600001,0.0
 11/19  21:00:00,14.657580751600001,0.0
 11/19  22:00:00,14.657580751600001,0.0
 11/19  23:00:00,14.657580751600001,0.0
 11/19  24:00:00,14.657580751600001,0.0
 11/20  01:00:00,15.1069992076,0.0
 11/20  02:00:00,15.1069992076,0.0
 11/20  03:00:00,15.1069992076,0.0
 11/20  04:00:00,15.1069992076,0.0
 11/20  05:00:00,15.1069992076,0.0
 11/20  06:00:00,15.1268354554,0.5124702645970001
 11/20  07:00:00,23.3382338046,192.504544384
 11/20  08:00:00,26.7805504461,152.944867454
 11/20  09:00:00,32.766346817,125.080886186
 11/20  10:00:00,49.1586237098,88.89364733200001
 11/20  11:00:00,49.1586237098,64.2729162742
 11/20  12:00:00,49.1586237098,34.6280616491
 11/20  13:00:00,49.1586237098,11.9266517801
 11/20  14:00:00,49.1586237098,1.60851058761
 11/20  15:00:00,49.1586237098,0.029034315328099997
 11/20  16:00:00,49.1586237098,0.0
 11/20  17:00:00,49.1586237098,3.3556083979199998
 11/20  18:00:00,60.643623709799996,23.0896581419
 11/20  19:00:00,48.7988344962,41.6898238575
 11/20  20:00:00,48.7988344962,58.8727386645
 11/20  21:00:00,44.251346817,66.3441242104
 11/20  22:00:00,22.3776491824,0.0
 11/20  23:00:00,15.1069992076,0.0
 11/20  24:00:00,15.1069992076,0.0
 11/21  01:00:00,15.1069992076,0.0
 11/21  02:00:00,15.1069992076,0.0
 11/21  03:00:00,15.1069992076,0.0
 11/21  04:00:00,15.1069992076,0.0
 11/21  05:00:00,15.1069992076,0.0
 11/21  06:00:00,15.1069992076,0.0
 11/21  07:00:00,23.3382338046,169.627677863
 11/21  08:00:00,26.7805504461,131.870863118
 11/21  09:00:00,32.766346817,105.72604038
 11/21  10:00:00,49.1586237098,70.7495224288
 11/21  11:00:00,49.1586237098,48.5133161488
 11/21  12:00:00,49.1586237098,20.724943278399998
 11/21  13:00:00,49.1586237098,3.1788950284900004
 11/21  14:00:00,49.1586237098,0.0
 11/21  15:00:00,49.1586237098,0.0
 11/21  16:00:00,49.1586237098,0.0
 11/21  17:00:00,49.1586237098,0.0
 11/21  18:00:00,60.643623709799996,3.9531529662900002
 11/21  19:00:00,48.7988344962,22.861935576500002
 11/21  20:00:00,48.7988344962,43.275360213599996
 11/21  21:00:00,44.251346817,55.5210882341
 11/21  22:00:00,22.3776491824,0.0
 11/21  23:00:00,15.1069992076,0.0
 11/21  24:00:00,15.1069992076,0.0
 11/22  01:00:00,15.1069992076,0.0
 11/22  02:00:00,15.1069992076,0.0
 11/22  03:00:00,15.1069992076,0.0
 11/22  04:00:00,15.1069992076,0.0
 11/22  05:00:00,15.1069992076,0.0
 11/22  06:00:00,15.1069992076,0.0
 11/22  07:00:00,23.3382338046,162.35896088799998
 11/22  08:00:00,26.7805504461,130.189234432
 11/22  09:00:00,32.766346817,110.09611544799999
 11/22  10:00:00,49.1586237098,77.7385180153
 11/22  11:00:00,49.1586237098,53.8645029116
 11/22  12:00:00,49.1586237098,23.7436547256
 11/22  13:00:00,49.1586237098,3.91327025882
 11/22  14:00:00,49.1586237098,0.000463425651373
 11/22  15:00:00,49.1586237098,0.0
 11/22  16:00:00,49.1586237098,0.0
 11/22  17:00:00,49.1586237098,1.12818016894
 11/22  18:00:00,60.643623709799996,15.2923971415
 11/22  19:00:00,48.7988344962,32.4537136781
 11/22  20:00:00,48.7988344962,47.185548243999996
 11/22  21:00:00,44.251346817,54.696459401000006
 11/22  22:00:00,22.3776491824,0.0
 11/22  23:00:00,15.1069992076,0.0
 11/22  24:00:00,15.1069992076,0.0
 11/23  01:00:00,14.657580751600001,0.0
 11/23  02:00:00,14.657580751600001,0.0
 11/23  03:00:00,14.657580751600001,0.0
 11/23  04:00:00,14.657580751600001,0.0
 11/23  05:00:00,14.657580751600001,0.0
 11/23  06:00:00,14.657580751600001,0.0
 11/23  07:00:00,14.657580751600001,0.0
 11/23  08:00:00,10.8292474183,0.0
 11/23  09:00:00,14.5763961002,146.675794748
 11/23  10:00:00,14.5763961002,114.908246214
 11/23  11:00:00,28.218859137800003,84.3308352692
 11/23  12:00:00,28.218859137800003,61.01892846729999
 11/23  13:00:00,37.3138344962,29.4636838293
 11/23  14:00:00,37.3138344962,21.053865711700002
 11/23  15:00:00,37.3138344962,22.7675431531
 11/23  16:00:00,37.3138344962,24.4323465592
 11/23  17:00:00,37.3138344962,30.965719947800004
 11/23  18:00:00,39.7038591378,60.6424745388
 11/23  19:00:00,30.6088837794,82.3841788358
 11/23  20:00:00,14.657580751600001,0.0
 11/23  21:00:00,14.657580751600001,0.0
 11/23  22:00:00,14.657580751600001,0.0
 11/23  23:00:00,14.657580751600001,0.0
 11/23  24:00:00,14.657580751600001,0.0
 11/24  01:00:00,15.1069992076,0.0
 11/24  02:00:00,15.1069992076,0.0
 11/24  03:00:00,15.1069992076,0.0
 11/24  04:00:00,15.134090195,0.6970529797789999
 11/24  05:00:00,15.138889918,0.8207353054440001
 11/24  06:00:00,15.1681614506,1.5730497815200002
 11/24  07:00:00,23.3382338046,201.119743673
 11/24  08:00:00,26.7805504461,160.188891019
 11/24  09:00:00,32.766346817,138.12346479200002
 11/24  10:00:00,49.1586237098,107.340788212
 11/24  11:00:00,49.1586237098,95.61621198719999
 11/24  12:00:00,49.1586237098,83.86803722350001
 11/24  13:00:00,49.1586237098,73.0782580567
 11/24  14:00:00,49.1586237098,60.084371723400004
 11/24  15:00:00,49.1586237098,57.070515419399996
 11/24  16:00:00,49.1586237098,52.8332009667
 11/24  17:00:00,49.1586237098,62.214482446000005
 11/24  18:00:00,60.643623709799996,76.7489784806
 11/24  19:00:00,48.7988344962,72.0919037982
 11/24  20:00:00,48.7988344962,91.6074876567
 11/24  21:00:00,44.251346817,111.526217483
 11/24  22:00:00,22.3776491824,0.0
 11/24  23:00:00,15.1069992076,0.0
 11/24  24:00:00,15.1069992076,0.0
 11/25  01:00:00,14.6787961575,0.5458833486119999
 11/25  02:00:00,14.7076569903,1.28262569746
 11/25  03:00:00,14.809709715,3.90711533195
 11/25  04:00:00,14.890191406500001,5.971048053860001
 11/25  05:00:00,15.1828856369,13.401951143699998
 11/25  06:00:00,15.4488695391,20.1184984012
 11/25  07:00:00,22.8888153486,257.37881986400004
 11/25  08:00:00,22.2330627669,216.477055409
 11/25  09:00:00,23.671371458600003,186.98294459599998
 11/25  10:00:00,37.3138344962,150.939108014
 11/25  11:00:00,49.1586237098,116.513449167
 11/25  12:00:00,49.1586237098,82.2919153262
 11/25  13:00:00,49.1586237098,63.719447414099996
 11/25  14:00:00,49.1586237098,51.3674324631
 11/25  15:00:00,49.1586237098,44.1634150469
 11/25  16:00:00,49.1586237098,41.5606738401
 11/25  17:00:00,49.1586237098,51.995514846499994
 11/25  18:00:00,60.643623709799996,69.99638589029999
 11/25  19:00:00,44.251346817,96.5056202214
 11/25  20:00:00,35.1563714586,114.48268389200001
 11/25  21:00:00,35.1563714586,128.125485511
 11/25  22:00:00,26.0613961002,142.13285891700002
 11/25  23:00:00,14.657580751600001,0.0
 11/25  24:00:00,14.657580751600001,0.0
 11/26  01:00:00,14.657580751600001,0.0
 11/26  02:00:00,14.689012281099998,0.8066514518410001
 11/26  03:00:00,14.7268342118,1.77669334971
 11/26  04:00:00,14.7985871962,3.62166403616
 11/26  05:00:00,14.8627324196,5.26065391652
 11/26  06:00:00,14.8842540324,5.820307110830001
 11/26  07:00:00,15.0527419595,10.100150854099999
 11/26  08:00:00,11.3067308822,12.1750968509
 11/26  09:00:00,14.5763961002,222.865791005
 11/26  10:00:00,14.5763961002,166.619180933
 11/26  11:00:00,28.218859137800003,131.006838338
 11/26  12:00:00,28.218859137800003,106.802575981
 11/26  13:00:00,37.3138344962,80.2232892871
 11/26  14:00:00,37.3138344962,66.52073209
 11/26  15:00:00,37.3138344962,58.5695198863
 11/26  16:00:00,37.3138344962,55.75392741060001
 11/26  17:00:00,39.2280011629,66.1980582848
 11/26  18:00:00,39.7038591378,102.62451745
 11/26  19:00:00,30.6088837794,125.46748179
 11/26  20:00:00,14.657580751600001,0.0
 11/26  21:00:00,14.657580751600001,0.0
 11/26  22:00:00,14.657580751600001,0.0
 11/26  23:00:00,14.657580751600001,0.0
 11/26  24:00:00,14.711578006400002,1.38556852264
 11/27  01:00:00,15.1719392974,1.66912792963
 11/27  02:00:00,15.2702708417,4.19097630857
 11/27  03:00:00,15.2741460399,4.293598558469999
 11/27  04:00:00,15.373616448800002,6.83929899559
 11/27  05:00:00,15.5604591751,11.570770868199999
 11/27  06:00:00,15.742621978399999,16.1945566245
 11/27  07:00:00,23.3382338046,235.26270575599997
 11/27  08:00:00,28.6947171127,192.763859555
 11/27  09:00:00,32.766346817,167.10553075200002
 11/27  10:00:00,49.1586237098,127.31696861
 11/27  11:00:00,49.1586237098,98.74451378209999
 11/27  12:00:00,49.1586237098,62.0317289638
 11/27  13:00:00,49.1586237098,42.3128617884
 11/27  14:00:00,49.1586237098,29.198541862
 11/27  15:00:00,49.1586237098,19.8299248469
 11/27  16:00:00,49.1586237098,16.6722474448
 11/27  17:00:00,51.072790376499995,31.454175955
 11/27  18:00:00,60.643623709799996,50.125749048
 11/27  19:00:00,48.7988344962,67.0933496133
 11/27  20:00:00,48.7988344962,86.66774364850001
 11/27  21:00:00,44.251346817,96.9121433358
 11/27  22:00:00,22.3776491824,0.0
 11/27  23:00:00,15.1069992076,0.0
 11/27  24:00:00,15.1069992076,0.0
 11/28  01:00:00,15.1069992076,0.0
 11/28  02:00:00,15.1069992076,0.0
 11/28  03:00:00,15.1271996578,0.520515113997
 11/28  04:00:00,15.1525581087,1.17016447163
 11/28  05:00:00,15.179558470999998,1.8730586535299998
 11/28  06:00:00,15.2668162926,4.09982824197
 11/28  07:00:00,23.3382338046,216.74076986400001
 11/28  08:00:00,28.6947171127,173.449722887
 11/28  09:00:00,32.766346817,146.70784473700002
 11/28  10:00:00,49.1586237098,110.227847489
 11/28  11:00:00,49.1586237098,84.4662974356
 11/28  12:00:00,49.1586237098,51.385671898199995
 11/28  13:00:00,49.1586237098,28.9020206479
 11/28  14:00:00,49.1586237098,14.9649558134
 11/28  15:00:00,49.1586237098,5.435597186360001
 11/28  16:00:00,49.1586237098,0.814718914913
 11/28  17:00:00,51.072790376499995,14.966594672200001
 11/28  18:00:00,60.643623709799996,40.878679627
 11/28  19:00:00,48.7988344962,60.3154410635
 11/28  20:00:00,48.7988344962,77.0916598624
 11/28  21:00:00,44.251346817,88.06345531950001
 11/28  22:00:00,22.3776491824,0.0
 11/28  23:00:00,15.1069992076,0.0
 11/28  24:00:00,15.1069992076,0.0
 11/29  01:00:00,15.1069992076,0.0
 11/29  02:00:00,15.1069992076,0.0
 11/29  03:00:00,15.1069992076,0.0
 11/29  04:00:00,15.1069992076,0.0
 11/29  05:00:00,15.1515558356,1.14925867979
 11/29  06:00:00,15.17049292,1.62933581402
 11/29  07:00:00,23.3382338046,208.60899363
 11/29  08:00:00,28.6947171127,164.450449276
 11/29  09:00:00,32.766346817,135.126421197
 11/29  10:00:00,49.1586237098,97.4961411148
 11/29  11:00:00,49.1586237098,72.0237465709
 11/29  12:00:00,49.1586237098,42.2704731308
 11/29  13:00:00,49.1586237098,27.5509668328
 11/29  14:00:00,49.1586237098,15.4381880845
 11/29  15:00:00,49.1586237098,6.677851102230001
 11/29  16:00:00,49.1586237098,3.4847675590699994
 11/29  17:00:00,51.072790376499995,14.496102959100002
 11/29  18:00:00,60.643623709799996,37.973391543000005
 11/29  19:00:00,48.7988344962,56.5191569204
 11/29  20:00:00,48.7988344962,73.9367489248
 11/29  21:00:00,44.251346817,83.72373192100001
 11/29  22:00:00,22.3776491824,0.0
 11/29  23:00:00,15.1069992076,0.0
 11/29  24:00:00,15.1069992076,0.0
 11/30  01:00:00,15.1069992076,0.0
 11/30  02:00:00,15.1069992076,0.0
 11/30  03:00:00,15.1069992076,0.0
 11/30  04:00:00,15.1069992076,0.0
 11/30  05:00:00,15.1069992076,0.0
 11/30  06:00:00,15.1069992076,0.0
 11/30  07:00:00,23.3382338046,181.469191485
 11/30  08:00:00,28.6947171127,143.629937026
 11/30  09:00:00,32.766346817,121.783716482
 11/30  10:00:00,49.1586237098,87.7123405783
 11/30  11:00:00,49.1586237098,63.0123083766
 11/30  12:00:00,49.1586237098,36.803880954200004
 11/30  13:00:00,49.1586237098,16.637236216199998
 11/30  14:00:00,49.1586237098,1.30193857554
 11/30  15:00:00,49.1586237098,0.0
 11/30  16:00:00,49.1586237098,0.49110817426200004
 11/30  17:00:00,51.072790376499995,9.581549290489999
 11/30  18:00:00,60.643623709799996,27.587310285300003
 11/30  19:00:00,48.7988344962,41.6099350561
 11/30  20:00:00,48.7988344962,54.098952078
 11/30  21:00:00,44.251346817,61.170730348
 11/30  22:00:00,22.3776491824,0.0
 11/30  23:00:00,15.1069992076,0.0
 11/30  24:00:00,15.1069992076,0.0
 12/01  01:00:00,15.1069992076,0.0
 12/01  02:00:00,15.1069992076,0.0
 12/01  03:00:00,15.1069992076,0.0
 12/01  04:00:00,15.1069992076,0.0
 12/01  05:00:00,15.1069992076,0.0
 12/01  06:00:00,15.1069992076,0.0
 12/01  07:00:00,23.3382338046,172.841986575
 12/01  08:00:00,28.6947171127,139.519878025
 12/01  09:00:00,32.766346817,120.04275262
 12/01  10:00:00,49.1586237098,91.9986748696
 12/01  11:00:00,49.1586237098,84.2831725208
 12/01  12:00:00,49.1586237098,62.2372672119
 12/01  13:00:00,49.1586237098,52.455906948999996
 12/01  14:00:00,49.1586237098,60.7437385648
 12/01  15:00:00,49.1586237098,65.6031387422
 12/01  16:00:00,49.1586237098,63.189400966
 12/01  17:00:00,51.072790376499995,71.0618768525
 12/01  18:00:00,60.643623709799996,80.60680007319999
 12/01  19:00:00,48.7988344962,86.4708637177
 12/01  20:00:00,48.7988344962,95.27744722
 12/01  21:00:00,44.251346817,100.096739705
 12/01  22:00:00,22.3776491824,0.0
 12/01  23:00:00,15.1069992076,0.0
 12/01  24:00:00,15.1069992076,0.0
 12/02  01:00:00,14.657580751600001,0.0
 12/02  02:00:00,14.657580751600001,0.0
 12/02  03:00:00,14.6774801042,0.513473332566
 12/02  04:00:00,14.7021007577,1.1440605566
 12/02  05:00:00,14.712765438499998,1.4206976872200001
 12/02  06:00:00,14.7823059974,3.20223962291
 12/02  07:00:00,22.8888153486,213.515060599
 12/02  08:00:00,24.147229433499998,173.013849137
 12/02  09:00:00,23.671371458600003,152.66053143
 12/02  10:00:00,37.3138344962,119.30874899
 12/02  11:00:00,49.1586237098,87.3159195285
 12/02  12:00:00,49.1586237098,63.5291662975
 12/02  13:00:00,49.1586237098,52.6116205192
 12/02  14:00:00,49.1586237098,43.4355497013
 12/02  15:00:00,49.1586237098,46.100061418500005
 12/02  16:00:00,49.1586237098,56.0241382229
 12/02  17:00:00,51.072790376499995,70.7123311153
 12/02  18:00:00,60.643623709799996,83.5185108109
 12/02  19:00:00,44.251346817,101.591159167
 12/02  20:00:00,35.1563714586,110.54038826
 12/02  21:00:00,35.1563714586,115.271777095
 12/02  22:00:00,26.0613961002,125.157461095
 12/02  23:00:00,14.657580751600001,0.0
 12/02  24:00:00,14.657580751600001,0.0
 12/03  01:00:00,14.657580751600001,0.0
 12/03  02:00:00,14.657580751600001,0.0
 12/03  03:00:00,14.6767382462,0.493788327665
 12/03  04:00:00,14.6995411769,1.07818146206
 12/03  05:00:00,14.7088873119,1.3207697698799998
 12/03  06:00:00,14.7772408835,3.07182262641
 12/03  07:00:00,14.8059679975,3.8249694021199994
 12/03  08:00:00,12.897551305,3.9571398185800004
 12/03  09:00:00,14.5763961002,213.498486666
 12/03  10:00:00,14.5763961002,165.50232633
 12/03  11:00:00,28.218859137800003,131.32915258
 12/03  12:00:00,28.218859137800003,115.890480237
 12/03  13:00:00,37.3138344962,103.232346854
 12/03  14:00:00,37.3138344962,99.6621869981
 12/03  15:00:00,37.3138344962,98.464376927
 12/03  16:00:00,37.3138344962,100.74207142
 12/03  17:00:00,39.2280011629,103.16569112100001
 12/03  18:00:00,39.7038591378,128.16940135299998
 12/03  19:00:00,30.6088837794,136.593059138
 12/03  20:00:00,14.657580751600001,0.0
 12/03  21:00:00,14.657580751600001,0.0
 12/03  22:00:00,14.657580751600001,0.0
 12/03  23:00:00,14.657580751600001,0.0
 12/03  24:00:00,14.657580751600001,0.0
 12/04  01:00:00,15.135394796500002,0.731124113065
 12/04  02:00:00,15.170596259000002,1.63884341884
 12/04  03:00:00,15.235669460999999,3.31381553075
 12/04  04:00:00,15.2850783778,4.579065740430001
 12/04  05:00:00,15.281134798800002,4.47809498329
 12/04  06:00:00,15.4364894095,8.45254572295
 12/04  07:00:00,23.3382338046,230.30356513
 12/04  08:00:00,28.6947171127,186.287907342
 12/04  09:00:00,32.766346817,164.897209918
 12/04  10:00:00,49.1586237098,135.041271384
 12/04  11:00:00,49.1586237098,121.27197239200001
 12/04  12:00:00,49.1586237098,100.49172950299999
 12/04  13:00:00,49.1586237098,79.6378691254
 12/04  14:00:00,49.1586237098,74.0620146518
 12/04  15:00:00,49.1586237098,77.0144971491
 12/04  16:00:00,49.1586237098,78.3620034327
 12/04  17:00:00,51.072790376499995,92.1712857002
 12/04  18:00:00,60.643623709799996,105.50626318799999
 12/04  19:00:00,48.7988344962,118.120729724
 12/04  20:00:00,48.7988344962,132.336604935
 12/04  21:00:00,44.251346817,122.238082421
 12/04  22:00:00,22.3776491824,0.0
 12/04  23:00:00,15.1069992076,0.0
 12/04  24:00:00,15.139387021600001,0.830821753569
 12/05  01:00:00,15.2007914903,2.41509445967
 12/05  02:00:00,15.2798666921,4.42993908275
 12/05  03:00:00,15.3704091876,6.76937189393
 12/05  04:00:00,15.5447182155,11.1699298395
 12/05  05:00:00,15.8382731583,18.619829567300002
 12/05  06:00:00,15.8178949215,18.0601444516
 12/05  07:00:00,23.3382338046,248.494863585
 12/05  08:00:00,28.6947171127,203.58759105400003
 12/05  09:00:00,32.766346817,179.370016117
 12/05  10:00:00,49.1586237098,150.111611737
 12/05  11:00:00,49.1586237098,133.56759439799998
 12/05  12:00:00,49.1586237098,107.94777179200001
 12/05  13:00:00,49.1586237098,84.71945260220001
 12/05  14:00:00,49.1586237098,65.5476334607
 12/05  15:00:00,49.1586237098,61.444831076899995
 12/05  16:00:00,49.1586237098,67.4328789182
 12/05  17:00:00,51.072790376499995,82.143685889
 12/05  18:00:00,60.643623709799996,102.95209680299999
 12/05  19:00:00,48.7988344962,112.07154826
 12/05  20:00:00,48.7988344962,117.33891688899999
 12/05  21:00:00,44.251346817,126.549828722
 12/05  22:00:00,22.3776491824,0.0
 12/05  23:00:00,15.1069992076,0.0
 12/05  24:00:00,15.1069992076,0.0
 12/06  01:00:00,15.1638400536,1.45975812181
 12/06  02:00:00,15.1877492624,2.07519947245
 12/06  03:00:00,15.2816949653,4.48378048787
 12/06  04:00:00,15.271606981,4.2311455346199995
 12/06  05:00:00,15.329124403900002,5.70070004528
 12/06  06:00:00,15.371041625999998,6.774136532409999
 12/06  07:00:00,23.3382338046,224.937295323
 12/06  08:00:00,30.6088837794,177.79099833
 12/06  09:00:00,32.766346817,153.33237261899998
 12/06  10:00:00,49.1586237098,120.580989091
 12/06  11:00:00,49.1586237098,107.568592938
 12/06  12:00:00,49.1586237098,92.3326599553
 12/06  13:00:00,49.1586237098,82.3021061093
 12/06  14:00:00,49.1586237098,76.7262916726
 12/06  15:00:00,49.1586237098,78.09577249899999
 12/06  16:00:00,49.1586237098,83.079809707
 12/06  17:00:00,51.072790376499995,93.6384837105
 12/06  18:00:00,60.643623709799996,102.25278009
 12/06  19:00:00,48.7988344962,115.638694135
 12/06  20:00:00,48.7988344962,129.45750638299998
 12/06  21:00:00,44.251346817,141.67557935
 12/06  22:00:00,22.3776491824,0.0
 12/06  23:00:00,15.121105583,0.36503330877499995
 12/06  24:00:00,15.228378790399999,3.10788052417
 12/07  01:00:00,15.3519475049,6.283877625780001
 12/07  02:00:00,15.806927800599999,17.8067318404
 12/07  03:00:00,16.0760009583,24.593452227100002
 12/07  04:00:00,16.266381890599998,29.4469579494
 12/07  05:00:00,16.4502914492,34.1265353739
 12/07  06:00:00,16.5780947667,37.398839878800004
 12/07  07:00:00,23.3382338046,294.026813098
 12/07  08:00:00,30.6088837794,254.210828811
 12/07  09:00:00,32.766346817,224.417354635
 12/07  10:00:00,49.1586237098,184.27395573099997
 12/07  11:00:00,49.1586237098,161.661606453
 12/07  12:00:00,49.1586237098,135.587140521
 12/07  13:00:00,49.1586237098,119.489726733
 12/07  14:00:00,49.1586237098,101.78701577
 12/07  15:00:00,49.1586237098,90.627677175
 12/07  16:00:00,49.1586237098,96.0717559028
 12/07  17:00:00,51.072790376499995,112.206044236
 12/07  18:00:00,60.643623709799996,131.363211073
 12/07  19:00:00,48.7988344962,143.331062493
 12/07  20:00:00,48.7988344962,154.240869024
 12/07  21:00:00,44.251346817,164.36497472
 12/07  22:00:00,22.3776491824,0.0
 12/07  23:00:00,15.1770014628,1.79795201539
 12/07  24:00:00,15.4122154279,7.81515844859
 12/08  01:00:00,15.819830608499998,18.1181649542
 12/08  02:00:00,16.2964996368,30.1907987459
 12/08  03:00:00,16.3176908582,30.7444816315
 12/08  04:00:00,16.702686328800002,40.5457092102
 12/08  05:00:00,16.6105723001,38.230131044699995
 12/08  06:00:00,16.9962384078,48.0542975325
 12/08  07:00:00,23.3382338046,307.24945198
 12/08  08:00:00,30.6088837794,268.227039019
 12/08  09:00:00,32.766346817,238.085162862
 12/08  10:00:00,49.1586237098,195.874676929
 12/08  11:00:00,49.1586237098,170.556946307
 12/08  12:00:00,49.1586237098,148.720623404
 12/08  13:00:00,49.1586237098,123.876718779
 12/08  14:00:00,49.1586237098,103.952628338
 12/08  15:00:00,49.1586237098,102.85259596600001
 12/08  16:00:00,49.1586237098,112.264878071
 12/08  17:00:00,51.072790376499995,127.728920933
 12/08  18:00:00,60.643623709799996,143.017015184
 12/08  19:00:00,48.7988344962,152.914576625
 12/08  20:00:00,48.7988344962,165.170787869
 12/08  21:00:00,44.251346817,172.672535773
 12/08  22:00:00,22.3776491824,0.0
 12/08  23:00:00,15.2429284192,3.49055666931
 12/08  24:00:00,15.454485919300001,8.88024900103
 12/09  01:00:00,15.6155344425,24.3418803862
 12/09  02:00:00,15.7352973768,27.3232917146
 12/09  03:00:00,16.057057463099998,35.5777126359
 12/09  04:00:00,16.0146235224,34.4290730089
 12/09  05:00:00,16.3174520251,42.2415700893
 12/09  06:00:00,16.195177634500002,39.0331985806
 12/09  07:00:00,22.8888153486,307.221104189
 12/09  08:00:00,26.0613961002,275.324636365
 12/09  09:00:00,23.671371458600003,247.82815828900002
 12/09  10:00:00,37.3138344962,208.710305578
 12/09  11:00:00,49.1586237098,171.715249033
 12/09  12:00:00,49.1586237098,138.042159188
 12/09  13:00:00,49.1586237098,115.342026241
 12/09  14:00:00,49.1586237098,100.28335312700001
 12/09  15:00:00,49.1586237098,90.16203362959999
 12/09  16:00:00,49.1586237098,92.9755238775
 12/09  17:00:00,51.072790376499995,115.232590371
 12/09  18:00:00,60.643623709799996,136.29449709
 12/09  19:00:00,44.251346817,168.864913566
 12/09  20:00:00,35.1563714586,191.137057336
 12/09  21:00:00,35.1563714586,201.13292068
 12/09  22:00:00,26.0613961002,212.08792464
 12/09  23:00:00,14.6903065014,0.8380457972830001
 12/09  24:00:00,14.9182347369,6.67889833529
 12/10  01:00:00,15.465284009600001,20.5274222591
 12/10  02:00:00,15.8142098592,29.3433794942
 12/10  03:00:00,15.9959307679,33.9686263858
 12/10  04:00:00,16.160503285999997,38.1776833128
 12/10  05:00:00,16.2368762019,40.1119253032
 12/10  06:00:00,16.3617664557,43.329966149200004
 12/10  07:00:00,16.374749153299998,43.6247927262
 12/10  08:00:00,16.4819826522,46.4022095458
 12/10  09:00:00,14.5763961002,298.258647498
 12/10  10:00:00,14.5763961002,247.469139018
 12/10  11:00:00,28.218859137800003,206.233674995
 12/10  12:00:00,28.218859137800003,178.186920446
 12/10  13:00:00,37.3138344962,148.83606196
 12/10  14:00:00,37.3138344962,132.865077634
 12/10  15:00:00,37.3138344962,123.80173329600001
 12/10  16:00:00,37.3138344962,123.853632448
 12/10  17:00:00,39.2280011629,134.290814729
 12/10  18:00:00,39.7038591378,183.357355782
 12/10  19:00:00,30.6088837794,200.81191240400003
 12/10  20:00:00,14.657580751600001,0.0
 12/10  21:00:00,14.728894708099999,1.8285901738299999
 12/10  22:00:00,14.900407375999999,6.2058374690199996
 12/10  23:00:00,15.218148741199998,14.2608487985
 12/10  24:00:00,15.515876221400001,21.759885153699997
 12/11  01:00:00,16.1376548401,26.1252144618
 12/11  02:00:00,16.1939351928,27.577679566599997
 12/11  03:00:00,16.308372926,30.4786373225
 12/11  04:00:00,16.286042561400002,29.92560007
 12/11  05:00:00,16.3745386139,32.1686006358
 12/11  06:00:00,16.3214307085,30.8342949613
 12/11  07:00:00,23.3382338046,266.308097137
 12/11  08:00:00,30.6088837794,220.11498496
 12/11  09:00:00,32.766346817,195.878498898
 12/11  10:00:00,49.1586237098,160.169104391
 12/11  11:00:00,49.1586237098,134.41829207799998
 12/11  12:00:00,49.1586237098,109.03802586
 12/11  13:00:00,49.1586237098,90.3002908808
 12/11  14:00:00,49.1586237098,91.4734749266
 12/11  15:00:00,49.1586237098,91.60467071229999
 12/11  16:00:00,49.1586237098,92.33288414409999
 12/11  17:00:00,51.072790376499995,105.80047116700001
 12/11  18:00:00,60.643623709799996,124.76217613
 12/11  19:00:00,48.7988344962,136.360649002
 12/11  20:00:00,48.7988344962,147.508722248
 12/11  21:00:00,44.251346817,148.842089597
 12/11  22:00:00,22.3776491824,0.0
 12/11  23:00:00,15.1069992076,0.0
 12/11  24:00:00,15.1767968374,1.78974647123
 12/12  01:00:00,15.2742074928,4.28675291262
 12/12  02:00:00,15.392496692,7.316637196789999
 12/12  03:00:00,15.542381008,11.1184031069
 12/12  04:00:00,15.839436458,18.637023245399998
 12/12  05:00:00,15.8292500945,18.3465412984
 12/12  06:00:00,16.013134288499998,23.011978304499998
 12/12  07:00:00,23.3382338046,249.24501298599998
 12/12  08:00:00,30.6088837794,204.131863412
 12/12  09:00:00,32.766346817,182.827041349
 12/12  10:00:00,49.1586237098,157.463283185
 12/12  11:00:00,49.1586237098,145.521319986
 12/12  12:00:00,49.1586237098,121.42888959
 12/12  13:00:00,49.1586237098,108.44432170200001
 12/12  14:00:00,49.1586237098,100.91434811200001
 12/12  15:00:00,49.1586237098,95.0246321823
 12/12  16:00:00,49.1586237098,89.29960380889999
 12/12  17:00:00,51.072790376499995,96.2827888515
 12/12  18:00:00,60.643623709799996,104.95418968799999
 12/12  19:00:00,48.7988344962,109.32503125
 12/12  20:00:00,48.7988344962,118.00810015200001
 12/12  21:00:00,44.251346817,122.42179301899999
 12/12  22:00:00,22.3776491824,0.0
 12/12  23:00:00,15.1069992076,0.0
 12/12  24:00:00,15.1069992076,0.0
 12/13  01:00:00,15.1404915406,0.8601595507700001
 12/13  02:00:00,15.2027798328,2.46543558591
 12/13  03:00:00,15.275437995899999,4.31712117917
 12/13  04:00:00,15.417626569100001,7.973084332360001
 12/13  05:00:00,15.727815331199999,15.8024513142
 12/13  06:00:00,15.9956214165,22.584050449299998
 12/13  07:00:00,23.3382338046,261.971107232
 12/13  08:00:00,30.6088837794,221.401621489
 12/13  09:00:00,32.766346817,195.75860634400001
 12/13  10:00:00,49.1586237098,157.963740807
 12/13  11:00:00,49.1586237098,133.443250329
 12/13  12:00:00,49.1586237098,104.217363579
 12/13  13:00:00,49.1586237098,92.01514563209999
 12/13  14:00:00,49.1586237098,82.95815212560001
 12/13  15:00:00,49.1586237098,72.6475022135
 12/13  16:00:00,49.1586237098,84.0248455601
 12/13  17:00:00,51.072790376499995,116.515830695
 12/13  18:00:00,60.643623709799996,138.830037849
 12/13  19:00:00,48.7988344962,153.339089085
 12/13  20:00:00,48.7988344962,169.568750182
 12/13  21:00:00,44.251346817,178.992334503
 12/13  22:00:00,22.3776491824,0.0
 12/13  23:00:00,15.2324595281,3.21954010883
 12/13  24:00:00,15.4738537531,9.36394782162
 12/14  01:00:00,16.0754840355,24.5969012103
 12/14  02:00:00,16.2971612051,30.1655380214
 12/14  03:00:00,16.6066307967,38.1241688118
 12/14  04:00:00,16.6795045481,39.8993984308
 12/14  05:00:00,16.953672961600002,47.0216842492
 12/14  06:00:00,16.9508285877,46.8334439717
 12/14  07:00:00,23.3382338046,315.143776332
 12/14  08:00:00,30.6088837794,278.34940924
 12/14  09:00:00,32.766346817,247.80894083200002
 12/14  10:00:00,49.1586237098,207.84026327200002
 12/14  11:00:00,49.1586237098,180.9749499
 12/14  12:00:00,49.1586237098,156.275955111
 12/14  13:00:00,49.1586237098,135.635852114
 12/14  14:00:00,49.1586237098,125.37231914899999
 12/14  15:00:00,49.1586237098,119.19737156
 12/14  16:00:00,49.1586237098,119.32267102
 12/14  17:00:00,51.072790376499995,128.002399433
 12/14  18:00:00,60.643623709799996,139.385263773
 12/14  19:00:00,48.7988344962,151.02717630799998
 12/14  20:00:00,48.7988344962,162.356467142
 12/14  21:00:00,44.251346817,162.12468109600002
 12/14  22:00:00,22.3776491824,0.0
 12/14  23:00:00,15.146457876600001,1.01025345298
 12/14  24:00:00,15.2667586232,4.09760465418
 12/15  01:00:00,15.4182732378,7.95443307126
 12/15  02:00:00,15.75084872,16.3833847681
 12/15  03:00:00,15.9162078247,20.537056451199998
 12/15  04:00:00,16.0563166835,24.094993156599998
 12/15  05:00:00,16.108396008299998,25.411510773899998
 12/15  06:00:00,16.2165557565,28.1877939956
 12/15  07:00:00,23.3382338046,263.674692926
 12/15  08:00:00,30.6088837794,219.990386932
 12/15  09:00:00,32.766346817,195.123118576
 12/15  10:00:00,49.1586237098,161.661801753
 12/15  11:00:00,49.1586237098,141.766638216
 12/15  12:00:00,49.1586237098,110.60021417
 12/15  13:00:00,49.1586237098,85.9164967252
 12/15  14:00:00,49.1586237098,65.09269059020001
 12/15  15:00:00,49.1586237098,54.9921600979
 12/15  16:00:00,49.1586237098,68.67344713359999
 12/15  17:00:00,51.072790376499995,94.0435653424
 12/15  18:00:00,60.643623709799996,115.707959374
 12/15  19:00:00,48.7988344962,128.769496325
 12/15  20:00:00,48.7988344962,139.764033697
 12/15  21:00:00,44.251346817,146.783123198
 12/15  22:00:00,22.3776491824,0.0
 12/15  23:00:00,15.1223613922,0.39804761564499996
 12/15  24:00:00,15.228564811099998,3.11190711421
 12/16  01:00:00,14.8717345099,5.49539544658
 12/16  02:00:00,15.191594023199999,13.624448698800002
 12/16  03:00:00,15.4181242081,19.317997657
 12/16  04:00:00,15.5862068697,23.5792173396
 12/16  05:00:00,15.624052286,24.5391880313
 12/16  06:00:00,15.737878766600002,27.4503456279
 12/16  07:00:00,22.8888153486,261.247627647
 12/16  08:00:00,26.0613961002,215.336774355
 12/16  09:00:00,23.671371458600003,190.825026427
 12/16  10:00:00,37.3138344962,163.790629872
 12/16  11:00:00,49.1586237098,132.008415133
 12/16  12:00:00,49.1586237098,108.112924171
 12/16  13:00:00,49.1586237098,98.53474263129999
 12/16  14:00:00,49.1586237098,87.7422358102
 12/16  15:00:00,49.1586237098,76.75962950819999
 12/16  16:00:00,49.1586237098,80.52638806479999
 12/16  17:00:00,51.072790376499995,92.27237764959999
 12/16  18:00:00,60.643623709799996,108.08850852399999
 12/16  19:00:00,44.251346817,130.81062643299998
 12/16  20:00:00,35.1563714586,140.018236027
 12/16  21:00:00,35.1563714586,144.813632482
 12/16  22:00:00,26.0613961002,154.722793552
 12/16  23:00:00,14.657580751600001,0.0
 12/16  24:00:00,14.657580751600001,0.0
 12/17  01:00:00,14.6802919916,0.584401764116
 12/17  02:00:00,14.705670584000002,1.23083758282
 12/17  03:00:00,14.782288852699999,3.19941476207
 12/17  04:00:00,14.7969198601,3.5775997132099997
 12/17  05:00:00,14.8375918443,4.619118021359999
 12/17  06:00:00,14.818312453199999,4.12363862036
 12/17  07:00:00,14.856658286400002,5.10540905986
 12/17  08:00:00,14.8283430692,4.38256211635
 12/17  09:00:00,14.5763961002,212.653645774
 12/17  10:00:00,14.5763961002,160.684984168
 12/17  11:00:00,28.218859137800003,129.309358975
 12/17  12:00:00,28.218859137800003,108.69590369299999
 12/17  13:00:00,37.3138344962,88.8826571697
 12/17  14:00:00,37.3138344962,77.089299881
 12/17  15:00:00,37.3138344962,68.3688329649
 12/17  16:00:00,37.3138344962,72.3689338817
 12/17  17:00:00,39.2280011629,81.4025945262
 12/17  18:00:00,39.7038591378,115.110453881
 12/17  19:00:00,30.6088837794,130.197911638
 12/17  20:00:00,14.657580751600001,0.0
 12/17  21:00:00,14.657580751600001,0.0
 12/17  22:00:00,14.657580751600001,0.0
 12/17  23:00:00,14.657580751600001,0.0
 12/17  24:00:00,14.677820797699999,0.520925616514
 12/18  01:00:00,15.152721570399999,1.17235549909
 12/18  02:00:00,15.1961371452,2.29247318124
 12/18  03:00:00,15.247600355,3.5993353720999997
 12/18  04:00:00,15.24291475,3.49717848186
 12/18  05:00:00,15.2757587033,4.31966733544
 12/18  06:00:00,15.2992115042,4.94145407683
 12/18  07:00:00,23.3382338046,227.212827246
 12/18  08:00:00,30.6088837794,183.956191967
 12/18  09:00:00,34.6805134837,161.815718459
 12/18  10:00:00,49.1586237098,131.667221671
 12/18  11:00:00,49.1586237098,115.73427703600001
 12/18  12:00:00,49.1586237098,95.960638449
 12/18  13:00:00,49.1586237098,86.3141119425
 12/18  14:00:00,49.1586237098,81.9494059088
 12/18  15:00:00,49.1586237098,81.8104440269
 12/18  16:00:00,49.1586237098,82.4446894634
 12/18  17:00:00,51.072790376499995,87.04539436290001
 12/18  18:00:00,60.643623709799996,96.4246080234
 12/18  19:00:00,48.7988344962,101.75662669100001
 12/18  20:00:00,48.7988344962,111.971648826
 12/18  21:00:00,44.251346817,121.535775159
 12/18  22:00:00,22.3776491824,0.0
 12/18  23:00:00,15.1069992076,0.0
 12/18  24:00:00,15.1402129172,0.85130459166
 12/19  01:00:00,15.2210831884,2.93137616982
 12/19  02:00:00,15.314060795,5.296576061000001
 12/19  03:00:00,15.6399843351,13.6161414194
 12/19  04:00:00,15.853340510899999,18.936105578299998
 12/19  05:00:00,16.1073666731,25.4300748001
 12/19  06:00:00,16.1286950806,25.906090348600003
 12/19  07:00:00,23.3382338046,270.58347869700003
 12/19  08:00:00,30.6088837794,228.348793958
 12/19  09:00:00,34.6805134837,192.36661009
 12/19  10:00:00,49.1586237098,148.267115182
 12/19  11:00:00,49.1586237098,125.491078281
 12/19  12:00:00,49.1586237098,100.324329257
 12/19  13:00:00,49.1586237098,84.4217917314
 12/19  14:00:00,49.1586237098,75.75887985140001
 12/19  15:00:00,49.1586237098,74.9668825758
 12/19  16:00:00,49.1586237098,78.4412796883
 12/19  17:00:00,51.072790376499995,93.75117340979999
 12/19  18:00:00,60.643623709799996,106.768306151
 12/19  19:00:00,48.7988344962,116.937121571
 12/19  20:00:00,48.7988344962,134.133036559
 12/19  21:00:00,44.251346817,148.558216592
 12/19  22:00:00,22.3776491824,0.0
 12/19  23:00:00,15.1069992076,0.0
 12/19  24:00:00,15.176870881500001,1.79046139506
 12/20  01:00:00,15.299038103900001,4.9192633817900004
 12/20  02:00:00,15.4196096459,8.00720358931
 12/20  03:00:00,15.7876909571,17.3187432649
 12/20  04:00:00,15.9298271866,20.879411193800003
 12/20  05:00:00,16.081608924,24.753047167800002
 12/20  06:00:00,16.137596872899998,26.160426717600004
 12/20  07:00:00,23.3382338046,265.658925231
 12/20  08:00:00,30.6088837794,220.33487382400003
 12/20  09:00:00,34.6805134837,188.362302216
 12/20  10:00:00,49.1586237098,148.831726989
 12/20  11:00:00,49.1586237098,129.05675367
 12/20  12:00:00,49.1586237098,107.248528845
 12/20  13:00:00,49.1586237098,95.3174700726
 12/20  14:00:00,49.1586237098,82.17613216630001
 12/20  15:00:00,49.1586237098,72.19193415630001
 12/20  16:00:00,49.1586237098,67.8783968795
 12/20  17:00:00,51.072790376499995,80.1067668714
 12/20  18:00:00,60.643623709799996,100.64937608
 12/20  19:00:00,48.7988344962,115.52979074299999
 12/20  20:00:00,48.7988344962,130.563953025
 12/20  21:00:00,44.251346817,140.961522638
 12/20  22:00:00,22.3776491824,0.0
 12/20  23:00:00,15.1069992076,0.0
 12/20  24:00:00,15.1400617712,0.8476128807529999
 12/21  01:00:00,15.2058246717,2.53867523073
 12/21  02:00:00,15.2545253723,3.77953167911
 12/21  03:00:00,15.2916116955,4.731514354130001
 12/21  04:00:00,15.3052976836,5.08107578494
 12/21  05:00:00,15.304256023699999,5.05605809624
 12/21  06:00:00,15.3180125618,5.41340285202
 12/21  07:00:00,23.3382338046,233.963755625
 12/21  08:00:00,30.6088837794,199.82347497700002
 12/21  09:00:00,34.6805134837,175.13074005200002
 12/21  10:00:00,49.1586237098,141.981212049
 12/21  11:00:00,49.1586237098,117.84331173700001
 12/21  12:00:00,49.1586237098,93.9704915911
 12/21  13:00:00,49.1586237098,82.6122266162
 12/21  14:00:00,49.1586237098,70.13882625859999
 12/21  15:00:00,49.1586237098,62.146436618500005
 12/21  16:00:00,49.1586237098,66.353047528
 12/21  17:00:00,51.072790376499995,85.8280564726
 12/21  18:00:00,60.643623709799996,102.374747176
 12/21  19:00:00,48.7988344962,113.921464136
 12/21  20:00:00,48.7988344962,130.362353312
 12/21  21:00:00,44.251346817,139.227385809
 12/21  22:00:00,22.3776491824,0.0
 12/21  23:00:00,15.1069992076,0.0
 12/21  24:00:00,15.1286272217,0.555734585783
 12/22  01:00:00,15.158956319400001,1.3293669169600002
 12/22  02:00:00,15.2879963922,4.6456978634
 12/22  03:00:00,15.277826441300002,4.3706897403400005
 12/22  04:00:00,15.4408149344,8.55274675665
 12/22  05:00:00,15.585881788800002,12.199125141800002
 12/22  06:00:00,15.8124306122,17.9405660498
 12/22  07:00:00,23.3382338046,240.73331290599998
 12/22  08:00:00,30.6088837794,196.482536462
 12/22  09:00:00,34.6805134837,165.68908254
 12/22  10:00:00,49.1586237098,130.717578556
 12/22  11:00:00,49.1586237098,114.59631910200001
 12/22  12:00:00,49.1586237098,96.57145271889999
 12/22  13:00:00,49.1586237098,79.85688325390001
 12/22  14:00:00,49.1586237098,62.9328499779
 12/22  15:00:00,49.1586237098,54.4524857603
 12/22  16:00:00,49.1586237098,51.4829204233
 12/22  17:00:00,51.072790376499995,65.33021722149999
 12/22  18:00:00,60.643623709799996,88.4161166297
 12/22  19:00:00,48.7988344962,101.71494685100001
 12/22  20:00:00,48.7988344962,113.044367386
 12/22  21:00:00,44.251346817,119.66115750799999
 12/22  22:00:00,22.3776491824,0.0
 12/22  23:00:00,15.1069992076,0.0
 12/22  24:00:00,15.1069992076,0.0
 12/23  01:00:00,14.6894804552,0.817865856841
 12/23  02:00:00,14.7104716333,1.35675231231
 12/23  03:00:00,14.7275696954,1.7887111759999998
 12/23  04:00:00,14.800085680599999,3.6599287908699996
 12/23  05:00:00,14.817112092999999,4.08081502495
 12/23  06:00:00,14.797554480899999,3.5993476084099996
 12/23  07:00:00,22.8888153486,221.833397072
 12/23  08:00:00,26.0613961002,187.574094751
 12/23  09:00:00,25.5855381253,170.279333725
 12/23  10:00:00,37.3138344962,138.586801949
 12/23  11:00:00,49.1586237098,115.639568491
 12/23  12:00:00,49.1586237098,93.7195958988
 12/23  13:00:00,49.1586237098,76.8641508767
 12/23  14:00:00,49.1586237098,66.9157218741
 12/23  15:00:00,49.1586237098,61.908402413000005
 12/23  16:00:00,49.1586237098,60.828803520200005
 12/23  17:00:00,51.072790376499995,65.2837135293
 12/23  18:00:00,60.643623709799996,77.7692759957
 12/23  19:00:00,44.251346817,99.4327725083
 12/23  20:00:00,35.1563714586,109.769569845
 12/23  21:00:00,35.1563714586,114.673779635
 12/23  22:00:00,26.0613961002,124.741329561
 12/23  23:00:00,14.657580751600001,0.0
 12/23  24:00:00,14.657580751600001,0.0
 12/24  01:00:00,14.657580751600001,0.0
 12/24  02:00:00,14.657580751600001,0.0
 12/24  03:00:00,14.6863484277,0.7384827573999999
 12/24  04:00:00,14.707314084000002,1.28021637016
 12/24  05:00:00,14.7641278577,2.7310066474299997
 12/24  06:00:00,14.7760953585,3.0447774181400002
 12/24  07:00:00,14.7967610334,3.5706077938300003
 12/24  08:00:00,14.842544186700001,4.7552530412800005
 12/24  09:00:00,16.490562766900002,212.781308698
 12/24  10:00:00,14.5763961002,167.193990728
 12/24  11:00:00,28.218859137800003,137.206583538
 12/24  12:00:00,28.218859137800003,118.910449586
 12/24  13:00:00,37.3138344962,104.09247367299999
 12/24  14:00:00,37.3138344962,99.8189644013
 12/24  15:00:00,37.3138344962,95.6817376934
 12/24  16:00:00,37.3138344962,90.2122884165
 12/24  17:00:00,39.2280011629,85.62300103439999
 12/24  18:00:00,39.7038591378,112.47872137200001
 12/24  19:00:00,30.6088837794,126.16665274
 12/24  20:00:00,14.657580751600001,0.0
 12/24  21:00:00,14.657580751600001,0.0
 12/24  22:00:00,14.657580751600001,0.0
 12/24  23:00:00,14.657580751600001,0.0
 12/24  24:00:00,14.657580751600001,0.0
 12/25  01:00:00,14.657580751600001,0.0
 12/25  02:00:00,14.6943613061,0.9484890076189999
 12/25  03:00:00,14.6941297966,0.93924854256
 12/25  04:00:00,14.6962892369,0.9954340980140001
 12/25  05:00:00,14.688315938599999,0.7922164242149999
 12/25  06:00:00,14.6886231174,0.800461462664
 12/25  07:00:00,14.7458062642,2.2782928016599997
 12/25  08:00:00,14.7566934277,2.55042484167
 12/25  09:00:00,16.490562766900002,198.37987935599998
 12/25  10:00:00,14.5763961002,150.6684626
 12/25  11:00:00,28.218859137800003,119.24808541899999
 12/25  12:00:00,28.218859137800003,103.83511119399999
 12/25  13:00:00,37.3138344962,85.352469721
 12/25  14:00:00,37.3138344962,78.5861680499
 12/25  15:00:00,37.3138344962,74.5163912718
 12/25  16:00:00,37.3138344962,79.4565067355
 12/25  17:00:00,39.2280011629,83.4729971352
 12/25  18:00:00,39.7038591378,115.98264538299999
 12/25  19:00:00,30.6088837794,132.533344355
 12/25  20:00:00,14.657580751600001,0.0
 12/25  21:00:00,14.657580751600001,0.0
 12/25  22:00:00,14.657580751600001,0.0
 12/25  23:00:00,14.657580751600001,0.0
 12/25  24:00:00,14.657580751600001,0.0
 12/26  01:00:00,15.1376452652,0.7891006172439999
 12/26  02:00:00,15.1994525258,2.38105024613
 12/26  03:00:00,15.2270070551,3.0820434337
 12/26  04:00:00,15.3064338843,5.12904922783
 12/26  05:00:00,15.3313515754,5.7562833416400006
 12/26  06:00:00,15.650261824600001,13.8623402873
 12/26  07:00:00,23.3382338046,237.48047519
 12/26  08:00:00,30.6088837794,194.783178368
 12/26  09:00:00,34.6805134837,170.93941258700002
 12/26  10:00:00,49.1586237098,143.24250486100001
 12/26  11:00:00,49.1586237098,122.41914160600001
 12/26  12:00:00,49.1586237098,94.2264687218
 12/26  13:00:00,49.1586237098,71.9407777707
 12/26  14:00:00,49.1586237098,57.9695669319
 12/26  15:00:00,49.1586237098,56.190054684399996
 12/26  16:00:00,49.1586237098,60.7961710917
 12/26  17:00:00,51.072790376499995,74.6319713138
 12/26  18:00:00,60.643623709799996,92.10499755549999
 12/26  19:00:00,48.7988344962,104.22276510100001
 12/26  20:00:00,48.7988344962,115.25722192
 12/26  21:00:00,44.251346817,121.01328169899999
 12/26  22:00:00,22.3776491824,0.0
 12/26  23:00:00,15.1069992076,0.0
 12/26  24:00:00,15.1069992076,0.0
 12/27  01:00:00,15.1404034825,0.857394473923
 12/27  02:00:00,15.1782754103,1.8286717262999999
 12/27  03:00:00,15.2402184033,3.42262807995
 12/27  04:00:00,15.2919011691,4.74684653962
 12/27  05:00:00,15.2744510371,4.29735802129
 12/27  06:00:00,15.319596595,5.453776252819999
 12/27  07:00:00,23.3382338046,218.24057125099998
 12/27  08:00:00,30.6088837794,170.858094106
 12/27  09:00:00,34.6805134837,149.155809783
 12/27  10:00:00,49.1586237098,119.506714983
 12/27  11:00:00,49.1586237098,99.7349638205
 12/27  12:00:00,49.1586237098,71.136260654
 12/27  13:00:00,49.1586237098,57.241024707799994
 12/27  14:00:00,49.1586237098,49.806922765799996
 12/27  15:00:00,49.1586237098,44.3883773357
 12/27  16:00:00,49.1586237098,43.3057572965
 12/27  17:00:00,49.1586237098,57.609223165
 12/27  18:00:00,60.643623709799996,73.8258859132
 12/27  19:00:00,48.7988344962,81.9701712271
 12/27  20:00:00,48.7988344962,91.62745451149999
 12/27  21:00:00,44.251346817,98.1170531385
 12/27  22:00:00,22.3776491824,0.0
 12/27  23:00:00,15.1069992076,0.0
 12/27  24:00:00,15.1069992076,0.0
 12/28  01:00:00,15.1069992076,0.0
 12/28  02:00:00,15.1069992076,0.0
 12/28  03:00:00,15.1069992076,0.0
 12/28  04:00:00,15.1354634638,0.7313381208149999
 12/28  05:00:00,15.162772161300001,1.43381267268
 12/28  06:00:00,15.1533839832,1.18905525234
 12/28  07:00:00,23.3382338046,200.307246505
 12/28  08:00:00,30.6088837794,160.731460395
 12/28  09:00:00,34.6805134837,138.458224242
 12/28  10:00:00,49.1586237098,99.391384051
 12/28  11:00:00,49.1586237098,77.56812011
 12/28  12:00:00,49.1586237098,63.64776919770001
 12/28  13:00:00,49.1586237098,58.6605715295
 12/28  14:00:00,49.1586237098,49.2155959166
 12/28  15:00:00,49.1586237098,44.979271320600006
 12/28  16:00:00,49.1586237098,41.6538891246
 12/28  17:00:00,49.1586237098,49.5685374379
 12/28  18:00:00,60.643623709799996,62.971462669
 12/28  19:00:00,48.7988344962,72.6299515543
 12/28  20:00:00,48.7988344962,87.8432790817
 12/28  21:00:00,44.251346817,96.9366772663
 12/28  22:00:00,22.3776491824,0.0
 12/28  23:00:00,15.1069992076,0.0
 12/28  24:00:00,15.1069992076,0.0
 12/29  01:00:00,15.1069992076,0.0
 12/29  02:00:00,15.1069992076,0.0
 12/29  03:00:00,15.161060958499998,1.3889402738799999
 12/29  04:00:00,15.1860866407,2.03169177753
 12/29  05:00:00,15.291626174200001,4.73638962996
 12/29  06:00:00,15.3256858502,5.61216279872
 12/29  07:00:00,23.3382338046,245.42789493599997
 12/29  08:00:00,30.6088837794,206.680381944
 12/29  09:00:00,34.6805134837,178.28152482099998
 12/29  10:00:00,49.1586237098,142.600686896
 12/29  11:00:00,49.1586237098,127.710030117
 12/29  12:00:00,49.1586237098,110.787906585
 12/29  13:00:00,49.1586237098,98.1467999515
 12/29  14:00:00,49.1586237098,86.1923655105
 12/29  15:00:00,49.1586237098,71.6970937393
 12/29  16:00:00,49.1586237098,67.57041429680001
 12/29  17:00:00,49.1586237098,85.231150547
 12/29  18:00:00,60.643623709799996,111.077524344
 12/29  19:00:00,48.7988344962,128.60070866200002
 12/29  20:00:00,48.7988344962,146.381934618
 12/29  21:00:00,44.251346817,161.322798266
 12/29  22:00:00,22.3776491824,0.0
 12/29  23:00:00,15.1495183753,1.08792251468
 12/29  24:00:00,15.3394201781,5.95459772477
 12/30  01:00:00,15.1569349448,12.7225669171
 12/30  02:00:00,15.6527531185,25.261477876399997
 12/30  03:00:00,15.7072674904,26.6255884164
 12/30  04:00:00,15.968195119,33.285537449
 12/30  05:00:00,15.941679645,32.5957895002
 12/30  06:00:00,16.2546147509,40.5876416264
 12/30  07:00:00,22.8888153486,304.116929959
 12/30  08:00:00,26.0613961002,271.840481181
 12/30  09:00:00,25.5855381253,251.264153517
 12/30  10:00:00,37.3138344962,223.28892479
 12/30  11:00:00,49.1586237098,190.264220508
 12/30  12:00:00,49.1586237098,162.217171352
 12/30  13:00:00,49.1586237098,147.240036625
 12/30  14:00:00,49.1586237098,127.035676125
 12/30  15:00:00,49.1586237098,109.808886505
 12/30  16:00:00,49.1586237098,105.161713535
 12/30  17:00:00,49.1586237098,113.386812906
 12/30  18:00:00,60.643623709799996,135.26175885700002
 12/30  19:00:00,44.251346817,164.490951324
 12/30  20:00:00,35.1563714586,180.740452835
 12/30  21:00:00,35.1563714586,188.694469542
 12/30  22:00:00,26.0613961002,201.90620116099998
 12/30  23:00:00,14.677713261300001,0.52029893861
 12/30  24:00:00,14.919253236800001,6.7066326237
 12/31  01:00:00,15.427044260299999,19.5674273339
 12/31  02:00:00,15.8687991697,30.7175142429
 12/31  03:00:00,15.998652697699999,34.0653421477
 12/31  04:00:00,16.3009283727,41.7390769346
 12/31  05:00:00,16.3171269175,42.2096869193
 12/31  06:00:00,16.604274535,49.5155367999
 12/31  07:00:00,16.5487313736,48.1360906472
 12/31  08:00:00,16.8455344743,55.686607971099995
 12/31  09:00:00,16.490562766900002,309.75098501400004
 12/31  10:00:00,14.5763961002,259.552138959
 12/31  11:00:00,28.218859137800003,222.824706035
 12/31  12:00:00,28.218859137800003,195.779498658
 12/31  13:00:00,37.3138344962,169.645592011
 12/31  14:00:00,37.3138344962,157.438581867
 12/31  15:00:00,37.3138344962,147.71186059299998
 12/31  16:00:00,37.3138344962,147.256228736
 12/31  17:00:00,37.3138344962,158.242134102
 12/31  18:00:00,39.7038591378,211.33265821
 12/31  19:00:00,30.6088837794,235.607429065
 12/31  20:00:00,14.694252363,0.9392661126549999
 12/31  21:00:00,15.054439775799999,10.1448479797
 12/31  22:00:00,15.7239951288,27.0406884361
 12/31  23:00:00,16.019525329300002,34.5956684592
 12/31  24:00:00,16.3199906075,42.2030183504
 01/01  01:00:00,15.8903453805,31.345643469499997
 01/01  02:00:00,15.6592840922,25.3941348987
 01/01  03:00:00,15.6179696596,24.395986066
 01/01  04:00:00,15.654799671900001,25.2992810224
 01/01  05:00:00,15.573514033099999,23.276120880700002
 01/01  06:00:00,15.604581171,24.0290460379
 01/01  07:00:00,15.5378019183,22.369104656399998
 01/01  08:00:00,15.5390246071,22.3605551626
 01/01  09:00:00,16.490562766900002,229.575277959
 01/01  10:00:00,14.5763961002,176.432772511
 01/01  11:00:00,28.218859137800003,139.24918784
 01/01  12:00:00,28.218859137800003,123.31095455399999
 01/01  13:00:00,37.3138344962,108.357058181
 01/01  14:00:00,37.3138344962,100.93793759799999
 01/01  15:00:00,37.3138344962,87.9159883063
 01/01  16:00:00,37.3138344962,75.6420407181
 01/01  17:00:00,37.3138344962,71.36943424
 01/01  18:00:00,39.7038591378,95.3496170064
 01/01  19:00:00,30.6088837794,110.948856831
 01/01  20:00:00,14.657580751600001,0.0
 01/01  21:00:00,14.657580751600001,0.0
 01/01  22:00:00,14.657580751600001,0.0
 01/01  23:00:00,14.657580751600001,0.0
 01/01  24:00:00,14.657580751600001,0.0
