Date/Time,Electricity:Facility [kW](Hourly),Gas:Facility [kW](Hourly)
 01/01  01:00:00,137.575028575,169.11183801
 01/01  02:00:00,133.26009143299999,139.542683888
 01/01  03:00:00,114.026433806,136.070975003
 01/01  04:00:00,112.82814498,135.720191515
 01/01  05:00:00,120.03189534,163.295303508
 01/01  06:00:00,132.745267298,191.696834973
 01/01  07:00:00,206.989545982,264.539374732
 01/01  08:00:00,277.559140432,641.389110189
 01/01  09:00:00,352.74003441199994,787.854603678
 01/01  10:00:00,349.378774349,634.894157446
 01/01  11:00:00,275.093927469,549.519663406
 01/01  12:00:00,246.25239479,479.33208344800005
 01/01  13:00:00,238.830614761,410.290173019
 01/01  14:00:00,219.263054775,381.431603666
 01/01  15:00:00,216.962967143,358.20233215800005
 01/01  16:00:00,213.78475112400002,351.69823872300003
 01/01  17:00:00,233.658976195,366.52550024
 01/01  18:00:00,257.363980476,375.37747626099997
 01/01  19:00:00,325.377623523,409.66481694199996
 01/01  20:00:00,326.030302228,476.436466155
 01/01  21:00:00,342.745404822,509.519593886
 01/01  22:00:00,312.58471397700004,513.207399917
 01/01  23:00:00,276.595489879,616.436534259
 01/01  24:00:00,193.258405058,479.637641265
 01/02  01:00:00,126.61320956700001,170.206283155
 01/02  02:00:00,114.674535599,137.689559327
 01/02  03:00:00,105.39272855600001,135.167740062
 01/02  04:00:00,103.965847421,134.788056047
 01/02  05:00:00,110.32074093700001,163.497569121
 01/02  06:00:00,140.995767256,247.754967117
 01/02  07:00:00,257.750633238,384.439744313
 01/02  08:00:00,335.058603634,741.653439743
 01/02  09:00:00,275.385279119,685.072146414
 01/02  10:00:00,271.268649391,601.434388464
 01/02  11:00:00,271.952494465,533.6239432
 01/02  12:00:00,250.219289765,456.127676442
 01/02  13:00:00,225.931342927,436.008623434
 01/02  14:00:00,212.684182691,411.750512546
 01/02  15:00:00,212.63619948,390.694310089
 01/02  16:00:00,209.815898129,389.193418406
 01/02  17:00:00,231.58621618,360.068958559
 01/02  18:00:00,259.06376578,391.18448379800003
 01/02  19:00:00,315.222273212,580.650848974
 01/02  20:00:00,314.309309837,515.512184319
 01/02  21:00:00,342.588192137,524.609457128
 01/02  22:00:00,334.75165285400004,625.6452818519999
 01/02  23:00:00,260.449589088,552.294640263
 01/02  24:00:00,176.079666541,449.936102877
 01/03  01:00:00,125.100855651,174.90138910299999
 01/03  02:00:00,114.407018147,142.35596725899998
 01/03  03:00:00,104.75963262299999,140.047991894
 01/03  04:00:00,103.88621344799999,139.136042526
 01/03  05:00:00,111.32386603,166.705140149
 01/03  06:00:00,141.66552761100002,251.04874356
 01/03  07:00:00,257.098851592,389.52236227199995
 01/03  08:00:00,336.071812958,757.169408245
 01/03  09:00:00,277.715459408,702.9271962180001
 01/03  10:00:00,289.303986786,596.806992366
 01/03  11:00:00,277.6553737,526.3132914390001
 01/03  12:00:00,247.429099142,456.100428885
 01/03  13:00:00,221.028940275,430.313620267
 01/03  14:00:00,199.413980125,411.120134539
 01/03  15:00:00,191.502557544,389.264753454
 01/03  16:00:00,191.32433647099998,394.518802166
 01/03  17:00:00,216.312949155,362.26425239
 01/03  18:00:00,254.131438972,388.637317061
 01/03  19:00:00,319.812304326,560.479250514
 01/03  20:00:00,325.55506939,496.729655941
 01/03  21:00:00,347.663166923,509.293520853
 01/03  22:00:00,325.534674843,615.014627882
 01/03  23:00:00,252.503338631,551.4408805969999
 01/03  24:00:00,171.72266472799998,454.928637309
 01/04  01:00:00,123.01362491,174.649867908
 01/04  02:00:00,113.279575329,141.52515584399998
 01/04  03:00:00,104.054153926,139.045898297
 01/04  04:00:00,103.097760154,138.028660543
 01/04  05:00:00,109.923378286,165.362082786
 01/04  06:00:00,140.483029945,249.186499118
 01/04  07:00:00,257.370742034,387.81439188699994
 01/04  08:00:00,335.7898261,738.334448205
 01/04  09:00:00,279.561682227,674.567208645
 01/04  10:00:00,324.312218795,569.971193297
 01/04  11:00:00,265.788320913,501.99757093
 01/04  12:00:00,230.174234404,429.29727299800004
 01/04  13:00:00,219.91006394099998,369.38478663
 01/04  14:00:00,212.611608847,311.212693445
 01/04  15:00:00,213.493599403,289.22078720400003
 01/04  16:00:00,212.88816692700001,308.472877405
 01/04  17:00:00,234.231306723,291.74231816900004
 01/04  18:00:00,266.413268452,444.842739024
 01/04  19:00:00,329.08893633,566.601873154
 01/04  20:00:00,334.716723386,470.07663358400004
 01/04  21:00:00,357.485670914,488.376473905
 01/04  22:00:00,339.668558967,596.894709981
 01/04  23:00:00,269.017028433,523.606117761
 01/04  24:00:00,174.79743515799998,423.244861127
 01/05  01:00:00,122.802547151,170.748251004
 01/05  02:00:00,112.997633101,138.35737768
 01/05  03:00:00,104.251978568,135.91141169999997
 01/05  04:00:00,103.740247725,137.686004231
 01/05  05:00:00,110.653330098,159.560240038
 01/05  06:00:00,141.224208939,246.44210176200002
 01/05  07:00:00,257.487673155,385.297308506
 01/05  08:00:00,336.446733473,733.9946690439999
 01/05  09:00:00,309.874965708,647.626936537
 01/05  10:00:00,350.75392584199994,527.87725669
 01/05  11:00:00,248.54692636299998,372.487660066
 01/05  12:00:00,230.443152289,286.719396305
 01/05  13:00:00,233.349285663,264.868151387
 01/05  14:00:00,241.141228575,241.82983816400002
 01/05  15:00:00,257.850702491,228.650793617
 01/05  16:00:00,255.74722626099998,236.989206576
 01/05  17:00:00,274.53365796400004,217.278696227
 01/05  18:00:00,297.015365567,248.064572709
 01/05  19:00:00,357.212200287,413.624960186
 01/05  20:00:00,367.741347714,360.747396761
 01/05  21:00:00,395.293418038,353.466384084
 01/05  22:00:00,385.22279729800005,483.73479901900004
 01/05  23:00:00,305.233610098,428.69848561199996
 01/05  24:00:00,214.007828203,286.93268006200003
 01/06  01:00:00,124.88174675299999,173.70547295900002
 01/06  02:00:00,120.687415267,133.258701653
 01/06  03:00:00,113.28357597200001,125.24122621
 01/06  04:00:00,112.874906294,120.466323084
 01/06  05:00:00,120.981075741,145.675877368
 01/06  06:00:00,156.216401487,228.45257028
 01/06  07:00:00,293.091450849,367.37241588800003
 01/06  08:00:00,364.109856799,611.192611645
 01/06  09:00:00,310.236652276,531.5257404509999
 01/06  10:00:00,292.541241518,426.398073697
 01/06  11:00:00,246.63202114900002,308.545635791
 01/06  12:00:00,294.05847798400004,236.96229440599998
 01/06  13:00:00,306.535158527,233.99787108200002
 01/06  14:00:00,299.688519837,225.809816298
 01/06  15:00:00,298.80469466700004,217.46298389900002
 01/06  16:00:00,299.193583166,225.662843325
 01/06  17:00:00,328.788389428,203.39363418599999
 01/06  18:00:00,348.463162539,226.246583904
 01/06  19:00:00,372.747690104,418.088036011
 01/06  20:00:00,389.26278065699995,357.281613106
 01/06  21:00:00,406.89277979300005,388.90527500400003
 01/06  22:00:00,393.89291914300003,505.80672213099996
 01/06  23:00:00,301.93861393599997,443.334994664
 01/06  24:00:00,215.665741913,307.66711659599997
 01/07  01:00:00,130.100349564,142.71698138899998
 01/07  02:00:00,135.40951826,118.30413375299999
 01/07  03:00:00,119.504648116,110.107399177
 01/07  04:00:00,120.273863549,107.945329699
 01/07  05:00:00,129.19820003200002,134.345712824
 01/07  06:00:00,145.04211254700002,161.180665738
 01/07  07:00:00,271.332911679,228.274394754
 01/07  08:00:00,320.235940522,418.397193552
 01/07  09:00:00,380.464143729,538.07958829
 01/07  10:00:00,352.89689457699996,411.48198632300006
 01/07  11:00:00,321.203743946,336.402621167
 01/07  12:00:00,314.727026186,289.638329424
 01/07  13:00:00,314.652739024,235.78343834900002
 01/07  14:00:00,305.039205207,225.105609475
 01/07  15:00:00,306.320322942,217.29269500200002
 01/07  16:00:00,305.484992055,228.99859287799998
 01/07  17:00:00,335.012434951,207.690144884
 01/07  18:00:00,371.886314904,195.71824939
 01/07  19:00:00,445.4069659,223.577395002
 01/07  20:00:00,438.561472995,258.307322265
 01/07  21:00:00,449.09616150000005,255.865099473
 01/07  22:00:00,439.187043067,251.54574439799998
 01/07  23:00:00,386.096309098,343.501069434
 01/07  24:00:00,287.944903436,212.727342863
 01/08  01:00:00,145.047285518,137.40145595
 01/08  02:00:00,154.48007543,117.590985816
 01/08  03:00:00,140.391951208,129.539319448
 01/08  04:00:00,142.385813621,138.148113602
 01/08  05:00:00,152.10043374100002,169.492465045
 01/08  06:00:00,168.042833061,189.762841484
 01/08  07:00:00,301.665641148,252.51568843799998
 01/08  08:00:00,328.255703981,404.04853091
 01/08  09:00:00,373.19633321,571.156583294
 01/08  10:00:00,312.735198767,473.14675298099996
 01/08  11:00:00,248.998429122,391.634743565
 01/08  12:00:00,237.976819267,318.15631932400004
 01/08  13:00:00,232.076289361,258.884775654
 01/08  14:00:00,212.14307920299999,247.338296736
 01/08  15:00:00,236.02027910200002,233.534780045
 01/08  16:00:00,251.847145345,238.428392578
 01/08  17:00:00,282.463717923,216.56349438900003
 01/08  18:00:00,297.094447923,219.20642239400001
 01/08  19:00:00,353.21711184300005,323.764202066
 01/08  20:00:00,367.65073448199996,403.758988798
 01/08  21:00:00,390.189084519,366.306508924
 01/08  22:00:00,362.45092851,362.77708904699995
 01/08  23:00:00,308.167649157,513.2736237180001
 01/08  24:00:00,222.772724487,390.353532374
 01/09  01:00:00,125.862084795,150.883745497
 01/09  02:00:00,120.40311192899999,117.594379505
 01/09  03:00:00,112.78061209200001,114.53464060299999
 01/09  04:00:00,112.061707467,113.536873128
 01/09  05:00:00,120.196925836,141.56446234700002
 01/09  06:00:00,154.975618463,226.589102218
 01/09  07:00:00,277.84033932799997,368.400511273
 01/09  08:00:00,376.049478035,648.136673138
 01/09  09:00:00,308.56971718299997,587.22160623
 01/09  10:00:00,285.430628496,525.2883149859999
 01/09  11:00:00,226.75346527,483.688336003
 01/09  12:00:00,219.404897002,427.938303339
 01/09  13:00:00,215.57333442200002,410.16748639800005
 01/09  14:00:00,206.140379604,392.643439696
 01/09  15:00:00,208.384133045,380.670858364
 01/09  16:00:00,207.29470610200002,389.778512653
 01/09  17:00:00,235.41669711900002,352.36984401300003
 01/09  18:00:00,275.760312419,341.223347374
 01/09  19:00:00,346.395241585,481.58295923300005
 01/09  20:00:00,360.979767503,377.93759707199996
 01/09  21:00:00,391.18424563599996,357.21481965
 01/09  22:00:00,380.954090839,437.899179785
 01/09  23:00:00,320.769271284,354.903129186
 01/09  24:00:00,214.316748253,256.22475708
 01/10  01:00:00,122.882104966,175.859522086
 01/10  02:00:00,121.756999583,133.252951758
 01/10  03:00:00,116.76812637799999,123.02960226100001
 01/10  04:00:00,118.03327924,116.20712174399999
 01/10  05:00:00,127.754233716,139.530770005
 01/10  06:00:00,165.023887961,220.67619522400003
 01/10  07:00:00,319.936515499,359.33302703699997
 01/10  08:00:00,388.56568792,495.08661001300004
 01/10  09:00:00,323.801142308,417.87183502
 01/10  10:00:00,294.172921558,379.43631269400004
 01/10  11:00:00,243.811994889,350.640102819
 01/10  12:00:00,245.833757288,312.510915505
 01/10  13:00:00,225.063977579,311.76660732700003
 01/10  14:00:00,222.157096936,326.480802649
 01/10  15:00:00,209.381467662,372.809400755
 01/10  16:00:00,206.131084657,422.13572784400003
 01/10  17:00:00,235.193502588,356.85197299699996
 01/10  18:00:00,277.537447207,357.86239136
 01/10  19:00:00,348.24977889800005,502.924443384
 01/10  20:00:00,352.311859828,413.968326897
 01/10  21:00:00,376.575840026,436.79054989800005
 01/10  22:00:00,361.193049299,554.355325001
 01/10  23:00:00,281.83794407799996,478.738249835
 01/10  24:00:00,194.295629119,393.76740316800004
 01/11  01:00:00,128.97831735399998,160.983482747
 01/11  02:00:00,118.515850351,128.694292847
 01/11  03:00:00,108.784821954,126.271781962
 01/11  04:00:00,107.701253492,126.055833133
 01/11  05:00:00,115.389906751,153.226631424
 01/11  06:00:00,151.16373945700002,234.40663585400003
 01/11  07:00:00,275.615497016,379.6326761
 01/11  08:00:00,389.030869576,647.7711619519999
 01/11  09:00:00,313.838508251,575.81447749
 01/11  10:00:00,288.445652741,497.576543985
 01/11  11:00:00,230.872023475,405.94133836
 01/11  12:00:00,228.30386850099998,286.965591531
 01/11  13:00:00,228.531831088,264.216553164
 01/11  14:00:00,231.26808973099998,237.49447613
 01/11  15:00:00,270.821559872,221.115311098
 01/11  16:00:00,283.04241828,229.799062829
 01/11  17:00:00,263.80770217400004,222.96188258
 01/11  18:00:00,278.627268921,265.40810611
 01/11  19:00:00,357.90375269,431.21430363800005
 01/11  20:00:00,372.01230427699994,341.51055777
 01/11  21:00:00,402.221736885,323.398917698
 01/11  22:00:00,390.658855465,432.267464786
 01/11  23:00:00,312.267678326,351.467692445
 01/11  24:00:00,220.871230165,239.720436287
 01/12  01:00:00,123.63876849299999,184.954915275
 01/12  02:00:00,122.064633328,139.318889022
 01/12  03:00:00,119.125773809,126.593827261
 01/12  04:00:00,120.946292128,118.755731593
 01/12  05:00:00,128.894134085,141.035457773
 01/12  06:00:00,163.858301883,222.255910153
 01/12  07:00:00,310.44978131700003,364.376619224
 01/12  08:00:00,368.961423088,598.351675289
 01/12  09:00:00,297.121121197,539.45579268
 01/12  10:00:00,284.155055011,458.04896848699997
 01/12  11:00:00,207.692892825,344.05618056300005
 01/12  12:00:00,200.082223492,267.678517418
 01/12  13:00:00,212.087593317,252.507600317
 01/12  14:00:00,258.61553484,237.516664131
 01/12  15:00:00,280.531025666,228.693685243
 01/12  16:00:00,284.269838387,236.43848652900002
 01/12  17:00:00,320.588456641,218.575891068
 01/12  18:00:00,329.051367528,243.453618875
 01/12  19:00:00,343.324597272,459.459346663
 01/12  20:00:00,352.86087421400003,552.132680064
 01/12  21:00:00,385.963774989,446.25801811199995
 01/12  22:00:00,369.92134227400004,515.243869092
 01/12  23:00:00,287.837607889,425.322119076
 01/12  24:00:00,191.507115208,335.93697496
 01/13  01:00:00,118.662437535,156.57229913
 01/13  02:00:00,112.64684079700001,124.726924417
 01/13  03:00:00,105.27760118399999,122.546693117
 01/13  04:00:00,105.54438392600001,127.773846915
 01/13  05:00:00,114.30783030200001,149.036760062
 01/13  06:00:00,149.11859480799998,232.75345441
 01/13  07:00:00,271.962538787,371.560569095
 01/13  08:00:00,408.675951804,597.4382872269999
 01/13  09:00:00,316.852129957,505.37244952699996
 01/13  10:00:00,279.86014055,398.310533611
 01/13  11:00:00,232.29364472900002,331.58264711
 01/13  12:00:00,246.169377114,259.341994023
 01/13  13:00:00,282.960317385,238.180267337
 01/13  14:00:00,297.43702571299997,227.388023925
 01/13  15:00:00,301.221531987,218.96483893799999
 01/13  16:00:00,301.04099398799997,227.12128354400002
 01/13  17:00:00,324.365967885,204.63606501900003
 01/13  18:00:00,323.812100745,241.46680592
 01/13  19:00:00,365.516977339,439.66287287
 01/13  20:00:00,371.510161934,435.09177111400004
 01/13  21:00:00,400.479872271,419.973366807
 01/13  22:00:00,386.664229028,526.027657858
 01/13  23:00:00,311.931209311,373.352228475
 01/13  24:00:00,221.707600262,215.25013193700002
 01/14  01:00:00,128.179898486,166.368369632
 01/14  02:00:00,137.088258445,125.631483191
 01/14  03:00:00,123.907999837,116.149576704
 01/14  04:00:00,126.70299551,108.25746752
 01/14  05:00:00,136.639659465,133.113732275
 01/14  06:00:00,150.39369061899998,163.207149513
 01/14  07:00:00,283.329441042,231.429181943
 01/14  08:00:00,317.108750601,407.922242121
 01/14  09:00:00,379.78050596300005,554.600843299
 01/14  10:00:00,334.69093764900003,433.893178723
 01/14  11:00:00,287.849558289,348.19098179699995
 01/14  12:00:00,311.769732389,288.247966665
 01/14  13:00:00,315.139943148,239.458619118
 01/14  14:00:00,306.23294787099996,226.785083926
 01/14  15:00:00,306.398995856,225.4209477
 01/14  16:00:00,306.176087644,227.025807798
 01/14  17:00:00,334.69473213599997,206.073768048
 01/14  18:00:00,365.25379937699995,201.25298410599999
 01/14  19:00:00,402.54910333,241.016262201
 01/14  20:00:00,383.04481929699995,300.069381
 01/14  21:00:00,401.22525108300005,305.747167072
 01/14  22:00:00,390.363210165,333.010452036
 01/14  23:00:00,336.350024443,432.96790793599996
 01/14  24:00:00,241.578364505,304.739082455
 01/15  01:00:00,141.102943186,188.62530902400002
 01/15  02:00:00,150.21179244799998,141.52438797899998
 01/15  03:00:00,137.073351269,133.969908508
 01/15  04:00:00,139.75887725200002,118.484484174
 01/15  05:00:00,149.07501988,139.766034934
 01/15  06:00:00,163.498615812,170.182984331
 01/15  07:00:00,298.614394544,233.98371317599998
 01/15  08:00:00,324.513939707,450.496288211
 01/15  09:00:00,383.852057055,547.163853068
 01/15  10:00:00,341.702305975,416.22960637
 01/15  11:00:00,320.610085664,342.786354276
 01/15  12:00:00,320.853623457,291.759857352
 01/15  13:00:00,320.252767399,232.75369205799998
 01/15  14:00:00,301.813114142,225.32049381099998
 01/15  15:00:00,300.719246373,216.19657955099999
 01/15  16:00:00,299.945713492,224.55721809599999
 01/15  17:00:00,329.024924685,210.582774617
 01/15  18:00:00,361.239891339,195.238871124
 01/15  19:00:00,432.21566960800004,219.56394244900002
 01/15  20:00:00,434.62333516900003,262.273411516
 01/15  21:00:00,454.635332229,254.60038220400003
 01/15  22:00:00,426.65214902199995,252.23720088599998
 01/15  23:00:00,374.610636851,358.981798734
 01/15  24:00:00,296.216317828,215.18287149
 01/16  01:00:00,145.24155796899998,135.464874664
 01/16  02:00:00,156.078829769,105.54510108299999
 01/16  03:00:00,143.791847891,104.41824889799999
 01/16  04:00:00,146.88520677100001,109.551044936
 01/16  05:00:00,157.24412812,133.257511929
 01/16  06:00:00,174.273731182,168.855742367
 01/16  07:00:00,311.120443389,226.81793274
 01/16  08:00:00,347.47302915,378.905826867
 01/16  09:00:00,403.312808099,517.97351917
 01/16  10:00:00,363.42035564,413.60856382800006
 01/16  11:00:00,301.735392542,347.574948068
 01/16  12:00:00,291.304495114,288.624143795
 01/16  13:00:00,298.126481782,238.570892825
 01/16  14:00:00,290.689502923,229.81695149700002
 01/16  15:00:00,294.42454034599996,219.92579721099997
 01/16  16:00:00,287.409836798,229.283049601
 01/16  17:00:00,300.504459428,211.106143445
 01/16  18:00:00,304.93573233,213.673177265
 01/16  19:00:00,373.403428117,253.87448846900003
 01/16  20:00:00,383.248852801,291.335931223
 01/16  21:00:00,414.486978897,297.964849024
 01/16  22:00:00,386.87522720199996,295.309546713
 01/16  23:00:00,327.497378098,402.661024535
 01/16  24:00:00,240.703061663,288.469180214
 01/17  01:00:00,127.61836655799999,198.269041848
 01/17  02:00:00,128.317930474,148.170013146
 01/17  03:00:00,124.91793189799999,132.57052040000002
 01/17  04:00:00,128.450671777,127.649687844
 01/17  05:00:00,139.127628098,141.895143863
 01/17  06:00:00,175.54087568900002,221.179187521
 01/17  07:00:00,346.425612497,359.74941150300003
 01/17  08:00:00,388.413198033,490.802254613
 01/17  09:00:00,323.180844995,414.42879199
 01/17  10:00:00,283.137546396,374.36247018800003
 01/17  11:00:00,219.285219193,340.368665297
 01/17  12:00:00,210.491758973,269.076241345
 01/17  13:00:00,206.99156738,264.990055402
 01/17  14:00:00,196.440807627,261.338917046
 01/17  15:00:00,197.416125294,247.259724541
 01/17  16:00:00,201.696073595,252.74080594400002
 01/17  17:00:00,231.47659526799998,234.06519980599998
 01/17  18:00:00,279.75332022,245.123008147
 01/17  19:00:00,359.23246792099997,391.92580385699995
 01/17  20:00:00,370.312299511,298.017757554
 01/17  21:00:00,399.894492906,316.67817758
 01/17  22:00:00,388.24014787699997,419.68238359300005
 01/17  23:00:00,309.42348325,352.66715184599997
 01/17  24:00:00,217.85488198299998,249.574721127
 01/18  01:00:00,123.421401085,192.126037277
 01/18  02:00:00,123.08625006700001,138.862482823
 01/18  03:00:00,119.518786241,120.47192533100001
 01/18  04:00:00,122.722294991,111.32706265799999
 01/18  05:00:00,133.678626721,137.524078849
 01/18  06:00:00,171.098610622,217.956862358
 01/18  07:00:00,344.506600585,357.34346806699995
 01/18  08:00:00,392.721657391,479.23660598099997
 01/18  09:00:00,321.949194945,392.575603114
 01/18  10:00:00,282.65321053,339.24904387
 01/18  11:00:00,247.687353682,303.519425276
 01/18  12:00:00,299.76581224299997,237.895972815
 01/18  13:00:00,306.825523143,235.456786507
 01/18  14:00:00,294.63289781099996,227.164433821
 01/18  15:00:00,293.389778616,217.51163077400003
 01/18  16:00:00,293.077935773,226.12264150099998
 01/18  17:00:00,324.047515452,208.177640214
 01/18  18:00:00,363.939460485,219.256096129
 01/18  19:00:00,428.593558415,360.52666211800005
 01/18  20:00:00,437.11385898599997,257.24859995400004
 01/18  21:00:00,461.845980409,265.291044378
 01/18  22:00:00,437.95966979300005,360.499752475
 01/18  23:00:00,373.30020874400003,274.072983535
 01/18  24:00:00,295.740874568,165.162212284
 01/19  01:00:00,128.01750651700002,125.8263888
 01/19  02:00:00,130.072816843,98.4565232262
 01/19  03:00:00,127.207945952,100.171534726
 01/19  04:00:00,162.697158081,102.91092935399999
 01/19  05:00:00,139.591276113,116.937337532
 01/19  06:00:00,212.362022506,196.746789427
 01/19  07:00:00,329.187043462,338.589626798
 01/19  08:00:00,429.265802968,466.614809019
 01/19  09:00:00,379.56072733599996,371.277432536
 01/19  10:00:00,349.503584288,318.24112953
 01/19  11:00:00,301.312153734,292.211888079
 01/19  12:00:00,302.539143007,233.951862452
 01/19  13:00:00,301.665797213,235.427816115
 01/19  14:00:00,292.997148548,230.94631908099998
 01/19  15:00:00,294.297079342,218.159406045
 01/19  16:00:00,294.354279778,226.26982713700002
 01/19  17:00:00,324.885435267,202.85454458799998
 01/19  18:00:00,366.10393814099996,218.70351181400002
 01/19  19:00:00,429.83500841800003,359.21441146800004
 01/19  20:00:00,436.982792458,260.639103982
 01/19  21:00:00,461.061306544,257.557588495
 01/19  22:00:00,435.963949132,354.000070169
 01/19  23:00:00,368.963952194,270.055972492
 01/19  24:00:00,304.377029145,158.480696836
 01/20  01:00:00,138.929334623,114.35785142700001
 01/20  02:00:00,193.660860413,89.572000913
 01/20  03:00:00,115.120421605,98.0350420282
 01/20  04:00:00,165.20627922100002,92.06972917790002
 01/20  05:00:00,184.909988798,119.425405725
 01/20  06:00:00,212.905142733,248.29222033
 01/20  07:00:00,314.69191547400004,445.874604995
 01/20  08:00:00,395.574118908,587.2366095880001
 01/20  09:00:00,327.295564282,564.641964946
 01/20  10:00:00,272.671818954,495.810510255
 01/20  11:00:00,204.121186703,437.761615221
 01/20  12:00:00,199.431421445,388.17992284
 01/20  13:00:00,198.31184576,393.482560319
 01/20  14:00:00,202.55642013,343.332501671
 01/20  15:00:00,214.03490636900003,309.459717485
 01/20  16:00:00,210.843651759,330.079916356
 01/20  17:00:00,235.439438362,327.972342573
 01/20  18:00:00,272.21745694,381.392959268
 01/20  19:00:00,343.43908341400004,504.209825948
 01/20  20:00:00,352.71504328199995,420.08555933199995
 01/20  21:00:00,380.851989446,420.467838844
 01/20  22:00:00,366.829851746,528.108651668
 01/20  23:00:00,290.519874428,450.764288855
 01/20  24:00:00,200.389947851,348.63922459699995
 01/21  01:00:00,127.372615884,162.007864487
 01/21  02:00:00,127.642828402,123.005925935
 01/21  03:00:00,109.229888434,120.524069024
 01/21  04:00:00,108.23511173700001,119.821740765
 01/21  05:00:00,115.25348467399999,148.022846486
 01/21  06:00:00,128.559159515,183.391693205
 01/21  07:00:00,217.272074145,245.649158647
 01/21  08:00:00,298.903047921,575.506469379
 01/21  09:00:00,364.657656977,731.647604977
 01/21  10:00:00,325.655813515,609.7323013519999
 01/21  11:00:00,243.587877012,537.848802336
 01/21  12:00:00,237.64351342400002,471.742705551
 01/21  13:00:00,238.84283151,390.65712938800004
 01/21  14:00:00,233.14916666,328.96682355900003
 01/21  15:00:00,236.840913113,278.733322278
 01/21  16:00:00,231.478546503,295.724293993
 01/21  17:00:00,246.90263755700002,293.495450806
 01/21  18:00:00,267.42152061,389.752596952
 01/21  19:00:00,341.852740332,420.47782733
 01/21  20:00:00,341.749517835,444.05220292
 01/21  21:00:00,359.10367647,451.967923509
 01/21  22:00:00,351.954948159,462.093744647
 01/21  23:00:00,296.993840234,565.8048559169999
 01/21  24:00:00,216.78113627099998,439.614878822
 01/22  01:00:00,135.12043766899998,160.499102182
 01/22  02:00:00,134.839501128,133.790620607
 01/22  03:00:00,121.94948807200001,125.06722225700001
 01/22  04:00:00,118.883417076,124.062594071
 01/22  05:00:00,125.26697272700001,156.572906145
 01/22  06:00:00,138.587274866,182.809020148
 01/22  07:00:00,219.59583985900002,253.051066009
 01/22  08:00:00,300.251589996,584.529339984
 01/22  09:00:00,376.67407008699996,746.4794611919999
 01/22  10:00:00,306.770555716,614.225173481
 01/22  11:00:00,239.53718975400002,537.401611538
 01/22  12:00:00,219.016702038,470.808468296
 01/22  13:00:00,202.971589657,424.216612306
 01/22  14:00:00,180.886333791,411.49177597
 01/22  15:00:00,182.97262094299998,394.92750075199996
 01/22  16:00:00,182.12786990799998,402.341290334
 01/22  17:00:00,208.57037193,377.20386676
 01/22  18:00:00,237.533797789,373.918558978
 01/22  19:00:00,319.774364882,400.940461039
 01/22  20:00:00,335.332617746,440.683828079
 01/22  21:00:00,369.84446291,425.75227061199996
 01/22  22:00:00,341.798822829,429.983451068
 01/22  23:00:00,282.807629804,545.7287725140001
 01/22  24:00:00,207.675132539,423.053702964
 01/23  01:00:00,122.66009046399999,162.274572904
 01/23  02:00:00,116.33741126,128.120525091
 01/23  03:00:00,108.67918835399999,124.15049166
 01/23  04:00:00,108.219399814,121.9438251
 01/23  05:00:00,116.225303329,152.015032958
 01/23  06:00:00,151.293937867,235.020669583
 01/23  07:00:00,273.931791036,371.880477227
 01/23  08:00:00,391.857676686,620.492016789
 01/23  09:00:00,307.455596955,545.101972864
 01/23  10:00:00,276.634050508,468.223820036
 01/23  11:00:00,224.127581375,356.357721826
 01/23  12:00:00,224.07317557099998,275.02035593200003
 01/23  13:00:00,230.27733430400002,264.124131935
 01/23  14:00:00,234.654539191,243.141756222
 01/23  15:00:00,251.592792538,228.27474405799998
 01/23  16:00:00,256.036008499,235.67774235599998
 01/23  17:00:00,270.526749033,219.05130965799998
 01/23  18:00:00,285.378329512,272.273219944
 01/23  19:00:00,346.08461055,562.3829835180001
 01/23  20:00:00,353.284344111,476.11875242800005
 01/23  21:00:00,380.06108849699996,430.38032666199996
 01/23  22:00:00,367.56368735800004,531.227189026
 01/23  23:00:00,307.114457678,434.045784906
 01/23  24:00:00,217.89144684099998,305.445644749
 01/24  01:00:00,119.933438002,154.82344527700002
 01/24  02:00:00,119.348061771,115.55346206600001
 01/24  03:00:00,115.820961975,113.070395316
 01/24  04:00:00,115.64088227399999,111.52104174600001
 01/24  05:00:00,123.601716861,138.899717352
 01/24  06:00:00,157.241905655,224.699353778
 01/24  07:00:00,281.349154685,375.235341858
 01/24  08:00:00,392.222419432,624.4268478930001
 01/24  09:00:00,320.985154005,555.291431958
 01/24  10:00:00,285.41874903400003,473.936004523
 01/24  11:00:00,226.89549969400002,358.265274654
 01/24  12:00:00,225.11995451,276.963864953
 01/24  13:00:00,232.952484105,253.531994033
 01/24  14:00:00,230.01092482200002,240.753511105
 01/24  15:00:00,230.836748873,229.534066661
 01/24  16:00:00,229.007106677,242.240260414
 01/24  17:00:00,253.2290645,225.40473936599997
 01/24  18:00:00,283.051427447,260.778382578
 01/24  19:00:00,349.108468117,509.249200515
 01/24  20:00:00,360.94735939699996,449.225363357
 01/24  21:00:00,390.3342712,387.70173362400004
 01/24  22:00:00,376.64663567900004,501.88142197300004
 01/24  23:00:00,305.03703331,419.706935242
 01/24  24:00:00,211.030882322,304.142125232
 01/25  01:00:00,124.83197957,148.18922203
 01/25  02:00:00,120.171230311,121.59448295799999
 01/25  03:00:00,112.84992892700001,112.330141396
 01/25  04:00:00,112.92010117299999,110.834055298
 01/25  05:00:00,121.38779040200001,138.306564133
 01/25  06:00:00,156.690596596,222.94708500599998
 01/25  07:00:00,292.622736158,369.16480172900003
 01/25  08:00:00,368.39278568099996,593.753391511
 01/25  09:00:00,310.816373753,518.622663116
 01/25  10:00:00,280.978743213,434.292429191
 01/25  11:00:00,227.19075989700002,351.020717876
 01/25  12:00:00,228.92748996,300.66910882400003
 01/25  13:00:00,229.86465122400003,283.191662237
 01/25  14:00:00,226.61653651700001,269.322451237
 01/25  15:00:00,229.678211709,257.190750363
 01/25  16:00:00,228.275007305,263.707330561
 01/25  17:00:00,251.557242567,251.254093615
 01/25  18:00:00,282.433535716,300.837194174
 01/25  19:00:00,346.09240547900004,588.295192225
 01/25  20:00:00,344.479282103,456.392305193
 01/25  21:00:00,365.738097209,462.54697978800004
 01/25  22:00:00,350.48261551900003,572.710601748
 01/25  23:00:00,280.094703341,494.494095043
 01/25  24:00:00,181.58916970299998,403.292440635
 01/26  01:00:00,126.51996140799999,163.064947854
 01/26  02:00:00,115.25625651,136.806096978
 01/26  03:00:00,105.425548847,128.098514448
 01/26  04:00:00,104.54795065399999,127.088203514
 01/26  05:00:00,111.48351696,154.929087962
 01/26  06:00:00,144.260793196,239.47471623799998
 01/26  07:00:00,263.723569298,384.166736132
 01/26  08:00:00,347.95916883,700.3184276430001
 01/26  09:00:00,330.343816055,623.933334542
 01/26  10:00:00,339.484150496,524.731065466
 01/26  11:00:00,245.622050897,455.80633840699994
 01/26  12:00:00,228.62081957400002,344.12420042300005
 01/26  13:00:00,231.468912322,295.946274959
 01/26  14:00:00,230.86985623,269.278736576
 01/26  15:00:00,236.03295370400002,242.752455462
 01/26  16:00:00,240.96408675900003,243.278041279
 01/26  17:00:00,268.455977711,225.787190311
 01/26  18:00:00,294.69132237,246.02452481400002
 01/26  19:00:00,351.06015588,534.558826837
 01/26  20:00:00,358.071192716,463.755036494
 01/26  21:00:00,379.240509264,431.21067985900004
 01/26  22:00:00,367.11506365,531.706650403
 01/26  23:00:00,304.46602461099997,443.43798556900003
 01/26  24:00:00,212.97594753200002,338.27451330900004
 01/27  01:00:00,121.323866007,153.356470466
 01/27  02:00:00,115.91620170200001,125.363104315
 01/27  03:00:00,109.55417932600001,114.753291686
 01/27  04:00:00,113.957988486,111.976327517
 01/27  05:00:00,132.06135407,138.206573105
 01/27  06:00:00,169.36263607799998,221.04808876200002
 01/27  07:00:00,311.097461612,365.446419292
 01/27  08:00:00,378.862991113,577.53170866
 01/27  09:00:00,313.87479520700003,478.009103304
 01/27  10:00:00,289.09050438599996,373.808505253
 01/27  11:00:00,227.23889345900002,304.66333544599996
 01/27  12:00:00,280.62557988599997,243.16883411400002
 01/27  13:00:00,311.197950524,235.304059323
 01/27  14:00:00,301.252480062,227.481887719
 01/27  15:00:00,301.196492396,218.873157469
 01/27  16:00:00,301.587794355,226.80809758400002
 01/27  17:00:00,331.435593296,210.60869512
 01/27  18:00:00,368.35047515599996,220.165305159
 01/27  19:00:00,411.844290988,374.245544591
 01/27  20:00:00,380.543837379,336.18255834900003
 01/27  21:00:00,406.666249198,368.93473491199995
 01/27  22:00:00,392.700899793,548.224967526
 01/27  23:00:00,311.931632651,462.79273725300004
 01/27  24:00:00,214.195509397,316.964827617
 01/28  01:00:00,126.73294943100001,148.747751147
 01/28  02:00:00,131.818459269,119.765653364
 01/28  03:00:00,115.533387673,114.418851785
 01/28  04:00:00,115.51435911,110.735984352
 01/28  05:00:00,124.021036883,137.90596201600002
 01/28  06:00:00,138.396493373,172.501921033
 01/28  07:00:00,244.26890786,232.06074215200002
 01/28  08:00:00,291.496603492,523.367332988
 01/28  09:00:00,372.83529254900003,666.010740102
 01/28  10:00:00,344.59872100300004,479.83433732
 01/28  11:00:00,278.49037013599997,364.82306798900004
 01/28  12:00:00,293.275654745,292.893133556
 01/28  13:00:00,313.188684918,236.87452838
 01/28  14:00:00,303.445921185,231.65033087400002
 01/28  15:00:00,303.03076163099996,216.465249702
 01/28  16:00:00,303.090719116,224.925104327
 01/28  17:00:00,333.182267308,210.84126653599998
 01/28  18:00:00,362.18744837099996,195.188947987
 01/28  19:00:00,396.738107895,266.16343558799997
 01/28  20:00:00,378.601223001,394.242475169
 01/28  21:00:00,390.95747742300006,465.44254474300004
 01/28  22:00:00,389.05759933400003,358.219875065
 01/28  23:00:00,331.26577347799997,427.147229945
 01/28  24:00:00,233.92958168,376.01700484300005
 01/29  01:00:00,143.523826564,151.300193233
 01/29  02:00:00,148.93731639700002,123.03891286700001
 01/29  03:00:00,133.870855498,112.150353745
 01/29  04:00:00,134.122810098,108.9395801
 01/29  05:00:00,142.33022811200001,139.56871104799998
 01/29  06:00:00,157.055388025,164.397946811
 01/29  07:00:00,283.17378892,233.64764332599998
 01/29  08:00:00,322.258573417,471.166724078
 01/29  09:00:00,383.393437287,599.9340117869999
 01/29  10:00:00,341.202904147,429.801756556
 01/29  11:00:00,315.194446339,344.20992976199994
 01/29  12:00:00,319.698459408,284.294510486
 01/29  13:00:00,321.27015809200003,240.074645207
 01/29  14:00:00,302.543080896,225.58312672099999
 01/29  15:00:00,301.920544013,216.93005941299998
 01/29  16:00:00,301.68913343099996,225.63965366
 01/29  17:00:00,331.008855213,209.02800302900002
 01/29  18:00:00,361.810835715,198.880340535
 01/29  19:00:00,435.793857931,221.36669945900002
 01/29  20:00:00,437.138572541,262.080254711
 01/29  21:00:00,455.175912296,255.356618867
 01/29  22:00:00,426.886163413,256.592183352
 01/29  23:00:00,375.023758475,347.264174618
 01/29  24:00:00,313.909882666,208.87387863
 01/30  01:00:00,138.835712833,111.7507375
 01/30  02:00:00,146.468611149,83.923706808
 01/30  03:00:00,148.76555768,83.9252802483
 01/30  04:00:00,188.606662635,90.1069998042
 01/30  05:00:00,131.349948308,111.812748089
 01/30  06:00:00,212.62682754,196.66337080000002
 01/30  07:00:00,344.521738454,345.95199294099996
 01/30  08:00:00,430.25178468900003,484.868904385
 01/30  09:00:00,342.504117604,404.823470976
 01/30  10:00:00,286.785765475,363.737512664
 01/30  11:00:00,226.429616917,343.515126861
 01/30  12:00:00,243.386049229,260.125504727
 01/30  13:00:00,263.142725894,247.37248799999998
 01/30  14:00:00,280.852596978,229.19435357900002
 01/30  15:00:00,300.31323188700003,218.44323629599998
 01/30  16:00:00,301.406775407,228.01428824
 01/30  17:00:00,330.87486922700003,204.960508718
 01/30  18:00:00,364.310177215,228.60756094
 01/30  19:00:00,424.77501187900003,358.889271925
 01/30  20:00:00,415.303073938,279.782384249
 01/30  21:00:00,436.63869773,281.210247301
 01/30  22:00:00,421.94710123,385.758185121
 01/30  23:00:00,339.378744343,297.599833125
 01/30  24:00:00,239.17922824599998,183.991841367
 01/31  01:00:00,125.862013859,155.844820801
 01/31  02:00:00,127.39301352700001,130.35448204
 01/31  03:00:00,124.07868367200001,143.462809925
 01/31  04:00:00,126.744815391,150.687680813
 01/31  05:00:00,137.49042059299998,169.778313027
 01/31  06:00:00,219.866444744,240.671295377
 01/31  07:00:00,288.52956381900003,380.889019205
 01/31  08:00:00,370.05152909300006,520.4557249009999
 01/31  09:00:00,333.752909319,412.726008825
 01/31  10:00:00,319.77718267,332.79143025400003
 01/31  11:00:00,289.031438547,287.835208052
 01/31  12:00:00,266.69177437400003,243.142150773
 01/31  13:00:00,256.22823714599997,243.08811065400002
 01/31  14:00:00,258.3446527,232.672616134
 01/31  15:00:00,263.313765433,223.304087879
 01/31  16:00:00,264.4868751,232.300801468
 01/31  17:00:00,294.66847521200003,212.957706665
 01/31  18:00:00,338.704769947,224.58874098099997
 01/31  19:00:00,413.324235878,368.90875299199996
 01/31  20:00:00,404.493054241,273.58662911700003
 01/31  21:00:00,427.271359111,280.922160377
 01/31  22:00:00,396.685679349,404.769903778
 01/31  23:00:00,313.02244778200003,379.483164796
 01/31  24:00:00,219.171316004,396.700486486
 02/01  01:00:00,121.28373560799999,168.210181317
 02/01  02:00:00,117.320372394,129.117244894
 02/01  03:00:00,110.003566708,128.436253503
 02/01  04:00:00,108.696111051,119.148368535
 02/01  05:00:00,115.518537957,146.326435016
 02/01  06:00:00,150.29130851,230.64747552900002
 02/01  07:00:00,286.84934982,371.31627344699996
 02/01  08:00:00,319.67835520799997,675.639375919
 02/01  09:00:00,303.55962368,602.473590459
 02/01  10:00:00,299.480987991,510.635455267
 02/01  11:00:00,235.790814135,445.03392482
 02/01  12:00:00,227.94004110900002,334.308473435
 02/01  13:00:00,231.700252755,300.30093084
 02/01  14:00:00,229.177730415,261.890078264
 02/01  15:00:00,231.587848123,243.254334623
 02/01  16:00:00,228.356191126,253.412156482
 02/01  17:00:00,254.558678128,228.66437282799998
 02/01  18:00:00,291.68155128,251.398571155
 02/01  19:00:00,358.852451054,434.33855765699997
 02/01  20:00:00,360.906222244,483.75421495800003
 02/01  21:00:00,381.898402044,436.194065534
 02/01  22:00:00,370.539658599,533.7741914540001
 02/01  23:00:00,294.643219755,452.76728309699996
 02/01  24:00:00,207.037574675,346.740551001
 02/02  01:00:00,128.073833957,159.15658895
 02/02  02:00:00,121.07976702399999,120.62694761200001
 02/02  03:00:00,112.88672874,117.02978138799999
 02/02  04:00:00,112.546856782,115.110512794
 02/02  05:00:00,120.765986616,142.023958675
 02/02  06:00:00,156.325380414,225.93710578099999
 02/02  07:00:00,280.540133512,371.82667471900004
 02/02  08:00:00,388.07349657300006,620.8702902059999
 02/02  09:00:00,306.473105993,573.212108617
 02/02  10:00:00,285.218582675,512.265472131
 02/02  11:00:00,227.62155709099997,455.146802531
 02/02  12:00:00,227.37495409599998,371.04135303699996
 02/02  13:00:00,232.666358028,322.600832353
 02/02  14:00:00,229.83179466,291.702189531
 02/02  15:00:00,229.76671989099998,267.283528462
 02/02  16:00:00,228.778360622,271.042854121
 02/02  17:00:00,251.23301820700001,257.228620228
 02/02  18:00:00,282.038078553,288.81942931599997
 02/02  19:00:00,353.230561565,540.843976873
 02/02  20:00:00,355.92965128699996,450.572983624
 02/02  21:00:00,375.246958872,442.03208252400003
 02/02  22:00:00,362.551908915,540.668253359
 02/02  23:00:00,287.903645772,469.61916357
 02/02  24:00:00,205.894243876,378.559288433
 02/03  01:00:00,132.77383018,157.737004026
 02/03  02:00:00,121.63096224,124.705948104
 02/03  03:00:00,110.990781973,122.22423161
 02/03  04:00:00,108.921637132,121.351032819
 02/03  05:00:00,116.48986421299999,153.69550519700002
 02/03  06:00:00,151.267454326,236.05709361400002
 02/03  07:00:00,275.371655473,374.91278786699996
 02/03  08:00:00,357.391419825,687.3648826960001
 02/03  09:00:00,322.56153878599997,616.232696575
 02/03  10:00:00,310.031657197,506.57160944199995
 02/03  11:00:00,235.292733605,391.271374111
 02/03  12:00:00,234.655429731,273.799734133
 02/03  13:00:00,248.242494916,247.758224778
 02/03  14:00:00,273.702076553,231.62620749200002
 02/03  15:00:00,297.23147891,220.070018933
 02/03  16:00:00,295.965916839,228.005720695
 02/03  17:00:00,314.882802402,208.933875092
 02/03  18:00:00,321.126417275,230.100341626
 02/03  19:00:00,369.08871690800004,403.32615061300004
 02/03  20:00:00,368.395095963,396.451594925
 02/03  21:00:00,394.290483391,485.752259335
 02/03  22:00:00,381.629439863,511.02354407900003
 02/03  23:00:00,304.388802136,414.17894617
 02/03  24:00:00,216.889053161,311.173638591
 02/04  01:00:00,130.64544191,148.572866669
 02/04  02:00:00,133.71525194,115.709113144
 02/04  03:00:00,116.289000108,112.600068743
 02/04  04:00:00,115.899018912,116.984417135
 02/04  05:00:00,123.828044395,137.806911798
 02/04  06:00:00,138.120739779,165.81091459700002
 02/04  07:00:00,227.552740583,238.519023825
 02/04  08:00:00,341.060838471,498.737472756
 02/04  09:00:00,373.868280181,658.66784705
 02/04  10:00:00,333.103514471,484.59364317300003
 02/04  11:00:00,271.872897137,369.178486187
 02/04  12:00:00,280.935195943,298.512141647
 02/04  13:00:00,307.299249473,235.210932905
 02/04  14:00:00,303.911004789,233.02910989400002
 02/04  15:00:00,303.63121249700004,218.03469232900002
 02/04  16:00:00,303.906977852,226.736620719
 02/04  17:00:00,333.591105816,212.771500077
 02/04  18:00:00,342.438557157,200.42878533900003
 02/04  19:00:00,386.107996575,251.43555757
 02/04  20:00:00,377.10347953300004,306.150635313
 02/04  21:00:00,392.96226666,348.279992234
 02/04  22:00:00,381.998784905,363.686127097
 02/04  23:00:00,321.400543116,555.36400652
 02/04  24:00:00,226.961386695,396.599518681
 02/05  01:00:00,141.61415905200002,150.403981523
 02/05  02:00:00,144.388971519,116.64222954899999
 02/05  03:00:00,126.195146774,118.13544693
 02/05  04:00:00,124.793831272,113.01050981899999
 02/05  05:00:00,131.68584617,139.158628255
 02/05  06:00:00,144.710657744,174.890590037
 02/05  07:00:00,224.643181967,238.12490915200001
 02/05  08:00:00,314.797401764,542.576535465
 02/05  09:00:00,376.66732975900004,706.926662411
 02/05  10:00:00,314.324988138,584.140218252
 02/05  11:00:00,264.14056957,501.687258383
 02/05  12:00:00,253.02815039200001,432.39750364400004
 02/05  13:00:00,249.29470160900001,328.553700739
 02/05  14:00:00,234.7101139,284.05186192
 02/05  15:00:00,238.191328218,263.49004903
 02/05  16:00:00,237.387392744,269.304647237
 02/05  17:00:00,259.792811868,257.782133598
 02/05  18:00:00,275.557480058,269.23155023099997
 02/05  19:00:00,347.19084356300004,410.13697227800003
 02/05  20:00:00,350.57209712199995,459.62949911699997
 02/05  21:00:00,375.067227055,434.501312089
 02/05  22:00:00,336.564525907,448.28995772300004
 02/05  23:00:00,269.040720435,583.584841514
 02/05  24:00:00,186.802389866,463.14723472699995
 02/06  01:00:00,130.914430703,163.66660451
 02/06  02:00:00,118.763852218,133.517876734
 02/06  03:00:00,108.105249136,125.435044955
 02/06  04:00:00,106.24351609,124.12654095299999
 02/06  05:00:00,112.975447995,151.667083741
 02/06  06:00:00,146.62561958700002,236.13212620299998
 02/06  07:00:00,267.41095513,376.512218617
 02/06  08:00:00,347.77862654800003,706.8762514189999
 02/06  09:00:00,324.04745593,639.236942383
 02/06  10:00:00,349.91067837699995,514.052659679
 02/06  11:00:00,254.38686857099998,394.180137535
 02/06  12:00:00,237.915509764,284.424481656
 02/06  13:00:00,237.589748409,267.603255889
 02/06  14:00:00,233.26539693,253.11443950700001
 02/06  15:00:00,255.293912622,226.359148782
 02/06  16:00:00,274.99871604099997,229.60766147799998
 02/06  17:00:00,299.143339708,212.44841196
 02/06  18:00:00,330.451386991,223.80846346200002
 02/06  19:00:00,372.010793604,433.769268095
 02/06  20:00:00,363.115221823,511.140896999
 02/06  21:00:00,384.32715522800004,449.557617133
 02/06  22:00:00,362.92234037300005,530.859676416
 02/06  23:00:00,284.965798706,467.27109642199997
 02/06  24:00:00,198.458795053,376.90115586400003
 02/07  01:00:00,124.235586065,157.869360173
 02/07  02:00:00,115.51066653,124.22423614700001
 02/07  03:00:00,107.841177039,121.520542765
 02/07  04:00:00,112.948644413,120.60599159
 02/07  05:00:00,119.769389075,148.510887159
 02/07  06:00:00,155.181377402,233.26514343099998
 02/07  07:00:00,281.92896916,373.919243694
 02/07  08:00:00,363.647536156,684.24382398
 02/07  09:00:00,340.748262725,596.00195415
 02/07  10:00:00,304.943308456,441.846567715
 02/07  11:00:00,239.020825938,322.030687115
 02/07  12:00:00,255.57672644299998,241.525258431
 02/07  13:00:00,289.125574946,236.332449974
 02/07  14:00:00,294.896966595,229.617089473
 02/07  15:00:00,289.007362689,219.404567019
 02/07  16:00:00,299.349838355,228.263984773
 02/07  17:00:00,329.38678628099996,211.82478174
 02/07  18:00:00,340.102594986,224.67766789400002
 02/07  19:00:00,376.79190045400003,395.835962522
 02/07  20:00:00,374.18487846,352.07005923099996
 02/07  21:00:00,399.948012203,383.138227995
 02/07  22:00:00,380.202857,589.183570582
 02/07  23:00:00,301.938590966,449.372913476
 02/07  24:00:00,216.45858501200001,319.49988358900004
 02/08  01:00:00,129.635667678,150.147508477
 02/08  02:00:00,124.307631445,123.05764591100001
 02/08  03:00:00,116.671282564,113.381690226
 02/08  04:00:00,116.463960234,111.251279184
 02/08  05:00:00,124.580858632,137.884973754
 02/08  06:00:00,160.057445003,221.799166979
 02/08  07:00:00,311.683973569,362.460861754
 02/08  08:00:00,359.513874676,601.979871824
 02/08  09:00:00,302.333812235,529.68785408
 02/08  10:00:00,274.978522392,466.20083032400004
 02/08  11:00:00,218.79731416,351.775159323
 02/08  12:00:00,224.428748416,264.612759001
 02/08  13:00:00,251.95450833599998,239.265252903
 02/08  14:00:00,290.999152884,227.48236121
 02/08  15:00:00,300.79576934,219.479275045
 02/08  16:00:00,300.314293638,227.434914846
 02/08  17:00:00,329.862027479,204.803554952
 02/08  18:00:00,361.77426407,227.402383306
 02/08  19:00:00,384.842836819,401.693949037
 02/08  20:00:00,369.127885447,436.335850991
 02/08  21:00:00,397.514705851,440.649416099
 02/08  22:00:00,385.74618085699996,497.33484097900003
 02/08  23:00:00,306.166296025,419.789121337
 02/08  24:00:00,214.795546103,304.797248503
 02/09  01:00:00,126.80943086299999,146.784475425
 02/09  02:00:00,123.055216678,113.86633305299999
 02/09  03:00:00,116.194469613,110.60673452799999
 02/09  04:00:00,116.341169715,111.44591095
 02/09  05:00:00,124.453496913,137.181377245
 02/09  06:00:00,159.64650427200002,218.31816443900001
 02/09  07:00:00,318.060753772,365.050432263
 02/09  08:00:00,357.05432037099996,590.16163716
 02/09  09:00:00,312.929668815,514.892001482
 02/09  10:00:00,288.639902757,393.472843845
 02/09  11:00:00,250.939048958,313.689339568
 02/09  12:00:00,283.067225549,239.965793378
 02/09  13:00:00,311.649560861,237.28646582099998
 02/09  14:00:00,302.23442215,225.706666033
 02/09  15:00:00,301.63642148900004,217.25732853
 02/09  16:00:00,301.558484974,225.61724806700002
 02/09  17:00:00,331.189312044,203.325852095
 02/09  18:00:00,359.84766717300005,218.576818321
 02/09  19:00:00,419.253056325,366.503267025
 02/09  20:00:00,385.34182241400003,310.38792471799997
 02/09  21:00:00,406.181467713,365.40735073900004
 02/09  22:00:00,392.17198294599996,525.655346326
 02/09  23:00:00,310.726464476,460.780299416
 02/09  24:00:00,217.84843335,305.232477165
 02/10  01:00:00,128.716167754,147.281353359
 02/10  02:00:00,125.51480004,114.237916949
 02/10  03:00:00,118.775979985,117.093940174
 02/10  04:00:00,118.87046687799999,108.952881709
 02/10  05:00:00,127.60560879399999,135.77899083
 02/10  06:00:00,163.033171769,219.824197424
 02/10  07:00:00,331.145160168,361.033736518
 02/10  08:00:00,348.39582096,603.8892605359999
 02/10  09:00:00,324.385039205,515.918008953
 02/10  10:00:00,305.74108550299997,356.718026086
 02/10  11:00:00,274.173175408,287.191648022
 02/10  12:00:00,309.578014515,239.871981559
 02/10  13:00:00,309.70491929599996,232.996535425
 02/10  14:00:00,299.907354742,224.377662372
 02/10  15:00:00,299.44665282799997,215.82169925
 02/10  16:00:00,299.332601677,224.227641423
 02/10  17:00:00,328.962720318,202.063002031
 02/10  18:00:00,363.987839217,216.679223235
 02/10  19:00:00,428.89798388300005,361.48997701
 02/10  20:00:00,392.51499265,307.520192895
 02/10  21:00:00,408.074741763,391.693081049
 02/10  22:00:00,393.62284498699995,528.3043810519999
 02/10  23:00:00,313.757365148,420.485261371
 02/10  24:00:00,221.80753389,291.00233021900004
 02/11  01:00:00,132.036341112,144.14483059
 02/11  02:00:00,138.871645064,111.300035348
 02/11  03:00:00,124.053691719,107.75392286
 02/11  04:00:00,125.636277118,110.75218568700001
 02/11  05:00:00,135.404880341,131.160024222
 02/11  06:00:00,151.355547934,158.642604947
 02/11  07:00:00,279.796259529,224.603310067
 02/11  08:00:00,322.165238723,387.504515995
 02/11  09:00:00,376.082563102,532.179133858
 02/11  10:00:00,335.516335427,415.94216390599996
 02/11  11:00:00,306.787560546,337.21497795700003
 02/11  12:00:00,314.512420829,292.536527971
 02/11  13:00:00,313.79573019,235.05398909299998
 02/11  14:00:00,304.7159222,233.834179697
 02/11  15:00:00,306.023181874,219.234770165
 02/11  16:00:00,306.939776887,227.951094013
 02/11  17:00:00,334.932966585,213.63543506599999
 02/11  18:00:00,361.658218528,198.07622005
 02/11  19:00:00,444.629364041,221.30673848700002
 02/11  20:00:00,434.259724065,270.652903413
 02/11  21:00:00,418.555937715,282.461629893
 02/11  22:00:00,427.237236816,260.771900639
 02/11  23:00:00,386.294926526,348.378319458
 02/11  24:00:00,283.756231068,217.45943664
 02/12  01:00:00,142.54813261799998,122.95979964799999
 02/12  02:00:00,152.62120897,96.6775562364
 02/12  03:00:00,139.834378902,98.8346458526
 02/12  04:00:00,142.923891489,102.935400674
 02/12  05:00:00,153.698234265,126.97958703299999
 02/12  06:00:00,170.545662918,159.156683906
 02/12  07:00:00,311.233520973,226.226873297
 02/12  08:00:00,393.10741259,363.686686646
 02/12  09:00:00,418.438513732,497.39569311900004
 02/12  10:00:00,361.270684075,401.591022923
 02/12  11:00:00,317.96051757099997,346.282553487
 02/12  12:00:00,314.893218505,289.099211942
 02/12  13:00:00,314.27468245,243.025349343
 02/12  14:00:00,296.020811202,232.33880916099997
 02/12  15:00:00,297.56172837,221.45341712099997
 02/12  16:00:00,297.284417217,227.01975181900002
 02/12  17:00:00,327.435492518,212.100801121
 02/12  18:00:00,355.138522678,201.56392414099997
 02/12  19:00:00,430.484125991,225.08374786599998
 02/12  20:00:00,433.88027767,266.11915067
 02/12  21:00:00,453.94419613400004,273.411663093
 02/12  22:00:00,425.73131540699995,275.065431136
 02/12  23:00:00,372.53198961199996,373.611945064
 02/12  24:00:00,269.747454447,243.546020616
 02/13  01:00:00,128.884501462,148.379197688
 02/13  02:00:00,131.394762755,120.47225489
 02/13  03:00:00,128.834580264,119.377355674
 02/13  04:00:00,132.31679261,117.223337822
 02/13  05:00:00,176.881308197,142.337732543
 02/13  06:00:00,191.184390456,221.833082881
 02/13  07:00:00,329.103018003,361.300029781
 02/13  08:00:00,420.84340937300004,478.03294756800005
 02/13  09:00:00,354.850973221,386.69760160000004
 02/13  10:00:00,327.018462448,339.062999945
 02/13  11:00:00,298.44891511599997,292.805451248
 02/13  12:00:00,308.74999969,235.10215328
 02/13  13:00:00,307.760854454,238.19456654
 02/13  14:00:00,296.03854991,227.60332819
 02/13  15:00:00,295.12211523,213.950731951
 02/13  16:00:00,297.113180893,225.220189905
 02/13  17:00:00,329.067057729,205.61077499200002
 02/13  18:00:00,363.784177703,222.05060574700002
 02/13  19:00:00,427.932372935,350.490446401
 02/13  20:00:00,437.854062795,262.20451137
 02/13  21:00:00,464.204505845,254.37694828
 02/13  22:00:00,440.31017865800004,351.50802358699997
 02/13  23:00:00,375.074775307,270.22850405599996
 02/13  24:00:00,309.129586976,151.618629252
 02/14  01:00:00,137.930254279,111.61761690600001
 02/14  02:00:00,144.593419515,83.8538650477
 02/14  03:00:00,176.037357722,86.5498885107
 02/14  04:00:00,182.57392225900003,87.45731969100001
 02/14  05:00:00,147.322655247,110.86305308899999
 02/14  06:00:00,213.18797781799998,190.314843506
 02/14  07:00:00,357.461023564,339.283669233
 02/14  08:00:00,422.78553447800005,463.062836815
 02/14  09:00:00,378.32984297699994,370.538066296
 02/14  10:00:00,350.028428105,318.540150121
 02/14  11:00:00,301.357627584,289.59567176
 02/14  12:00:00,301.47950764,246.23504516900002
 02/14  13:00:00,301.162303457,239.67342952400003
 02/14  14:00:00,292.188422285,227.682891951
 02/14  15:00:00,293.053048071,217.816885119
 02/14  16:00:00,296.71028356700003,220.345525128
 02/14  17:00:00,329.117564825,209.25751302900002
 02/14  18:00:00,362.976754826,220.12305198400003
 02/14  19:00:00,431.50669919300003,352.169516353
 02/14  20:00:00,441.043054336,263.763455313
 02/14  21:00:00,465.163012234,256.312141745
 02/14  22:00:00,440.31063985199995,353.19665068300003
 02/14  23:00:00,373.26810382699995,278.632735535
 02/14  24:00:00,266.435031758,177.661151653
 02/15  01:00:00,131.191185593,159.784466371
 02/15  02:00:00,133.529523575,155.594148803
 02/15  03:00:00,129.683150816,174.308895493
 02/15  04:00:00,179.406138905,181.154373087
 02/15  05:00:00,117.37711186,176.993045227
 02/15  06:00:00,214.527476622,246.079834721
 02/15  07:00:00,311.040762117,378.065210337
 02/15  08:00:00,389.002125245,597.058375784
 02/15  09:00:00,337.273899535,436.53774765800006
 02/15  10:00:00,303.884851821,360.222338826
 02/15  11:00:00,264.120177076,300.47421462
 02/15  12:00:00,293.394124824,234.868044649
 02/15  13:00:00,307.79897869,232.884059085
 02/15  14:00:00,297.954632071,221.38268576099998
 02/15  15:00:00,297.464563248,213.92514869299998
 02/15  16:00:00,297.85410976599997,222.434114583
 02/15  17:00:00,327.394634739,201.394103042
 02/15  18:00:00,364.81025906699995,217.839320084
 02/15  19:00:00,430.222215437,353.59815049
 02/15  20:00:00,423.80799185,265.93915663
 02/15  21:00:00,439.340488209,275.326504871
 02/15  22:00:00,419.29180247,401.241980204
 02/15  23:00:00,330.844044144,340.175740668
 02/15  24:00:00,233.68892420400002,266.799839008
 02/16  01:00:00,128.278089172,174.46013442
 02/16  02:00:00,129.467749516,132.263863044
 02/16  03:00:00,125.051978582,122.456905228
 02/16  04:00:00,126.773873557,115.84975027
 02/16  05:00:00,136.12272554700002,139.18771586
 02/16  06:00:00,172.472664809,216.045750476
 02/16  07:00:00,343.286767194,360.23652456699995
 02/16  08:00:00,373.660324732,570.668485821
 02/16  09:00:00,334.176175365,486.62001431199997
 02/16  10:00:00,305.62650567400004,360.29077769699995
 02/16  11:00:00,283.158360065,287.778256279
 02/16  12:00:00,310.845181744,231.909495504
 02/16  13:00:00,310.952559313,235.732756121
 02/16  14:00:00,301.363133477,220.35535430299998
 02/16  15:00:00,301.660948055,211.27256269400002
 02/16  16:00:00,301.397266822,222.080053108
 02/16  17:00:00,331.29202028099996,201.28203826
 02/16  18:00:00,366.1592475,215.949502006
 02/16  19:00:00,430.870261835,352.545543137
 02/16  20:00:00,439.49495304,252.46229113099997
 02/16  21:00:00,463.33279907800005,259.994352472
 02/16  22:00:00,433.45305977699996,371.328347875
 02/16  23:00:00,342.503245802,303.08689396200003
 02/16  24:00:00,244.528704036,199.28208656700002
 02/17  01:00:00,132.9528493,169.533670092
 02/17  02:00:00,136.665392105,135.629629021
 02/17  03:00:00,132.85884875899998,124.310196367
 02/17  04:00:00,134.813471392,118.048796504
 02/17  05:00:00,158.018198575,135.898165874
 02/17  06:00:00,191.639820978,218.20667246
 02/17  07:00:00,336.754438197,356.359043218
 02/17  08:00:00,393.84244796900003,480.246086175
 02/17  09:00:00,356.449743779,377.589118071
 02/17  10:00:00,355.542981044,322.203308112
 02/17  11:00:00,309.81548297,282.705737126
 02/17  12:00:00,309.899769508,231.60366003400003
 02/17  13:00:00,307.438217045,231.392212902
 02/17  14:00:00,297.63678731,222.539607485
 02/17  15:00:00,298.228893738,214.148813152
 02/17  16:00:00,299.45829669,219.500235115
 02/17  17:00:00,328.4755276,204.519627097
 02/17  18:00:00,363.568682238,214.85401297400003
 02/17  19:00:00,429.474024801,348.506251409
 02/17  20:00:00,418.52990145900003,266.942539614
 02/17  21:00:00,439.56237300699996,279.271187998
 02/17  22:00:00,424.93118067,375.110868925
 02/17  23:00:00,339.32821008,290.479758666
 02/17  24:00:00,242.20879926400002,191.290235425
 02/18  01:00:00,134.2263232,152.042791118
 02/18  02:00:00,146.47563134700002,119.144584614
 02/18  03:00:00,134.084068349,113.660641586
 02/18  04:00:00,172.669801506,108.940331845
 02/18  05:00:00,143.001697407,132.920653667
 02/18  06:00:00,175.093549325,155.979555492
 02/18  07:00:00,311.913508638,215.36216618
 02/18  08:00:00,344.570309909,358.12112523699994
 02/18  09:00:00,404.650028408,503.61437273300004
 02/18  10:00:00,373.994371667,402.829464605
 02/18  11:00:00,320.69207579,335.16312380799997
 02/18  12:00:00,311.59230673900004,288.08434348099996
 02/18  13:00:00,311.41112239,231.6580067
 02/18  14:00:00,302.08489626799997,222.978949138
 02/18  15:00:00,302.407501374,214.70347115799999
 02/18  16:00:00,301.36180747599997,222.67959531099999
 02/18  17:00:00,332.267290994,208.335128155
 02/18  18:00:00,360.360390773,191.55753878099998
 02/18  19:00:00,440.05425043699995,215.482236506
 02/18  20:00:00,434.617514276,253.04810770900002
 02/18  21:00:00,446.29917053599996,256.48381447400004
 02/18  22:00:00,437.46545722,246.231433278
 02/18  23:00:00,384.48156471,339.614621119
 02/18  24:00:00,313.229524365,198.255790077
 02/19  01:00:00,155.746995635,112.499062007
 02/19  02:00:00,169.47112602200002,90.03350827889999
 02/19  03:00:00,156.40054283,90.07367910059999
 02/19  04:00:00,157.991478438,94.5328647008
 02/19  05:00:00,199.107109629,126.938977114
 02/19  06:00:00,146.918701015,159.088353352
 02/19  07:00:00,314.224862368,230.253458102
 02/19  08:00:00,391.082408796,357.509688794
 02/19  09:00:00,417.32420163800003,491.44238023599996
 02/19  10:00:00,361.087035421,400.93364910800005
 02/19  11:00:00,315.509971866,333.14892139299997
 02/19  12:00:00,310.414768185,285.636215525
 02/19  13:00:00,309.887356792,233.15173508900003
 02/19  14:00:00,290.709154805,225.490481255
 02/19  15:00:00,290.39139153900004,209.137094114
 02/19  16:00:00,292.25233530099996,223.303835165
 02/19  17:00:00,320.542222499,203.77818071299998
 02/19  18:00:00,344.645357138,194.51868966900003
 02/19  19:00:00,417.49923839800005,217.954736242
 02/19  20:00:00,427.31269524,255.242445069
 02/19  21:00:00,452.012923662,250.631984158
 02/19  22:00:00,427.327120176,245.911723448
 02/19  23:00:00,375.754452716,343.045272025
 02/19  24:00:00,297.179470329,212.150208979
 02/20  01:00:00,147.699772059,141.07141892200002
 02/20  02:00:00,157.902579896,143.024761941
 02/20  03:00:00,142.55677859600002,165.864129671
 02/20  04:00:00,142.49679796200002,148.69411905
 02/20  05:00:00,150.322379734,161.112990599
 02/20  06:00:00,163.958190296,183.63418195900002
 02/20  07:00:00,280.45955083900003,239.908407858
 02/20  08:00:00,294.292611921,486.359485478
 02/20  09:00:00,360.50600745199995,622.644359812
 02/20  10:00:00,333.46886931,504.094990844
 02/20  11:00:00,280.76108182,371.248900923
 02/20  12:00:00,275.019322585,305.573626155
 02/20  13:00:00,275.796901023,245.65975434900002
 02/20  14:00:00,285.372583241,226.62545592
 02/20  15:00:00,297.98514919400003,214.762037553
 02/20  16:00:00,297.75955540900003,223.441062155
 02/20  17:00:00,327.562238588,203.25292549099998
 02/20  18:00:00,355.5359265,193.51067549799998
 02/20  19:00:00,393.332159229,246.95795796099998
 02/20  20:00:00,382.13757177,344.48112501099996
 02/20  21:00:00,406.102048238,447.368955107
 02/20  22:00:00,375.73285859099997,409.53651177800003
 02/20  23:00:00,314.717002113,492.74470937
 02/20  24:00:00,230.895590562,357.16669402
 02/21  01:00:00,131.869741864,148.403338557
 02/21  02:00:00,127.331156278,115.293667372
 02/21  03:00:00,120.28814640000002,111.738530754
 02/21  04:00:00,120.317399656,109.452788335
 02/21  05:00:00,129.03719405,135.776049354
 02/21  06:00:00,164.56277762,216.32525394200002
 02/21  07:00:00,322.142569822,354.946112523
 02/21  08:00:00,353.123390963,591.5937157330001
 02/21  09:00:00,320.28711839700003,502.087122435
 02/21  10:00:00,297.320076224,377.88704343
 02/21  11:00:00,247.27794894099998,312.16116292
 02/21  12:00:00,264.18283778,243.681742145
 02/21  13:00:00,300.464207291,233.34107241
 02/21  14:00:00,299.31949194099997,218.27574584299998
 02/21  15:00:00,299.029948564,215.573446476
 02/21  16:00:00,298.638420359,224.362045577
 02/21  17:00:00,328.206291367,202.336100446
 02/21  18:00:00,362.685557774,216.978470916
 02/21  19:00:00,403.455077316,370.42011586
 02/21  20:00:00,386.824831916,320.198644273
 02/21  21:00:00,415.89038047,329.011070685
 02/21  22:00:00,399.12263116800005,441.870917453
 02/21  23:00:00,314.126022126,450.456561748
 02/21  24:00:00,220.45476522400003,325.633064542
 02/22  01:00:00,129.15563245799999,147.938386935
 02/22  02:00:00,126.63508808,114.443031104
 02/22  03:00:00,120.215989736,110.702061273
 02/22  04:00:00,120.55159106299999,108.399277719
 02/22  05:00:00,128.83157411,128.406284392
 02/22  06:00:00,164.347704757,217.951187062
 02/22  07:00:00,314.863512813,357.768812029
 02/22  08:00:00,353.65316795900003,585.228133065
 02/22  09:00:00,323.41791410900004,513.648729432
 02/22  10:00:00,300.84396715,362.412468526
 02/22  11:00:00,247.83992608,300.645407444
 02/22  12:00:00,267.051167141,238.156142087
 02/22  13:00:00,299.103664178,233.22122766200002
 02/22  14:00:00,299.349768007,224.37310686
 02/22  15:00:00,299.219580863,209.252508686
 02/22  16:00:00,298.885378838,224.248860375
 02/22  17:00:00,328.049146303,202.183600241
 02/22  18:00:00,362.435323185,216.76673231900003
 02/22  19:00:00,418.311366098,356.36348811199997
 02/22  20:00:00,394.472906544,284.158983617
 02/22  21:00:00,418.042557102,300.276327456
 02/22  22:00:00,404.431713644,415.53235039699996
 02/22  23:00:00,319.664409735,348.370700786
 02/22  24:00:00,224.07598562099997,260.432210405
 02/23  01:00:00,129.886251307,181.641867729
 02/23  02:00:00,128.842713078,137.170104055
 02/23  03:00:00,123.267623951,124.39066135700001
 02/23  04:00:00,124.13897245700001,113.01732019
 02/23  05:00:00,132.960673679,140.402187721
 02/23  06:00:00,169.003718965,220.79146764900003
 02/23  07:00:00,318.524843085,356.272346129
 02/23  08:00:00,371.17212008,563.940039537
 02/23  09:00:00,324.712649267,414.21985555
 02/23  10:00:00,296.939675093,341.845552145
 02/23  11:00:00,281.751757765,283.052443663
 02/23  12:00:00,311.079300573,235.577854713
 02/23  13:00:00,311.65795785,228.443512068
 02/23  14:00:00,300.621976686,220.67335725700002
 02/23  15:00:00,300.767134419,215.25719766900002
 02/23  16:00:00,301.864981915,222.050653418
 02/23  17:00:00,331.71789632400004,203.648580155
 02/23  18:00:00,365.49432574400004,215.026740453
 02/23  19:00:00,430.886740893,346.774756616
 02/23  20:00:00,440.562242601,255.000967472
 02/23  21:00:00,463.619402684,252.565449391
 02/23  22:00:00,438.03076188,347.246370691
 02/23  23:00:00,374.240331989,263.177902153
 02/23  24:00:00,280.85650255400003,157.053273809
 02/24  01:00:00,132.549787137,129.296026269
 02/24  02:00:00,136.610309011,108.20441882700001
 02/24  03:00:00,147.52624418899998,114.663388314
 02/24  04:00:00,154.304769769,120.12046273700001
 02/24  05:00:00,185.993377628,146.549379574
 02/24  06:00:00,150.26233375700002,231.05363932400002
 02/24  07:00:00,351.725039294,368.62702910300004
 02/24  08:00:00,399.087941745,471.020068506
 02/24  09:00:00,356.312159965,373.485660447
 02/24  10:00:00,355.602693925,320.505566799
 02/24  11:00:00,309.019874011,281.309928926
 02/24  12:00:00,309.986915395,233.23759963700002
 02/24  13:00:00,310.755266781,226.71761091099998
 02/24  14:00:00,303.061581615,222.149766402
 02/24  15:00:00,303.977953093,215.903224723
 02/24  16:00:00,302.344952526,217.01944912
 02/24  17:00:00,332.118398882,201.774336963
 02/24  18:00:00,366.69149010800004,215.89342952
 02/24  19:00:00,432.139191936,346.495282025
 02/24  20:00:00,440.72206160900004,252.633116788
 02/24  21:00:00,465.19187968,252.172808618
 02/24  22:00:00,440.302779423,347.77007701300005
 02/24  23:00:00,372.216834909,263.989182442
 02/24  24:00:00,262.159783055,167.693916296
 02/25  01:00:00,135.03298852700001,135.76074513
 02/25  02:00:00,145.863086812,127.240043808
 02/25  03:00:00,146.360866614,140.346975905
 02/25  04:00:00,154.02924546399998,143.053647478
 02/25  05:00:00,123.47053858,157.658738312
 02/25  06:00:00,192.915394797,175.571411486
 02/25  07:00:00,287.611847817,234.032248027
 02/25  08:00:00,314.78382497,401.77943844699996
 02/25  09:00:00,405.085823569,506.802143345
 02/25  10:00:00,373.042006567,389.981018072
 02/25  11:00:00,319.552310951,332.882432736
 02/25  12:00:00,312.634804171,286.72042621099996
 02/25  13:00:00,313.67062145200003,232.945571646
 02/25  14:00:00,305.279326411,223.096557043
 02/25  15:00:00,305.93768687700003,213.719896924
 02/25  16:00:00,304.856574464,217.571961512
 02/25  17:00:00,334.617369601,208.052702422
 02/25  18:00:00,362.58364684800006,185.75305823
 02/25  19:00:00,438.755727556,220.840161943
 02/25  20:00:00,437.3970935,251.211371395
 02/25  21:00:00,447.616957777,246.896265615
 02/25  22:00:00,437.49633340099996,243.062756856
 02/25  23:00:00,384.460390538,339.355340764
 02/25  24:00:00,292.817267295,206.02484767400003
 02/26  01:00:00,151.174311638,127.868476629
 02/26  02:00:00,163.117327366,117.10837470799999
 02/26  03:00:00,148.88588554700002,132.485393017
 02/26  04:00:00,149.887907109,142.051188424
 02/26  05:00:00,158.421484971,159.35264840000002
 02/26  06:00:00,172.96758446200002,178.86937348900003
 02/26  07:00:00,311.614418816,238.44346291
 02/26  08:00:00,328.935166187,376.190087045
 02/26  09:00:00,407.431229233,513.4050016680001
 02/26  10:00:00,362.629736024,397.02265163199996
 02/26  11:00:00,317.06572293,330.75594121
 02/26  12:00:00,315.348373859,281.23430793299997
 02/26  13:00:00,318.10735093799997,230.33417182099998
 02/26  14:00:00,300.377341779,222.18430532099998
 02/26  15:00:00,299.620913188,206.890980767
 02/26  16:00:00,300.294749875,222.208015903
 02/26  17:00:00,330.320517624,202.047989998
 02/26  18:00:00,356.440112636,184.661416824
 02/26  19:00:00,428.402428275,218.742832038
 02/26  20:00:00,436.917181404,247.053839991
 02/26  21:00:00,456.120159289,250.49533005400002
 02/26  22:00:00,427.689027349,243.043961582
 02/26  23:00:00,375.138072844,330.231068054
 02/26  24:00:00,311.051040355,202.11043388599998
 02/27  01:00:00,141.24327380100002,109.999863419
 02/27  02:00:00,147.018100336,94.8906236022
 02/27  03:00:00,173.953996723,102.049815216
 02/27  04:00:00,159.171534466,110.005007834
 02/27  05:00:00,142.498851388,139.656938682
 02/27  06:00:00,211.46568915400002,232.521856154
 02/27  07:00:00,331.825940057,363.80700080599996
 02/27  08:00:00,409.281405065,473.406077681
 02/27  09:00:00,378.19657875800004,364.19396514
 02/27  10:00:00,356.473795223,313.713462108
 02/27  11:00:00,310.48400855799997,282.82415978
 02/27  12:00:00,309.387475422,233.458271939
 02/27  13:00:00,306.444794037,230.26390812
 02/27  14:00:00,295.521515849,222.80272167599998
 02/27  15:00:00,296.729879209,217.990106608
 02/27  16:00:00,281.35191339799997,222.00853961599998
 02/27  17:00:00,282.06228026599996,211.65453371099997
 02/27  18:00:00,339.760069964,224.03550858
 02/27  19:00:00,406.772351511,352.871235403
 02/27  20:00:00,423.683742874,264.356871856
 02/27  21:00:00,444.840099206,271.048224341
 02/27  22:00:00,419.03274749900004,369.539784213
 02/27  23:00:00,328.114851671,302.882658615
 02/27  24:00:00,226.151726574,218.316556586
 02/28  01:00:00,124.91112167,184.15123242400003
 02/28  02:00:00,124.707282917,154.20976434600001
 02/28  03:00:00,120.144331798,136.789933344
 02/28  04:00:00,122.037863905,124.89265465
 02/28  05:00:00,132.079725907,138.0758855
 02/28  06:00:00,168.116575726,222.613921412
 02/28  07:00:00,339.436110898,349.77442816800004
 02/28  08:00:00,372.335666209,501.06787184800004
 02/28  09:00:00,333.174087599,407.16391000699997
 02/28  10:00:00,304.50749950200003,333.626385566
 02/28  11:00:00,289.422532277,279.544491909
 02/28  12:00:00,310.638290772,231.58778491299998
 02/28  13:00:00,310.156002748,232.389002463
 02/28  14:00:00,300.180925807,223.715350543
 02/28  15:00:00,299.637949172,208.59446618299998
 02/28  16:00:00,299.42052739,223.57255539599998
 02/28  17:00:00,329.465342227,201.755844297
 02/28  18:00:00,363.82248103800003,209.034840319
 02/28  19:00:00,427.153800793,346.08418905
 02/28  20:00:00,425.460553405,268.110070116
 02/28  21:00:00,430.579034589,306.10515371900004
 02/28  22:00:00,414.44177416699995,417.27575902800004
 02/28  23:00:00,329.63603460900003,341.809450715
 02/28  24:00:00,233.39335854700002,226.73664698299999
 03/01  01:00:00,128.005499204,176.906536818
 03/01  02:00:00,129.25856881299998,137.84971872399998
 03/01  03:00:00,125.43322184700001,125.625057305
 03/01  04:00:00,127.655382392,117.25284961700001
 03/01  05:00:00,137.512150177,132.810186389
 03/01  06:00:00,174.54470309200002,218.8472637
 03/01  07:00:00,347.389094881,346.960554175
 03/01  08:00:00,374.158982895,502.41904903
 03/01  09:00:00,337.5799967,401.84941014599997
 03/01  10:00:00,319.20933544,325.221606968
 03/01  11:00:00,296.253442414,278.76166166900003
 03/01  12:00:00,309.96690728,231.21143835200002
 03/01  13:00:00,309.071041342,230.87320600900003
 03/01  14:00:00,299.044771283,215.559590195
 03/01  15:00:00,298.745322228,213.65409224299998
 03/01  16:00:00,299.680815694,215.330301328
 03/01  17:00:00,328.844999233,200.73213366
 03/01  18:00:00,363.389716331,213.93544417400003
 03/01  19:00:00,426.706646965,344.192484315
 03/01  20:00:00,432.75725941300004,255.354324144
 03/01  21:00:00,434.78508864,269.11767934700003
 03/01  22:00:00,416.336064206,383.358085184
 03/01  23:00:00,336.837406178,318.898496961
 03/01  24:00:00,233.36312600099998,222.928298145
 03/02  01:00:00,134.081587604,179.590053915
 03/02  02:00:00,133.685215068,129.522463432
 03/02  03:00:00,127.79678835,124.685143897
 03/02  04:00:00,128.056740134,117.298885884
 03/02  05:00:00,136.177634435,133.712965555
 03/02  06:00:00,171.22802376200002,220.499913502
 03/02  07:00:00,325.182383263,349.135784825
 03/02  08:00:00,370.241925911,565.286640486
 03/02  09:00:00,333.57724475599997,432.002935874
 03/02  10:00:00,332.693631652,316.471459864
 03/02  11:00:00,309.05620889700003,280.376851795
 03/02  12:00:00,309.631353562,230.42138607200002
 03/02  13:00:00,309.20135579099997,230.050709307
 03/02  14:00:00,299.855961787,214.74274443099998
 03/02  15:00:00,300.090107095,212.776348605
 03/02  16:00:00,299.48813832,214.469838875
 03/02  17:00:00,329.30060438099997,200.41160500799998
 03/02  18:00:00,364.519948234,210.84220272299999
 03/02  19:00:00,427.421671916,337.66636788200003
 03/02  20:00:00,441.569271775,250.52389740599997
 03/02  21:00:00,465.695801005,250.897294305
 03/02  22:00:00,441.138510801,338.923704885
 03/02  23:00:00,375.171623703,261.957991823
 03/02  24:00:00,273.65875047099996,156.631662642
 03/03  01:00:00,137.11934597299998,117.53457260799999
 03/03  02:00:00,143.538521637,98.8562217841
 03/03  03:00:00,153.857207745,100.734348056
 03/03  04:00:00,157.750349282,95.79645679110001
 03/03  05:00:00,168.008791653,130.288713428
 03/03  06:00:00,174.52513619099997,208.54657765
 03/03  07:00:00,346.333907165,349.939551599
 03/03  08:00:00,411.231501294,457.564190354
 03/03  09:00:00,346.039370257,371.02908396699996
 03/03  10:00:00,322.432594518,314.80575936
 03/03  11:00:00,305.174436846,277.56699913200003
 03/03  12:00:00,273.508434815,237.108161463
 03/03  13:00:00,218.016396603,243.42950299
 03/03  14:00:00,244.04245961700002,220.192690071
 03/03  15:00:00,289.082510274,210.824275102
 03/03  16:00:00,299.720644086,220.58867208900003
 03/03  17:00:00,327.600027656,201.405999994
 03/03  18:00:00,348.900992873,210.10771262
 03/03  19:00:00,389.28066218099997,363.992820856
 03/03  20:00:00,381.81555288199996,297.703872141
 03/03  21:00:00,406.575056634,322.212190568
 03/03  22:00:00,393.556883706,430.012496075
 03/03  23:00:00,310.986212925,370.78360996199996
 03/03  24:00:00,216.78052177599997,321.468997742
 03/04  01:00:00,128.093165935,158.95313607399999
 03/04  02:00:00,132.880534457,126.24809736200001
 03/04  03:00:00,116.698128016,118.571482409
 03/04  04:00:00,117.081248191,107.406128819
 03/04  05:00:00,125.440355559,138.131743631
 03/04  06:00:00,139.64918754,164.233786069
 03/04  07:00:00,263.011041825,226.39510657
 03/04  08:00:00,284.688991033,482.757835505
 03/04  09:00:00,360.46876358199995,639.294782349
 03/04  10:00:00,326.456756547,524.358287359
 03/04  11:00:00,261.114641982,398.62637478199997
 03/04  12:00:00,251.30238539,326.353295445
 03/04  13:00:00,246.511565184,258.360106402
 03/04  14:00:00,252.38797820099998,231.343971698
 03/04  15:00:00,289.882394785,217.30817471400002
 03/04  16:00:00,303.737337174,222.01441693200002
 03/04  17:00:00,333.496498053,199.39759119200002
 03/04  18:00:00,350.688364701,194.468414143
 03/04  19:00:00,390.72103391900004,234.877388934
 03/04  20:00:00,371.948426564,335.549218814
 03/04  21:00:00,385.16810149199995,454.61952280199995
 03/04  22:00:00,368.294186215,421.81247445699995
 03/04  23:00:00,309.487747946,499.621073904
 03/04  24:00:00,224.14419189,376.211839085
 03/05  01:00:00,136.06024283600001,151.074958364
 03/05  02:00:00,137.821849294,117.680100174
 03/05  03:00:00,134.188487343,113.85519270700001
 03/05  04:00:00,131.69886174,111.39801878200001
 03/05  05:00:00,138.796350787,131.234244717
 03/05  06:00:00,152.300621541,164.799366377
 03/05  07:00:00,245.68479039099998,229.79540693
 03/05  08:00:00,304.153648971,491.77525961
 03/05  09:00:00,384.003673722,591.902127758
 03/05  10:00:00,338.390460061,408.077240539
 03/05  11:00:00,309.689778021,333.127498371
 03/05  12:00:00,319.328388022,282.672960112
 03/05  13:00:00,319.049249544,231.81785738099998
 03/05  14:00:00,299.726783117,217.508869613
 03/05  15:00:00,299.144361188,211.33049618799998
 03/05  16:00:00,299.709367573,221.62462945
 03/05  17:00:00,329.575723494,200.61155780299998
 03/05  18:00:00,356.65795339,191.290439191
 03/05  19:00:00,428.459865832,218.15012406
 03/05  20:00:00,431.812736385,250.594026956
 03/05  21:00:00,431.32513169,266.417060449
 03/05  22:00:00,391.58977142199996,270.04388397400004
 03/05  23:00:00,333.147020904,374.913254495
 03/05  24:00:00,256.02101207,253.042581242
 03/06  01:00:00,131.00990383,175.26364821200002
 03/06  02:00:00,133.26357802,136.850687285
 03/06  03:00:00,129.36758712600002,134.718180605
 03/06  04:00:00,131.227108908,123.92185444200001
 03/06  05:00:00,140.735702951,136.800313664
 03/06  06:00:00,176.916128405,213.766064467
 03/06  07:00:00,340.952626022,348.884766142
 03/06  08:00:00,386.099342238,470.33964065
 03/06  09:00:00,334.858244776,374.17587848
 03/06  10:00:00,294.425936565,322.64891483900004
 03/06  11:00:00,230.76848094,293.77242464200003
 03/06  12:00:00,229.52762501799998,235.336583236
 03/06  13:00:00,275.88742881400003,233.80707280599998
 03/06  14:00:00,301.23627282,216.97566433400002
 03/06  15:00:00,300.936727279,210.88205269999997
 03/06  16:00:00,301.001502281,220.83833369200002
 03/06  17:00:00,330.51620956,195.0316898
 03/06  18:00:00,365.28494254199995,215.544375964
 03/06  19:00:00,427.57156701699995,337.600526619
 03/06  20:00:00,439.760693551,251.582334108
 03/06  21:00:00,463.00295132300005,249.023971458
 03/06  22:00:00,436.795732093,340.073456262
 03/06  23:00:00,372.117265325,258.654355367
 03/06  24:00:00,307.152389478,148.09907311
 03/07  01:00:00,136.544919477,106.416846659
 03/07  02:00:00,139.945716015,90.0705348155
 03/07  03:00:00,180.819972234,89.4648127345
 03/07  04:00:00,114.295823275,101.506584321
 03/07  05:00:00,182.94414205400003,128.755673978
 03/07  06:00:00,171.20015264,218.584945008
 03/07  07:00:00,352.167249949,371.040215219
 03/07  08:00:00,400.88539005900003,497.835066379
 03/07  09:00:00,351.671614809,407.695822676
 03/07  10:00:00,321.08873921,337.371120273
 03/07  11:00:00,269.576556536,285.407774273
 03/07  12:00:00,307.988871323,227.246760901
 03/07  13:00:00,307.718458807,230.55444383900002
 03/07  14:00:00,297.748809458,215.282675739
 03/07  15:00:00,297.453652259,206.705323788
 03/07  16:00:00,297.36926176,216.847255647
 03/07  17:00:00,326.93832367,198.899346912
 03/07  18:00:00,361.744951692,213.85975264400003
 03/07  19:00:00,421.96334964199997,343.751176671
 03/07  20:00:00,402.259937972,299.31734169099997
 03/07  21:00:00,424.79456700800006,322.19923487
 03/07  22:00:00,410.049631911,435.25532445
 03/07  23:00:00,325.18562486900004,403.68560308599996
 03/07  24:00:00,228.597933483,320.901577491
 03/08  01:00:00,131.550773204,147.662653764
 03/08  02:00:00,130.243390678,111.73270655
 03/08  03:00:00,124.48748043799999,111.160736465
 03/08  04:00:00,125.148278721,101.99548910799999
 03/08  05:00:00,133.609748921,133.835734735
 03/08  06:00:00,169.05632735,208.99889005
 03/08  07:00:00,320.309341223,344.509588186
 03/08  08:00:00,360.611499811,553.23630827
 03/08  09:00:00,327.257582815,451.847867258
 03/08  10:00:00,294.74016596,351.570022515
 03/08  11:00:00,241.615675169,302.976998051
 03/08  12:00:00,254.947206143,232.365243289
 03/08  13:00:00,256.209443564,235.428056761
 03/08  14:00:00,257.32174096299997,218.168288253
 03/08  15:00:00,256.907932893,210.555577392
 03/08  16:00:00,238.58310654,223.693798785
 03/08  17:00:00,249.12609333400002,215.947083761
 03/08  18:00:00,273.781930413,242.81159808099997
 03/08  19:00:00,352.60242456199995,409.29273915199997
 03/08  20:00:00,371.382240641,324.585851322
 03/08  21:00:00,397.156199701,354.68729013
 03/08  22:00:00,382.953315729,499.38891788800004
 03/08  23:00:00,305.582864997,417.53051009
 03/08  24:00:00,215.97558993299998,283.00923128
 03/09  01:00:00,126.90561429600001,150.751867344
 03/09  02:00:00,124.975431731,109.808116314
 03/09  03:00:00,120.029962525,110.95479001700001
 03/09  04:00:00,122.08577589299999,101.27599422700001
 03/09  05:00:00,132.247733663,132.46966760200002
 03/09  06:00:00,169.292514946,206.82594692599997
 03/09  07:00:00,319.681460689,341.298178849
 03/09  08:00:00,382.354928529,465.27447324800005
 03/09  09:00:00,318.859936272,381.85530765
 03/09  10:00:00,277.380226497,333.790805191
 03/09  11:00:00,216.70009893,293.368616313
 03/09  12:00:00,213.875876265,249.46589026400002
 03/09  13:00:00,220.95230858099998,240.19118128099998
 03/09  14:00:00,230.257486489,232.955968035
 03/09  15:00:00,291.796423525,211.984426633
 03/09  16:00:00,298.601858778,219.587603854
 03/09  17:00:00,327.273343394,203.229431925
 03/09  18:00:00,362.42478240199995,213.83270551599998
 03/09  19:00:00,425.83827151,340.313328976
 03/09  20:00:00,438.654373624,255.490272102
 03/09  21:00:00,463.474984258,247.717243826
 03/09  22:00:00,438.27778041,340.386863842
 03/09  23:00:00,373.888807237,266.60531006599996
 03/09  24:00:00,271.223091517,171.389785942
 03/10  01:00:00,124.850904267,147.183902848
 03/10  02:00:00,124.835022932,151.049503239
 03/10  03:00:00,120.520981275,159.191830354
 03/10  04:00:00,122.20848613700001,148.121393555
 03/10  05:00:00,131.866155053,153.958418576
 03/10  06:00:00,167.214141086,226.112386089
 03/10  07:00:00,299.648292797,355.137556406
 03/10  08:00:00,358.255588933,565.158957968
 03/10  09:00:00,316.23840105700003,441.27006161800006
 03/10  10:00:00,286.10977184,351.464829707
 03/10  11:00:00,238.158266588,298.242987039
 03/10  12:00:00,253.008300843,239.632567942
 03/10  13:00:00,297.626956345,225.00206515099998
 03/10  14:00:00,300.142930679,216.34485570900003
 03/10  15:00:00,300.050248636,210.42504386599998
 03/10  16:00:00,300.16018423,220.350887783
 03/10  17:00:00,329.36026195799997,194.747615411
 03/10  18:00:00,363.826558612,208.350106395
 03/10  19:00:00,427.671367457,342.444863843
 03/10  20:00:00,415.002695025,259.317491744
 03/10  21:00:00,413.484662983,310.894739111
 03/10  22:00:00,394.749530386,483.177834636
 03/10  23:00:00,313.097271512,452.20410721900004
 03/10  24:00:00,219.840642919,297.974678966
 03/11  01:00:00,130.347729076,138.52861636
 03/11  02:00:00,135.492261351,112.363948246
 03/11  03:00:00,119.460593035,102.83286204
 03/11  04:00:00,119.896363278,106.93357826100001
 03/11  05:00:00,128.38217237799998,126.828324896
 03/11  06:00:00,142.587808585,159.868457243
 03/11  07:00:00,282.563227734,217.58180861099999
 03/11  08:00:00,285.492834067,462.937094857
 03/11  09:00:00,373.00410095,606.2776358469999
 03/11  10:00:00,334.27026797900004,442.395996111
 03/11  11:00:00,260.654936034,384.15651890199996
 03/11  12:00:00,241.46597013,317.845762161
 03/11  13:00:00,247.993918677,250.325491254
 03/11  14:00:00,273.722531042,221.134123168
 03/11  15:00:00,304.23549965,215.23427401700002
 03/11  16:00:00,304.181708399,217.330379521
 03/11  17:00:00,333.640341212,203.85207900700001
 03/11  18:00:00,359.47505587800003,187.224445488
 03/11  19:00:00,415.16980287800004,222.218843412
 03/11  20:00:00,393.352204724,277.19448693
 03/11  21:00:00,399.914138818,279.128309658
 03/11  22:00:00,410.347841321,270.91384489
 03/11  23:00:00,328.973628375,375.752317874
 03/11  24:00:00,241.924432411,269.96738998
 03/12  01:00:00,143.044043439,160.239615225
 03/12  02:00:00,132.078629813,134.821207882
 03/12  03:00:00,135.112019903,127.89134263700001
 03/12  04:00:00,144.983048552,140.07590889600002
 03/12  05:00:00,160.17408658600002,168.091976493
 03/12  06:00:00,301.635102034,221.9604895
 03/12  07:00:00,313.55090517599996,456.992406259
 03/12  08:00:00,361.509837765,614.892968414
 03/12  09:00:00,320.765511124,494.816428935
 03/12  10:00:00,266.928176433,363.096248944
 03/12  11:00:00,262.873350873,299.81527835
 03/12  12:00:00,273.56347390900004,235.718006379
 03/12  13:00:00,275.92482447,220.206013265
 03/12  14:00:00,297.352093723,208.543260828
 03/12  15:00:00,299.363158052,217.145343975
 03/12  16:00:00,328.549245072,203.64785885400002
 03/12  17:00:00,356.322608875,187.002933167
 03/12  18:00:00,414.790734471,210.84287360099998
 03/12  19:00:00,408.69375430599996,256.10408912599996
 03/12  20:00:00,419.18329069099997,292.15398256099996
 03/12  21:00:00,384.04904131300003,336.54524785
 03/12  22:00:00,328.722207256,454.58428477
 03/12  23:00:00,241.35806572099997,327.842070201
 03/12  24:00:00,146.401110936,165.194421034
 03/13  01:00:00,133.791485785,126.28555423200001
 03/13  02:00:00,128.45110686700002,118.13819641799999
 03/13  03:00:00,129.975109489,107.741476099
 03/13  04:00:00,139.503856893,136.22411168
 03/13  05:00:00,176.219409694,203.21954288400002
 03/13  06:00:00,346.10751745,342.294275105
 03/13  07:00:00,392.17106135800003,517.473720084
 03/13  08:00:00,313.254036177,412.413420673
 03/13  09:00:00,293.123344275,355.76310852800003
 03/13  10:00:00,242.488236585,294.872608641
 03/13  11:00:00,266.30518756,229.194715129
 03/13  12:00:00,307.870093,225.24042118
 03/13  13:00:00,301.424851729,220.733383186
 03/13  14:00:00,303.307398815,206.69129631400003
 03/13  15:00:00,302.436911713,214.42031528799998
 03/13  16:00:00,330.997178821,200.585770791
 03/13  17:00:00,364.533331412,207.763087458
 03/13  18:00:00,416.84082815,334.544875983
 03/13  19:00:00,432.64612196300004,243.64375573799998
 03/13  20:00:00,465.534240898,243.914200139
 03/13  21:00:00,440.530196635,335.424874993
 03/13  22:00:00,373.61668630599996,260.320687029
 03/13  23:00:00,279.399500067,144.213041826
 03/13  24:00:00,136.722745966,115.752442143
 03/14  01:00:00,141.08358237299998,81.1336067533
 03/14  02:00:00,183.119232315,79.83862734680001
 03/14  03:00:00,117.398205546,84.37460713979999
 03/14  04:00:00,184.700162423,104.659775598
 03/14  05:00:00,204.714365767,187.046272153
 03/14  06:00:00,348.476274374,317.663510058
 03/14  07:00:00,431.724839329,433.25618421400003
 03/14  08:00:00,379.721538353,353.552489106
 03/14  09:00:00,350.52378415699997,304.853687034
 03/14  10:00:00,304.721542885,278.955587483
 03/14  11:00:00,304.658201239,230.74528194599998
 03/14  12:00:00,302.42811116400003,232.786017886
 03/14  13:00:00,295.057239212,226.194435527
 03/14  14:00:00,302.84094662900003,210.23872355
 03/14  15:00:00,302.215390959,217.762517753
 03/14  16:00:00,330.422333189,203.055847078
 03/14  17:00:00,366.222705104,212.169938609
 03/14  18:00:00,417.154701638,338.77053398
 03/14  19:00:00,432.129712835,247.85550852
 03/14  20:00:00,461.944976979,254.78246292400001
 03/14  21:00:00,436.65991284300003,355.126008929
 03/14  22:00:00,343.312650427,280.050383927
 03/14  23:00:00,233.350628454,196.992747709
 03/14  24:00:00,124.507226852,170.757697682
 03/15  01:00:00,125.744788841,158.79942478200002
 03/15  02:00:00,122.02171594200001,163.223805677
 03/15  03:00:00,124.230317176,140.320820467
 03/15  04:00:00,134.026209322,152.521264043
 03/15  05:00:00,214.72329894,224.343881998
 03/15  06:00:00,309.700135005,351.852051528
 03/15  07:00:00,385.873676149,522.7415413719999
 03/15  08:00:00,306.06517774099996,462.232418296
 03/15  09:00:00,268.844552435,441.220348416
 03/15  10:00:00,205.460689169,414.723536841
 03/15  11:00:00,196.86775348900002,373.621428433
 03/15  12:00:00,194.07178254099998,371.50975772699996
 03/15  13:00:00,184.59694787599997,355.65333400099996
 03/15  14:00:00,190.29167512599997,290.64052516099997
 03/15  15:00:00,202.44379761,257.726095317
 03/15  16:00:00,240.31587031799998,217.796828673
 03/15  17:00:00,296.681316643,221.042635948
 03/15  18:00:00,375.406117443,341.864688462
 03/15  19:00:00,369.66917129300003,283.228388803
 03/15  20:00:00,390.68471105199995,368.563295542
 03/15  21:00:00,376.495630336,533.254600703
 03/15  22:00:00,298.493637121,409.923464029
 03/15  23:00:00,208.777561363,296.323401089
 03/15  24:00:00,124.138344498,140.88829844
 03/16  01:00:00,119.40024388100001,114.600195574
 03/16  02:00:00,112.547242991,105.478294605
 03/16  03:00:00,113.09936143200001,106.483603185
 03/16  04:00:00,121.551024503,132.697858879
 03/16  05:00:00,156.604175806,207.74689742700002
 03/16  06:00:00,292.570668252,346.359599662
 03/16  07:00:00,360.10268401900004,582.598983715
 03/16  08:00:00,305.837134466,527.615489849
 03/16  09:00:00,281.501511272,408.010530901
 03/16  10:00:00,225.76331923200001,310.18542359099996
 03/16  11:00:00,245.449435368,232.305731315
 03/16  12:00:00,303.823523177,226.09109702
 03/16  13:00:00,301.674353703,217.52517814200002
 03/16  14:00:00,301.455546133,208.868120424
 03/16  15:00:00,301.002634206,217.048412475
 03/16  16:00:00,330.610198976,195.192991592
 03/16  17:00:00,365.30662919599996,208.313309361
 03/16  18:00:00,417.56584559099997,334.335550561
 03/16  19:00:00,432.168132686,244.117901521
 03/16  20:00:00,448.634031475,260.077489916
 03/16  21:00:00,406.58309452300006,397.80458277099996
 03/16  22:00:00,337.12688472900004,317.59721023099996
 03/16  23:00:00,229.299352529,212.99146726900003
 03/16  24:00:00,127.07200700700001,180.863982185
 03/17  01:00:00,127.83781439399999,140.650182555
 03/17  02:00:00,123.06483532799999,121.479418182
 03/17  03:00:00,124.351141201,112.720281462
 03/17  04:00:00,133.83021617,134.086824898
 03/17  05:00:00,169.429782592,212.17016732
 03/17  06:00:00,337.374261225,337.088434255
 03/17  07:00:00,375.916913101,552.565304745
 03/17  08:00:00,322.53894868099997,472.445130684
 03/17  09:00:00,290.682330757,348.721975634
 03/17  10:00:00,253.422604002,282.912077705
 03/17  11:00:00,308.20456258,224.45153562299998
 03/17  12:00:00,312.466563858,224.088489093
 03/17  13:00:00,302.577461825,215.417078465
 03/17  14:00:00,301.03544463,206.698379078
 03/17  15:00:00,302.986303005,214.78456927599998
 03/17  16:00:00,332.469515585,194.03133381700002
 03/17  17:00:00,367.78227211800004,206.157838074
 03/17  18:00:00,417.191493256,331.529815784
 03/17  19:00:00,433.714614309,241.799199257
 03/17  20:00:00,465.11206353800003,241.558893307
 03/17  21:00:00,439.90160443800005,328.866985533
 03/17  22:00:00,351.64509878900003,273.645888063
 03/17  23:00:00,244.017055226,179.649515264
 03/17  24:00:00,133.17668731,162.139503905
 03/18  01:00:00,146.598764349,135.367665412
 03/18  02:00:00,131.869173618,128.314155351
 03/18  03:00:00,180.570683394,112.694171635
 03/18  04:00:00,118.568783612,133.567395586
 03/18  05:00:00,139.605104325,156.512554358
 03/18  06:00:00,311.253086136,217.39283641400002
 03/18  07:00:00,317.29815856700003,434.245090973
 03/18  08:00:00,384.411248226,534.065904408
 03/18  09:00:00,351.39982705,393.95926349300004
 03/18  10:00:00,318.768804894,321.216095215
 03/18  11:00:00,314.53592772900004,276.22815461
 03/18  12:00:00,314.48963271599996,226.895707759
 03/18  13:00:00,305.891080605,214.576554983
 03/18  14:00:00,307.20203454200004,205.84983497
 03/18  15:00:00,306.83057391200003,214.06741836700002
 03/18  16:00:00,336.418050977,194.055863763
 03/18  17:00:00,364.63914168800005,182.302187093
 03/18  18:00:00,429.82617191699995,206.062879997
 03/18  19:00:00,431.09652421199996,240.977343925
 03/18  20:00:00,447.788254923,240.967890935
 03/18  21:00:00,436.959055373,233.134976972
 03/18  22:00:00,383.941481326,314.70242373900004
 03/18  23:00:00,312.390229592,191.88223358
 03/18  24:00:00,148.433319977,107.97164830700001
 03/19  01:00:00,171.27841615,87.79403503620001
 03/19  02:00:00,156.59586236200002,99.7174456016
 03/19  03:00:00,156.61784792,107.22422326
 03/19  04:00:00,164.34888480700002,141.604758431
 03/19  05:00:00,199.67305708,175.776455462
 03/19  06:00:00,308.439762437,236.82212649299998
 03/19  07:00:00,341.224371961,390.74195945099996
 03/19  08:00:00,400.72689065699996,505.842952823
 03/19  09:00:00,361.35791173,391.305463386
 03/19  10:00:00,323.35990315099997,321.381637704
 03/19  11:00:00,320.543331982,272.63724613799997
 03/19  12:00:00,318.40730048,221.1722011
 03/19  13:00:00,299.553935909,212.03227957
 03/19  14:00:00,299.26376572,201.406125466
 03/19  15:00:00,299.3119355,213.700212785
 03/19  16:00:00,329.254845459,193.82682550599998
 03/19  17:00:00,358.07367492699996,182.08317377
 03/19  18:00:00,418.45642329199995,205.82161168099998
 03/19  19:00:00,428.25005027199995,239.642492275
 03/19  20:00:00,455.242303985,234.116012595
 03/19  21:00:00,428.67221947400003,232.718481448
 03/19  22:00:00,375.250391235,314.931459704
 03/19  23:00:00,298.96836399,190.603942302
 03/19  24:00:00,190.84410030200002,120.713393276
 03/20  01:00:00,151.372669831,109.200112158
 03/20  02:00:00,134.179839806,112.65431934600001
 03/20  03:00:00,182.85609214299998,119.66059264299999
 03/20  04:00:00,124.414926149,148.675401967
 03/20  05:00:00,214.736457938,215.16998663099997
 03/20  06:00:00,324.56509473799997,345.25926935300004
 03/20  07:00:00,400.26249175,480.908078107
 03/20  08:00:00,343.27978946400003,391.582269569
 03/20  09:00:00,328.002587127,314.276776043
 03/20  10:00:00,309.943339961,269.904056626
 03/20  11:00:00,309.891017217,224.707809948
 03/20  12:00:00,308.15790453700004,219.16971569700002
 03/20  13:00:00,300.214413932,210.358034223
 03/20  14:00:00,301.936137084,205.33532367799998
 03/20  15:00:00,302.45658286,212.38108008400002
 03/20  16:00:00,331.690262028,194.765825992
 03/20  17:00:00,366.682282174,199.346609141
 03/20  18:00:00,418.136328793,329.221350666
 03/20  19:00:00,432.452170202,240.907524904
 03/20  20:00:00,463.535634611,233.551972655
 03/20  21:00:00,438.113038468,330.51917786900003
 03/20  22:00:00,373.902728694,244.69716536599998
 03/20  23:00:00,308.256020813,136.102558097
 03/20  24:00:00,199.14987009599997,104.418365021
 03/21  01:00:00,132.709361898,77.38868402680001
 03/21  02:00:00,179.610386146,78.2570798543
 03/21  03:00:00,181.16724841,79.0998232075
 03/21  04:00:00,143.507074843,106.90724336299999
 03/21  05:00:00,205.467967193,182.91716205
 03/21  06:00:00,353.767325754,321.968995209
 03/21  07:00:00,432.469514114,422.904992644
 03/21  08:00:00,383.41374131,341.486447996
 03/21  09:00:00,350.284086601,304.179829294
 03/21  10:00:00,260.631806428,282.318120858
 03/21  11:00:00,281.374539756,229.44678150200002
 03/21  12:00:00,309.497242066,218.842618628
 03/21  13:00:00,300.611101861,215.14174661599998
 03/21  14:00:00,300.759568629,206.147435833
 03/21  15:00:00,300.63282141,207.73914410400002
 03/21  16:00:00,330.513240827,193.826924075
 03/21  17:00:00,364.199585705,206.565614712
 03/21  18:00:00,416.66649747199995,328.763380526
 03/21  19:00:00,431.778533503,238.28903902099998
 03/21  20:00:00,464.868930846,251.06288665
 03/21  21:00:00,439.955787713,342.337848428
 03/21  22:00:00,343.37112402400004,277.86687790400003
 03/21  23:00:00,242.52130886700002,189.09078314599998
 03/21  24:00:00,130.018716367,171.578437154
 03/22  01:00:00,132.851229201,143.416400844
 03/22  02:00:00,128.746812096,134.029903769
 03/22  03:00:00,130.431358792,116.632479761
 03/22  04:00:00,191.56043454599998,130.248716441
 03/22  05:00:00,146.47625008100002,212.42449627099998
 03/22  06:00:00,341.282729937,334.126247717
 03/22  07:00:00,386.74267667699996,527.151262068
 03/22  08:00:00,315.45331841,428.749111985
 03/22  09:00:00,296.319480893,342.57049904400003
 03/22  10:00:00,243.48746127,284.066996302
 03/22  11:00:00,272.624774338,225.04676352099997
 03/22  12:00:00,308.637015845,223.05585108
 03/22  13:00:00,299.593179913,214.326810792
 03/22  14:00:00,299.003907409,199.13645037400002
 03/22  15:00:00,298.876112696,213.90527226700002
 03/22  16:00:00,328.137783759,193.55397150299999
 03/22  17:00:00,362.814553525,205.35501003599998
 03/22  18:00:00,415.733129767,321.968116413
 03/22  19:00:00,430.45475564,241.376081539
 03/22  20:00:00,455.267739857,248.87734413099997
 03/22  21:00:00,421.225875014,376.636935246
 03/22  22:00:00,328.614647108,362.761407669
 03/22  23:00:00,230.70932768400002,333.288539223
 03/22  24:00:00,132.862604653,135.05333743
 03/23  01:00:00,131.473902414,108.121736647
 03/23  02:00:00,125.55358096100001,109.99249389299999
 03/23  03:00:00,126.39858785,101.17640554299999
 03/23  04:00:00,135.128094716,120.26454327399999
 03/23  05:00:00,170.91014612799998,202.796377501
 03/23  06:00:00,342.561483722,335.592619422
 03/23  07:00:00,362.97840810400004,543.933853324
 03/23  08:00:00,327.498698436,477.93254666400003
 03/23  09:00:00,301.312625961,329.108495407
 03/23  10:00:00,286.876779178,273.943435489
 03/23  11:00:00,314.26252507099997,223.33162166
 03/23  12:00:00,311.54532271200003,222.946293025
 03/23  13:00:00,300.81006187599996,207.691216406
 03/23  14:00:00,300.838429621,205.608940584
 03/23  15:00:00,300.837046919,207.195879153
 03/23  16:00:00,330.342078704,193.506434553
 03/23  17:00:00,365.47367437400004,205.148885017
 03/23  18:00:00,417.83011114199996,321.469770633
 03/23  19:00:00,432.794002611,240.539269758
 03/23  20:00:00,466.10833013300004,233.23494174
 03/23  21:00:00,440.572024592,321.550898357
 03/23  22:00:00,375.636150116,244.936434232
 03/23  23:00:00,295.48201049799997,138.438822645
 03/23  24:00:00,139.70695003,113.91958295
 03/24  01:00:00,144.909047281,96.2579133167
 03/24  02:00:00,175.656502432,106.87469833700001
 03/24  03:00:00,121.026068437,116.79730215
 03/24  04:00:00,184.252314311,151.252420631
 03/24  05:00:00,155.47498032,219.962527443
 03/24  06:00:00,352.32251059199996,342.629296501
 03/24  07:00:00,393.89689698,478.11250373300004
 03/24  08:00:00,336.281894422,391.832541506
 03/24  09:00:00,309.880956481,319.437333775
 03/24  10:00:00,303.54869079400004,266.938147911
 03/24  11:00:00,311.181869642,222.83968690400002
 03/24  12:00:00,311.665602619,222.235082253
 03/24  13:00:00,302.53545163,207.18704825
 03/24  14:00:00,302.484098485,204.61464176599998
 03/24  15:00:00,302.400058924,207.144277701
 03/24  16:00:00,331.55541040599996,193.411175147
 03/24  17:00:00,366.215753544,199.47777256
 03/24  18:00:00,418.529056604,327.618648593
 03/24  19:00:00,433.669499337,233.34337394
 03/24  20:00:00,464.987178215,236.208969763
 03/24  21:00:00,439.301263144,330.078218552
 03/24  22:00:00,365.587879008,250.56711337099998
 03/24  23:00:00,259.352281297,155.71782315299998
 03/24  24:00:00,139.32477307,129.230335395
 03/25  01:00:00,205.037083819,104.368318697
 03/25  02:00:00,118.320456884,105.230396844
 03/25  03:00:00,177.433669997,104.709316363
 03/25  04:00:00,144.05501082799998,130.367602806
 03/25  05:00:00,175.726166674,155.447844282
 03/25  06:00:00,311.567035539,210.57607053
 03/25  07:00:00,336.533287097,353.08931188699995
 03/25  08:00:00,406.16721388300004,471.744196993
 03/25  09:00:00,372.04198860300005,369.991919731
 03/25  10:00:00,317.211562347,318.296276642
 03/25  11:00:00,309.108090833,264.460487556
 03/25  12:00:00,310.614284694,222.14182031099998
 03/25  13:00:00,302.946436709,213.596644829
 03/25  14:00:00,303.55762735,205.09724368099998
 03/25  15:00:00,303.693704912,206.86914612299998
 03/25  16:00:00,332.643428078,193.59466305799998
 03/25  17:00:00,362.650316126,181.43145196
 03/25  18:00:00,424.743986011,205.324741272
 03/25  19:00:00,423.68645786900004,232.638844557
 03/25  20:00:00,445.14879468699996,235.488518753
 03/25  21:00:00,435.804915022,239.977652502
 03/25  22:00:00,383.505333979,316.440617727
 03/25  23:00:00,293.02606005900003,196.72019349200002
 03/25  24:00:00,142.056557438,114.17762090299999
 03/26  01:00:00,166.734738219,97.2045566515
 03/26  02:00:00,154.13861592799998,103.20017454299999
 03/26  03:00:00,186.024931865,103.679576116
 03/26  04:00:00,135.983512326,122.17038263399999
 03/26  05:00:00,211.00200527299998,155.406172256
 03/26  06:00:00,295.03933780200003,219.453170908
 03/26  07:00:00,347.58129172300005,353.71761305900003
 03/26  08:00:00,400.191608085,487.745007806
 03/26  09:00:00,349.141827621,391.019347565
 03/26  10:00:00,309.140704179,316.58497938700003
 03/26  11:00:00,319.006185266,271.881787492
 03/26  12:00:00,318.66604092299997,216.62701239700002
 03/26  13:00:00,299.822795064,212.947967816
 03/26  14:00:00,300.186446133,198.99103500900003
 03/26  15:00:00,301.758373289,213.937410688
 03/26  16:00:00,328.538517069,192.640971108
 03/26  17:00:00,355.573586714,177.939434857
 03/26  18:00:00,416.10340152599997,205.83399268099998
 03/26  19:00:00,424.22723715,232.68232854299998
 03/26  20:00:00,454.60102308800003,240.759656281
 03/26  21:00:00,414.461050166,257.585088697
 03/26  22:00:00,348.195306326,359.16731086699997
 03/26  23:00:00,258.630724153,237.641179767
 03/26  24:00:00,146.71957292,171.317507895
 03/27  01:00:00,138.610911954,128.003688389
 03/27  02:00:00,134.150883502,116.695309592
 03/27  03:00:00,167.469259052,109.02636501100001
 03/27  04:00:00,140.198835712,127.940870565
 03/27  05:00:00,194.526861672,198.24887093099997
 03/27  06:00:00,326.60776614900004,329.790450075
 03/27  07:00:00,403.96492067300005,507.83391390199995
 03/27  08:00:00,320.469048963,424.48673686300003
 03/27  09:00:00,290.997612317,357.60793154199996
 03/27  10:00:00,245.35357412099998,300.427716606
 03/27  11:00:00,247.962817897,238.70356634599997
 03/27  12:00:00,272.238900835,225.264518615
 03/27  13:00:00,293.806752779,211.667054106
 03/27  14:00:00,298.83755603099996,199.35419014099998
 03/27  15:00:00,298.443492589,207.628840568
 03/27  16:00:00,327.662903865,193.50123786
 03/27  17:00:00,362.26148053400004,204.901233655
 03/27  18:00:00,414.679937924,321.560033684
 03/27  19:00:00,427.882704756,234.252512277
 03/27  20:00:00,455.288437026,257.263545848
 03/27  21:00:00,418.977642788,389.791147902
 03/27  22:00:00,316.88471407099996,380.97780986699996
 03/27  23:00:00,225.19279245099997,325.213431286
 03/27  24:00:00,131.036638071,141.647046653
 03/28  01:00:00,129.72728130299998,108.16046554
 03/28  02:00:00,124.162117458,103.856931126
 03/28  03:00:00,125.319311054,100.963916794
 03/28  04:00:00,135.014386081,119.82647166
 03/28  05:00:00,171.069679499,199.12790767799999
 03/28  06:00:00,342.626694836,328.26503564
 03/28  07:00:00,370.74202536300004,528.189364439
 03/28  08:00:00,312.411345282,459.31143288
 03/28  09:00:00,298.697070289,323.21718033900004
 03/28  10:00:00,284.744725318,273.364623994
 03/28  11:00:00,311.263958631,216.7702008
 03/28  12:00:00,310.2642091,223.06236548400003
 03/28  13:00:00,300.268945482,207.88131104400003
 03/28  14:00:00,300.128933978,199.257015219
 03/28  15:00:00,300.418380112,209.708701883
 03/28  16:00:00,330.086473389,191.284866753
 03/28  17:00:00,364.86847443,200.872832995
 03/28  18:00:00,417.45429885199997,318.775313101
 03/28  19:00:00,428.433560491,238.644515365
 03/28  20:00:00,462.865139876,233.396512723
 03/28  21:00:00,440.783972486,328.992397322
 03/28  22:00:00,345.70973249599996,262.47169419200003
 03/28  23:00:00,243.274314525,177.394878045
 03/28  24:00:00,132.266232026,153.30101010200002
 03/29  01:00:00,135.78678636200002,132.405921926
 03/29  02:00:00,130.84991831,120.08463376799999
 03/29  03:00:00,146.86110758799998,111.218727767
 03/29  04:00:00,161.565448067,126.045883933
 03/29  05:00:00,154.554740609,202.54658226
 03/29  06:00:00,349.18613814,329.642095456
 03/29  07:00:00,378.484576231,513.7025524869999
 03/29  08:00:00,335.757593246,395.118109874
 03/29  09:00:00,324.298673293,299.804106738
 03/29  10:00:00,312.211526519,264.268869656
 03/29  11:00:00,314.85873586599996,222.625804238
 03/29  12:00:00,311.417098774,215.713270333
 03/29  13:00:00,302.241439492,213.542076725
 03/29  14:00:00,301.865585979,198.35238982400003
 03/29  15:00:00,301.330062199,206.531426159
 03/29  16:00:00,331.34923314,193.24029609599998
 03/29  17:00:00,367.031778401,197.773815623
 03/29  18:00:00,418.6407959,319.313900699
 03/29  19:00:00,430.086215444,232.25977693299998
 03/29  20:00:00,465.335767513,231.99882222099998
 03/29  21:00:00,439.682166076,317.89836440700003
 03/29  22:00:00,374.049233936,236.317020112
 03/29  23:00:00,308.23436665400004,135.305234696
 03/29  24:00:00,194.788870036,98.0336540899
 03/30  01:00:00,177.146187088,79.5701807853
 03/30  02:00:00,143.528739195,84.0632429142
 03/30  03:00:00,179.402225336,89.25029152020001
 03/30  04:00:00,187.80355822099997,115.64743880399999
 03/30  05:00:00,195.435921776,202.036117557
 03/30  06:00:00,336.625863456,331.498287936
 03/30  07:00:00,428.173122661,440.70016015199997
 03/30  08:00:00,360.30738902,341.96069186799997
 03/30  09:00:00,356.46020692699994,296.52055778700003
 03/30  10:00:00,310.010379937,266.273949833
 03/30  11:00:00,312.890439632,217.24218038900003
 03/30  12:00:00,312.153051979,215.482920804
 03/30  13:00:00,302.389279596,213.532484842
 03/30  14:00:00,302.509627965,198.49022325400003
 03/30  15:00:00,302.073768645,206.59341357
 03/30  16:00:00,331.638131698,189.23919405200002
 03/30  17:00:00,365.907855819,202.336703333
 03/30  18:00:00,417.80053622,314.03580128
 03/30  19:00:00,430.03792971900003,235.436035685
 03/30  20:00:00,465.24149244,227.335541685
 03/30  21:00:00,440.02692521,319.005585052
 03/30  22:00:00,374.975628187,236.220746253
 03/30  23:00:00,303.770002065,136.81593072799998
 03/30  24:00:00,159.223893655,100.636380176
 03/31  01:00:00,171.09306351700002,81.85784948189999
 03/31  02:00:00,185.780541753,83.5189289672
 03/31  03:00:00,136.742065513,84.7211243316
 03/31  04:00:00,166.70414921399998,106.25891217799999
 03/31  05:00:00,203.927933223,187.286510718
 03/31  06:00:00,349.798944799,309.201314039
 03/31  07:00:00,431.840280931,424.060845869
 03/31  08:00:00,384.79509855699996,332.839883069
 03/31  09:00:00,354.575374194,292.73535589
 03/31  10:00:00,306.063892011,265.316975507
 03/31  11:00:00,307.65008856,224.384434173
 03/31  12:00:00,305.992112647,217.723503438
 03/31  13:00:00,294.029204939,209.630239478
 03/31  14:00:00,293.949682403,200.663051719
 03/31  15:00:00,295.39667265099996,208.998360002
 03/31  16:00:00,324.479532149,193.82035569099997
 03/31  17:00:00,358.969500724,199.634364432
 03/31  18:00:00,409.80871618,321.00313272
 03/31  19:00:00,421.7567239,233.86242323
 03/31  20:00:00,456.336333804,226.69098227599997
 03/31  21:00:00,431.38804233800005,320.197219056
 03/31  22:00:00,367.704779805,238.73135300200002
 03/31  23:00:00,301.69368035900004,139.747296704
 03/31  24:00:00,194.766917043,97.7568923419
 04/01  01:00:00,178.43574641200001,77.0016974899
 04/01  02:00:00,189.64781350799998,77.0528035901
 04/01  03:00:00,191.44647392299999,70.91573768970001
 04/01  04:00:00,182.920711843,104.32839289200001
 04/01  05:00:00,194.009434868,124.78734636200001
 04/01  06:00:00,290.48666615,186.947291856
 04/01  07:00:00,381.38439711,318.581677735
 04/01  08:00:00,413.025018884,444.01874190300003
 04/01  09:00:00,363.95156315699995,365.77358464199995
 04/01  10:00:00,306.843361732,310.104777828
 04/01  11:00:00,297.67790481,267.319402734
 04/01  12:00:00,295.484160949,215.89717057599998
 04/01  13:00:00,287.60367603599997,215.23699316
 04/01  14:00:00,287.738145904,199.57588166099998
 04/01  15:00:00,285.925921458,206.06459634599997
 04/01  16:00:00,316.893345864,193.048971985
 04/01  17:00:00,345.694732894,177.125860917
 04/01  18:00:00,413.13235885800003,200.79378965400002
 04/01  19:00:00,413.729849493,234.485533098
 04/01  20:00:00,436.206646391,234.619394924
 04/01  21:00:00,427.397364094,223.50259971
 04/01  22:00:00,374.655474051,308.13992215400003
 04/01  23:00:00,303.654961643,180.660912595
 04/01  24:00:00,206.673263193,104.387500504
 04/02  01:00:00,177.322112255,76.5393913681
 04/02  02:00:00,176.387682943,71.48697872689999
 04/02  03:00:00,169.141919616,77.0618561615
 04/02  04:00:00,179.649785313,100.158066959
 04/02  05:00:00,167.261213897,131.152630174
 04/02  06:00:00,315.660319848,193.02683329299998
 04/02  07:00:00,395.341422819,325.14681097700003
 04/02  08:00:00,418.39754478699996,442.826135116
 04/02  09:00:00,363.283638232,364.365391116
 04/02  10:00:00,322.299873111,309.22274720400003
 04/02  11:00:00,319.95186652,265.71912296200003
 04/02  12:00:00,320.485740949,214.17689901
 04/02  13:00:00,301.804284618,205.86561899999998
 04/02  14:00:00,302.031712692,197.234276799
 04/02  15:00:00,299.584143705,205.56573661299998
 04/02  16:00:00,326.12176109,186.304837023
 04/02  17:00:00,352.146234699,175.559933389
 04/02  18:00:00,409.506558905,200.95089060200002
 04/02  19:00:00,414.718351646,233.048464219
 04/02  20:00:00,445.35103478199994,227.17753146
 04/02  21:00:00,418.078515669,225.70051218900002
 04/02  22:00:00,364.127963977,303.384752768
 04/02  23:00:00,299.64430729400004,180.580193203
 04/02  24:00:00,230.393205298,100.793508303
 04/03  01:00:00,204.82751253200001,76.9696276307
 04/03  02:00:00,192.230179161,70.8356323414
 04/03  03:00:00,175.809273374,77.41544309470001
 04/03  04:00:00,177.70607148099998,98.0855085856
 04/03  05:00:00,203.809398341,172.777437407
 04/03  06:00:00,332.97574708900004,310.915202531
 04/03  07:00:00,425.247921346,410.115217798
 04/03  08:00:00,377.176427816,329.662404671
 04/03  09:00:00,347.12926824,291.666636148
 04/03  10:00:00,296.478811908,262.09680893
 04/03  11:00:00,293.189097912,214.249105732
 04/03  12:00:00,291.912722572,214.113395398
 04/03  13:00:00,283.643353522,205.631791078
 04/03  14:00:00,284.825775849,197.162786935
 04/03  15:00:00,286.00960956,205.47937651799998
 04/03  16:00:00,315.602041035,186.268369095
 04/03  17:00:00,349.975569211,198.77345372099998
 04/03  18:00:00,401.26809152699997,318.935824232
 04/03  19:00:00,413.47158007699994,228.943366317
 04/03  20:00:00,448.711855362,234.424264732
 04/03  21:00:00,423.827706965,312.439220828
 04/03  22:00:00,358.677203601,237.99081154099997
 04/03  23:00:00,293.657379861,137.395638864
 04/03  24:00:00,235.945351149,97.6380511747
 04/04  01:00:00,210.5447912,71.3255524372
 04/04  02:00:00,191.463186523,77.0821876833
 04/04  03:00:00,193.698777435,77.0258633533
 04/04  04:00:00,198.469112946,97.68214351510001
 04/04  05:00:00,202.78383316900002,170.890594609
 04/04  06:00:00,339.288562328,297.69829869299997
 04/04  07:00:00,428.25435133800005,410.779065939
 04/04  08:00:00,383.954936187,330.103667997
 04/04  09:00:00,355.011705281,287.677462086
 04/04  10:00:00,305.7638171,261.95622176
 04/04  11:00:00,309.982486129,214.197816627
 04/04  12:00:00,310.880252826,214.032118859
 04/04  13:00:00,302.29589327599996,205.55674716099998
 04/04  14:00:00,302.377632369,197.095567233
 04/04  15:00:00,301.80610636,205.42037311099998
 04/04  16:00:00,330.706212815,186.22928568700002
 04/04  17:00:00,364.669506431,198.634470334
 04/04  18:00:00,415.741498455,312.72630898799997
 04/04  19:00:00,428.137146741,234.611638784
 04/04  20:00:00,463.704291251,230.452798106
 04/04  21:00:00,439.360387285,328.01855243200004
 04/04  22:00:00,361.612354894,275.476189985
 04/04  23:00:00,253.39185573,202.132108967
 04/04  24:00:00,134.249266914,193.716290653
 04/05  01:00:00,138.93259318,182.928889934
 04/05  02:00:00,166.717358658,151.029451646
 04/05  03:00:00,132.959236567,137.010240027
 04/05  04:00:00,124.60845521,143.938112243
 04/05  05:00:00,198.546436454,208.06615202
 04/05  06:00:00,332.709085546,328.215676545
 04/05  07:00:00,390.61696288699994,509.832676592
 04/05  08:00:00,341.005604731,368.06635438800004
 04/05  09:00:00,311.666962818,304.101059464
 04/05  10:00:00,290.979809573,263.83467709900003
 04/05  11:00:00,311.953150035,214.210879168
 04/05  12:00:00,310.49854087,213.988283913
 04/05  13:00:00,300.44674703,205.52773292
 04/05  14:00:00,301.228041062,190.668486571
 04/05  15:00:00,301.253827338,205.20674380900002
 04/05  16:00:00,330.747467723,190.814600953
 04/05  17:00:00,365.483208933,191.59114345900002
 04/05  18:00:00,418.069110334,312.03161361900004
 04/05  19:00:00,431.54822753400003,228.03401206200002
 04/05  20:00:00,464.94772550199997,225.791739808
 04/05  21:00:00,438.82671802699997,333.584086909
 04/05  22:00:00,343.418199818,279.543309352
 04/05  23:00:00,241.968087322,199.193021479
 04/05  24:00:00,130.65378940600002,156.553666036
 04/06  01:00:00,132.27877305799998,116.277517839
 04/06  02:00:00,127.17483218299999,113.31280227399999
 04/06  03:00:00,128.021571691,101.10463435
 04/06  04:00:00,191.52581381299998,123.91569312200001
 04/06  05:00:00,144.846991168,194.430326391
 04/06  06:00:00,338.338287727,319.033101369
 04/06  07:00:00,374.52016842300003,512.038779605
 04/06  08:00:00,336.242319986,376.322869846
 04/06  09:00:00,313.727399677,297.657720173
 04/06  10:00:00,304.28250998,257.644548715
 04/06  11:00:00,312.14315098099996,219.11359587200002
 04/06  12:00:00,312.284384643,212.71925795099997
 04/06  13:00:00,303.390590622,200.371779817
 04/06  14:00:00,303.77570717099997,196.986693471
 04/06  15:00:00,303.297715915,205.30615279
 04/06  16:00:00,332.536261921,186.172932784
 04/06  17:00:00,367.42509110199995,196.324699778
 04/06  18:00:00,419.94960252699997,308.725748586
 04/06  19:00:00,431.60159932,223.528401961
 04/06  20:00:00,464.964528052,230.292774767
 04/06  21:00:00,439.221985746,309.749492057
 04/06  22:00:00,362.911796081,236.89059233
 04/06  23:00:00,253.468988643,149.334959014
 04/06  24:00:00,135.310495463,118.74230588200001
 04/07  01:00:00,140.525366943,96.612426665
 04/07  02:00:00,174.31088041200002,105.1527254
 04/07  03:00:00,119.30694889700001,100.15367037899999
 04/07  04:00:00,181.65264203099997,126.475212614
 04/07  05:00:00,173.80655392900002,196.53485742
 04/07  06:00:00,354.921953738,318.93976307400004
 04/07  07:00:00,399.411846125,417.93711801300003
 04/07  08:00:00,351.710007261,335.970057082
 04/07  09:00:00,354.098578234,284.31943149200004
 04/07  10:00:00,303.76175646900003,261.733599904
 04/07  11:00:00,305.205576738,214.08334411400003
 04/07  12:00:00,305.740799003,213.890035523
 04/07  13:00:00,297.60412183,205.37812494099998
 04/07  14:00:00,297.274543953,190.387349917
 04/07  15:00:00,297.283279575,205.233705133
 04/07  16:00:00,324.994111682,186.12947223400002
 04/07  17:00:00,358.430891855,196.17264406200002
 04/07  18:00:00,409.764292985,308.280296925
 04/07  19:00:00,421.458697519,223.24086883299998
 04/07  20:00:00,457.892294895,222.98044419599998
 04/07  21:00:00,433.753299104,306.930287351
 04/07  22:00:00,369.503938489,232.95221401700002
 04/07  23:00:00,303.805675317,126.38956473
 04/07  24:00:00,211.318869276,97.4852383658
 04/08  01:00:00,194.015885188,70.7281953334
 04/08  02:00:00,172.99468779,77.02674888279999
 04/08  03:00:00,169.482701845,70.8880383547
 04/08  04:00:00,174.43870544,98.28464691040001
 04/08  05:00:00,186.272480964,126.681980661
 04/08  06:00:00,296.973635025,187.10329894400002
 04/08  07:00:00,380.121646346,305.603010173
 04/08  08:00:00,412.785588629,431.996645021
 04/08  09:00:00,361.94400980800003,356.41017263199996
 04/08  10:00:00,308.705367014,301.265643512
 04/08  11:00:00,299.82426117200004,262.607354478
 04/08  12:00:00,300.125517538,214.90642845
 04/08  13:00:00,291.43098471400003,206.93513769999998
 04/08  14:00:00,289.309641213,196.306441134
 04/08  15:00:00,287.260548239,202.621754993
 04/08  16:00:00,319.609360785,194.55275076200002
 04/08  17:00:00,351.93179856800003,170.392605976
 04/08  18:00:00,417.418368305,199.742295935
 04/08  19:00:00,417.49135733699995,225.758882167
 04/08  20:00:00,439.287212178,227.613784035
 04/08  21:00:00,428.855950306,223.47493937099998
 04/08  22:00:00,376.42872648300005,294.53269945700004
 04/08  23:00:00,304.83625818400003,181.082014482
 04/08  24:00:00,165.135384145,96.4562971136
 04/09  01:00:00,194.485225383,76.91722243939999
 04/09  02:00:00,186.722192997,76.886477173
 04/09  03:00:00,208.775259597,70.814643922
 04/09  04:00:00,181.121586716,97.41586123329999
 04/09  05:00:00,221.223528222,124.42560371299999
 04/09  06:00:00,327.252171987,186.34757559599998
 04/09  07:00:00,377.565555919,303.766987106
 04/09  08:00:00,402.77814023699995,438.120908783
 04/09  09:00:00,352.996760905,349.675071055
 04/09  10:00:00,307.55377528900004,307.962401555
 04/09  11:00:00,307.606065902,255.30858198299998
 04/09  12:00:00,321.917234682,213.843952784
 04/09  13:00:00,302.15237517599996,205.55897692599999
 04/09  14:00:00,302.435378898,190.433275882
 04/09  15:00:00,303.05961836,205.25265549
 04/09  16:00:00,332.429442045,186.16095254
 04/09  17:00:00,360.784067937,168.522504425
 04/09  18:00:00,421.88188502,199.06915595200002
 04/09  19:00:00,429.19684173900004,224.982570762
 04/09  20:00:00,458.346089626,224.88763895
 04/09  21:00:00,428.47417345699995,217.349391443
 04/09  22:00:00,374.856807212,296.491187067
 04/09  23:00:00,312.586923111,173.14886966900002
 04/09  24:00:00,192.166575936,98.7072842555
 04/10  01:00:00,150.710105411,85.83519681029999
 04/10  02:00:00,185.23426397,89.8949522864
 04/10  03:00:00,115.71517597399999,102.411293466
 04/10  04:00:00,182.42137621400002,142.329414434
 04/10  05:00:00,214.587303119,223.935330193
 04/10  06:00:00,315.314155201,355.939477035
 04/10  07:00:00,403.359245584,457.976145819
 04/10  08:00:00,347.758005039,363.56773817199996
 04/10  09:00:00,328.465897287,294.055766789
 04/10  10:00:00,293.838449442,257.774911435
 04/10  11:00:00,302.295522812,215.18968194599998
 04/10  12:00:00,311.601730075,214.11478493599998
 04/10  13:00:00,301.670742947,205.66976092099998
 04/10  14:00:00,301.927516428,190.91966665299998
 04/10  15:00:00,301.721191186,201.289854465
 04/10  16:00:00,330.267882873,189.411063205
 04/10  17:00:00,364.33748513800003,191.054293002
 04/10  18:00:00,416.568627794,309.839655288
 04/10  19:00:00,427.06728967199996,227.222925533
 04/10  20:00:00,464.57885454,230.522842349
 04/10  21:00:00,439.32119147699996,317.85605618299996
 04/10  22:00:00,339.137951823,256.181267856
 04/10  23:00:00,237.52691436700002,168.76679970700002
 04/10  24:00:00,127.803482445,147.644885065
 04/11  01:00:00,129.971203602,124.92873889799999
 04/11  02:00:00,125.804691106,116.176898021
 04/11  03:00:00,127.639194325,112.482145425
 04/11  04:00:00,186.899331842,120.128954937
 04/11  05:00:00,148.197203658,194.53479053700002
 04/11  06:00:00,340.957227656,312.877538621
 04/11  07:00:00,381.170754498,473.57139236
 04/11  08:00:00,331.426860993,375.684228678
 04/11  09:00:00,300.114196667,305.426121479
 04/11  10:00:00,265.93101128,260.821275349
 04/11  11:00:00,291.672645317,215.556495
 04/11  12:00:00,311.81164323,208.149304028
 04/11  13:00:00,302.747361201,205.98486495900002
 04/11  14:00:00,302.193004783,190.962462979
 04/11  15:00:00,303.775394224,205.716178657
 04/11  16:00:00,329.480679074,186.03666279200002
 04/11  17:00:00,366.446040226,189.750146903
 04/11  18:00:00,418.346954363,307.690286288
 04/11  19:00:00,427.42606943699997,223.314094202
 04/11  20:00:00,461.499431065,228.6795599
 04/11  21:00:00,423.094768742,320.595062687
 04/11  22:00:00,333.859086427,265.59975502
 04/11  23:00:00,236.38735184599997,188.18006409400002
 04/11  24:00:00,129.52127175799998,160.67917555
 04/12  01:00:00,130.404980929,119.051939779
 04/12  02:00:00,125.53950337299999,114.483508929
 04/12  03:00:00,126.915427836,101.424392885
 04/12  04:00:00,169.858445995,123.38007107700001
 04/12  05:00:00,168.088453466,186.07778158099998
 04/12  06:00:00,336.61963841700003,315.300591463
 04/12  07:00:00,375.01816873900003,490.74162847900004
 04/12  08:00:00,336.535711156,362.895005207
 04/12  09:00:00,317.086096096,289.329494658
 04/12  10:00:00,301.883728196,255.52097981900002
 04/12  11:00:00,313.44192506900004,214.64571752400002
 04/12  12:00:00,313.96735718,207.736863326
 04/12  13:00:00,302.157702772,205.566941703
 04/12  14:00:00,301.2629622,190.420707845
 04/12  15:00:00,301.400224575,198.68211550799998
 04/12  16:00:00,330.984386123,185.94036916299999
 04/12  17:00:00,366.219040296,190.23811194700002
 04/12  18:00:00,418.26758367400004,305.894211596
 04/12  19:00:00,426.92019661300003,222.739600512
 04/12  20:00:00,466.206886479,222.557257113
 04/12  21:00:00,440.817131754,297.483684469
 04/12  22:00:00,374.863648366,227.94831087400001
 04/12  23:00:00,269.682914894,136.34818594
 04/12  24:00:00,134.838661362,114.95585638600001
 04/13  01:00:00,173.221159565,98.9876359011
 04/13  02:00:00,135.321414715,114.78630284100001
 04/13  03:00:00,158.933465063,113.08514184299999
 04/13  04:00:00,139.661298522,125.660903748
 04/13  05:00:00,193.393626307,198.118967577
 04/13  06:00:00,325.40839798400003,310.493738049
 04/13  07:00:00,390.714991639,443.555514774
 04/13  08:00:00,344.805937329,339.415679288
 04/13  09:00:00,348.48006150699996,283.728783982
 04/13  10:00:00,311.665872126,254.706809474
 04/13  11:00:00,312.315018428,214.20154493099997
 04/13  12:00:00,312.008822287,207.31876549400002
 04/13  13:00:00,303.674045682,205.140912016
 04/13  14:00:00,303.152881036,190.076338627
 04/13  15:00:00,304.061764599,198.556642873
 04/13  16:00:00,332.670412687,185.88271581900003
 04/13  17:00:00,366.23925779,189.209633731
 04/13  18:00:00,417.742036666,305.77490404400004
 04/13  19:00:00,427.353386491,218.56821912200002
 04/13  20:00:00,464.88450254099996,220.131951121
 04/13  21:00:00,440.04353455,302.543316755
 04/13  22:00:00,375.17744254900003,223.93895625
 04/13  23:00:00,303.895561728,124.074413884
 04/13  24:00:00,139.969041236,98.81361415299999
 04/14  01:00:00,195.158039102,73.9854052269
 04/14  02:00:00,117.267325645,75.5638750824
 04/14  03:00:00,176.107269265,83.5211136963
 04/14  04:00:00,185.60329289400002,98.9068373411
 04/14  05:00:00,192.776370316,177.615677889
 04/14  06:00:00,336.334888046,291.594755636
 04/14  07:00:00,425.82912213099996,389.670388955
 04/14  08:00:00,385.537998416,320.088114134
 04/14  09:00:00,358.48895322199996,278.10824479900003
 04/14  10:00:00,311.284015214,253.3451406
 04/14  11:00:00,312.90882973,214.409998935
 04/14  12:00:00,312.29956324799997,208.617899463
 04/14  13:00:00,301.760405823,205.191484127
 04/14  14:00:00,301.104293956,191.095666182
 04/14  15:00:00,297.92840792,199.392937003
 04/14  16:00:00,323.32897189,185.87312323
 04/14  17:00:00,359.52076053900004,190.06290082799998
 04/14  18:00:00,414.081639138,302.321181942
 04/14  19:00:00,421.49990242900003,221.613252701
 04/14  20:00:00,456.516004129,223.575552409
 04/14  21:00:00,431.442640451,298.110911609
 04/14  22:00:00,368.40214443900004,227.42115800099998
 04/14  23:00:00,303.453412217,130.89782346200002
 04/14  24:00:00,139.595056901,90.96013595059999
 04/15  01:00:00,183.92642404,77.0973190514
 04/15  02:00:00,136.555532992,71.6024472892
 04/15  03:00:00,176.844909146,71.8039992605
 04/15  04:00:00,185.31244251599998,92.1386700123
 04/15  05:00:00,184.777834562,124.34334555299999
 04/15  06:00:00,287.580700036,178.43104567
 04/15  07:00:00,378.032462335,300.199142846
 04/15  08:00:00,415.65544039900004,424.66376910300005
 04/15  09:00:00,367.20399415,347.112805604
 04/15  10:00:00,312.455653322,300.76017358
 04/15  11:00:00,303.373013805,256.295926837
 04/15  12:00:00,302.60340022,208.90273314599997
 04/15  13:00:00,292.924862846,206.669913589
 04/15  14:00:00,293.5380223,191.729928324
 04/15  15:00:00,292.24203127,206.431385146
 04/15  16:00:00,322.760888706,186.967640728
 04/15  17:00:00,352.500540745,169.585026862
 04/15  18:00:00,417.74956188699997,192.354313285
 04/15  19:00:00,415.097266218,224.52862558900003
 04/15  20:00:00,441.37196439400003,217.72387184099998
 04/15  21:00:00,432.35330961,216.840547585
 04/15  22:00:00,379.92884757300004,290.422687724
 04/15  23:00:00,309.02353062599997,171.242136771
 04/15  24:00:00,184.627908986,97.21249208469999
 04/16  01:00:00,168.175901807,72.11701181939999
 04/16  02:00:00,140.74809341,81.4254944009
 04/16  03:00:00,176.050980061,99.8888435767
 04/16  04:00:00,150.710723617,134.560504335
 04/16  05:00:00,152.081612217,181.03884579200002
 04/16  06:00:00,312.993832436,222.38699379599998
 04/16  07:00:00,366.76118468199996,315.374665731
 04/16  08:00:00,417.739414044,421.85405994800004
 04/16  09:00:00,358.94652499,344.793395738
 04/16  10:00:00,313.583069852,295.00893873900003
 04/16  11:00:00,308.923063047,254.37256149200002
 04/16  12:00:00,309.173834706,213.30677059
 04/16  13:00:00,290.727615849,198.51124227
 04/16  14:00:00,288.210508625,189.930003085
 04/16  15:00:00,287.3828665,198.43593523799998
 04/16  16:00:00,317.555378893,185.897724515
 04/16  17:00:00,345.587899511,167.301414833
 04/16  18:00:00,406.001630899,190.770917046
 04/16  19:00:00,413.34000802800006,217.467713583
 04/16  20:00:00,446.127119559,220.86753557
 04/16  21:00:00,416.88946528199995,207.983773797
 04/16  22:00:00,365.60026134,287.98679001799997
 04/16  23:00:00,303.437386667,167.47571606
 04/16  24:00:00,228.610515298,97.26144961370001
 04/17  01:00:00,205.962749464,70.5640767484
 04/17  02:00:00,186.077539536,70.8381795208
 04/17  03:00:00,180.837361636,70.83561252770001
 04/17  04:00:00,192.848307216,90.8885512106
 04/17  05:00:00,219.71855564,162.583308813
 04/17  06:00:00,338.71278504599996,284.723678225
 04/17  07:00:00,415.56354885,388.48074922300003
 04/17  08:00:00,374.23659936300004,310.671743751
 04/17  09:00:00,343.499238756,281.40395945299997
 04/17  10:00:00,293.959109529,253.493369898
 04/17  11:00:00,294.921364151,206.881752468
 04/17  12:00:00,292.843662851,206.77376469
 04/17  13:00:00,282.284237493,199.832941734
 04/17  14:00:00,281.68036199,190.05296577
 04/17  15:00:00,280.139603671,198.333878895
 04/17  16:00:00,310.144930743,183.898151937
 04/17  17:00:00,345.713669288,190.198543993
 04/17  18:00:00,396.504444161,299.590836382
 04/17  19:00:00,406.39247480800003,223.86779239400002
 04/17  20:00:00,446.029491782,216.852085625
 04/17  21:00:00,422.22198980300004,297.628685973
 04/17  22:00:00,357.21355586,223.91321855200002
 04/17  23:00:00,292.116381356,124.759421408
 04/17  24:00:00,224.179794407,93.1872883799
 04/18  01:00:00,221.22008798,73.8412471422
 04/18  02:00:00,186.831212445,71.1180540271
 04/18  03:00:00,183.577555543,70.58650770220001
 04/18  04:00:00,193.69411830299998,90.93609925
 04/18  05:00:00,237.365792964,162.553806681
 04/18  06:00:00,343.74312752199995,284.366496209
 04/18  07:00:00,415.32816991699997,384.302595566
 04/18  08:00:00,373.346600912,314.972288098
 04/18  09:00:00,340.232281196,274.01306458
 04/18  10:00:00,291.66051796200003,253.31568338099999
 04/18  11:00:00,293.88486691599996,206.808419351
 04/18  12:00:00,292.284016433,206.85767157799998
 04/18  13:00:00,282.107674623,202.028396147
 04/18  14:00:00,283.789114805,186.364316715
 04/18  15:00:00,285.00910309200003,197.39468303299998
 04/18  16:00:00,314.64036366700003,185.69598171
 04/18  17:00:00,349.04999866199995,190.23485786400002
 04/18  18:00:00,400.12288663199996,299.504576419
 04/18  19:00:00,408.865026171,217.014794337
 04/18  20:00:00,447.489999248,217.14338842
 04/18  21:00:00,427.11525392199997,297.284799311
 04/18  22:00:00,367.38131479599997,226.419471485
 04/18  23:00:00,301.272403645,122.300322399
 04/18  24:00:00,220.199614752,97.076057908
 04/19  01:00:00,215.321417548,70.5851350345
 04/19  02:00:00,211.26687283099997,70.5246209271
 04/19  03:00:00,203.766409734,70.61627112720001
 04/19  04:00:00,188.83627502099998,90.9150947392
 04/19  05:00:00,224.48098728,162.328593246
 04/19  06:00:00,358.78167233,283.973286835
 04/19  07:00:00,413.70374771,384.326729386
 04/19  08:00:00,372.190077561,307.33298506799997
 04/19  09:00:00,344.134525951,280.62334940799997
 04/19  10:00:00,296.124742421,246.40592036400002
 04/19  11:00:00,297.30042150400004,213.19693571
 04/19  12:00:00,296.38155891599996,206.56176481
 04/19  13:00:00,287.055523786,198.10926612900002
 04/19  14:00:00,288.449908657,189.65338404599999
 04/19  15:00:00,289.917456354,196.70174422
 04/19  16:00:00,319.453820408,180.64478905
 04/19  17:00:00,355.42618239800004,191.017303462
 04/19  18:00:00,409.666404185,300.26278921200003
 04/19  19:00:00,421.20229577599997,218.054053058
 04/19  20:00:00,459.229193282,218.067073906
 04/19  21:00:00,433.59341318300005,298.442760715
 04/19  22:00:00,369.4508881,220.58653457
 04/19  23:00:00,304.791557555,132.717317098
 04/19  24:00:00,140.154353272,101.00463295
 04/20  01:00:00,189.57638354099998,89.5665099372
 04/20  02:00:00,157.035223905,98.2641315242
 04/20  03:00:00,135.311336361,105.81873462
 04/20  04:00:00,181.906141648,132.82703334200002
 04/20  05:00:00,199.87884176400001,206.948636951
 04/20  06:00:00,339.441528187,324.91939649200003
 04/20  07:00:00,415.406435374,409.52918675300003
 04/20  08:00:00,365.506272412,321.831204262
 04/20  09:00:00,355.059862635,281.187537689
 04/20  10:00:00,309.59782565,249.28041025099998
 04/20  11:00:00,309.542180116,206.916433124
 04/20  12:00:00,307.72515076400003,206.611685997
 04/20  13:00:00,299.358817598,198.143737837
 04/20  14:00:00,298.605405462,189.677279718
 04/20  15:00:00,300.24715299900004,197.97278148700002
 04/20  16:00:00,331.489116311,179.372854355
 04/20  17:00:00,366.54717077099997,189.350116602
 04/20  18:00:00,418.906398365,297.886546523
 04/20  19:00:00,425.921589956,215.680346742
 04/20  20:00:00,464.47926933699995,215.58957530200001
 04/20  21:00:00,439.301281454,295.59540879599996
 04/20  22:00:00,373.417890217,217.845817158
 04/20  23:00:00,308.62371513200003,121.33236499600001
 04/20  24:00:00,185.30676022400002,101.53606981700001
 04/21  01:00:00,169.325713238,76.4478588745
 04/21  02:00:00,138.56402815799999,91.2025314553
 04/21  03:00:00,175.74492252299999,100.399750307
 04/21  04:00:00,184.88559000200001,130.91695069899998
 04/21  05:00:00,192.356796127,207.153971368
 04/21  06:00:00,331.764428445,323.892972653
 04/21  07:00:00,423.265344247,398.87632029099996
 04/21  08:00:00,383.16685463,310.641521761
 04/21  09:00:00,351.984690717,273.37953541
 04/21  10:00:00,304.340505307,252.93329636200002
 04/21  11:00:00,307.669838135,206.564619442
 04/21  12:00:00,308.678992149,206.439023467
 04/21  13:00:00,301.65353660700004,197.983199593
 04/21  14:00:00,302.483476692,183.059278775
 04/21  15:00:00,302.403108562,197.843558688
 04/21  16:00:00,330.68716902799997,185.586047283
 04/21  17:00:00,364.664107009,182.048984806
 04/21  18:00:00,413.664460559,296.609659474
 04/21  19:00:00,424.031864518,214.47006303900002
 04/21  20:00:00,463.22560106699996,214.29570924400002
 04/21  21:00:00,438.775441936,290.352521425
 04/21  22:00:00,374.103883721,219.951683172
 04/21  23:00:00,300.065557219,122.042777986
 04/21  24:00:00,197.75919713599998,97.7725889368
 04/22  01:00:00,140.284214776,83.13274485609999
 04/22  02:00:00,176.005977965,88.9801917935
 04/22  03:00:00,178.17610253799998,95.1602893709
 04/22  04:00:00,162.549246573,121.175514553
 04/22  05:00:00,154.73050202,149.101921468
 04/22  06:00:00,312.246121253,193.873532187
 04/22  07:00:00,343.18101888900003,310.055508659
 04/22  08:00:00,409.87349628199996,424.124174733
 04/22  09:00:00,374.22113737800004,344.57192064699996
 04/22  10:00:00,320.672125929,292.16366241400004
 04/22  11:00:00,313.751600605,253.87070269900002
 04/22  12:00:00,313.512180661,207.08690333
 04/22  13:00:00,305.619751233,198.38515993599998
 04/22  14:00:00,305.440469279,189.786399688
 04/22  15:00:00,305.714564299,198.127949623
 04/22  16:00:00,335.16660113,185.74078974900002
 04/22  17:00:00,362.58451029199995,160.310610409
 04/22  18:00:00,427.648333266,189.666263409
 04/22  19:00:00,423.67713453199997,214.28164036400003
 04/22  20:00:00,447.74398048,214.332331321
 04/22  21:00:00,437.370220431,206.75200660299998
 04/22  22:00:00,384.285183109,283.511228701
 04/22  23:00:00,273.773060263,180.97030184599998
 04/22  24:00:00,137.472542369,117.431699444
 04/23  01:00:00,158.704336815,110.27208347
 04/23  02:00:00,144.40896027,117.586852834
 04/23  03:00:00,144.91243288,109.18284565399999
 04/23  04:00:00,153.088500515,121.827884993
 04/23  05:00:00,167.302044666,143.122985904
 04/23  06:00:00,310.046470869,196.59735936200002
 04/23  07:00:00,330.421283184,329.131866398
 04/23  08:00:00,397.49257626300005,445.21275078800005
 04/23  09:00:00,344.249877523,350.301989873
 04/23  10:00:00,312.41511204799997,297.965137201
 04/23  11:00:00,320.286198545,248.076711626
 04/23  12:00:00,319.617024024,206.759546001
 04/23  13:00:00,301.75081806400004,198.58454897299998
 04/23  14:00:00,301.831687876,183.45417463599998
 04/23  15:00:00,301.672328809,198.26812541799998
 04/23  16:00:00,330.784938865,179.902406112
 04/23  17:00:00,357.49575218300004,167.15304517799999
 04/23  18:00:00,417.14115249800005,183.161191391
 04/23  19:00:00,423.19445340199997,213.889917401
 04/23  20:00:00,456.275932805,214.60864322900002
 04/23  21:00:00,427.94183559199996,206.7222101
 04/23  22:00:00,361.65492123900003,297.45580084799997
 04/23  23:00:00,259.03926349799997,187.929333685
 04/23  24:00:00,145.551377541,130.913260174
 04/24  01:00:00,136.431179198,120.312885064
 04/24  02:00:00,131.430762598,114.51101593
 04/24  03:00:00,175.51236204900002,105.22503379700001
 04/24  04:00:00,118.823081558,119.197314155
 04/24  05:00:00,214.875202377,179.560934996
 04/24  06:00:00,311.534231081,296.100376301
 04/24  07:00:00,383.100428585,421.44272519300006
 04/24  08:00:00,331.31857316,334.762796777
 04/24  09:00:00,317.3474226,281.045111066
 04/24  10:00:00,304.901563516,247.56600761299998
 04/24  11:00:00,312.083984418,207.78185927200002
 04/24  12:00:00,311.68815001900003,207.30737783900003
 04/24  13:00:00,301.93994948200003,198.67586668400003
 04/24  14:00:00,302.74245789,183.548209277
 04/24  15:00:00,302.789789905,198.277786303
 04/24  16:00:00,332.880715312,179.273332152
 04/24  17:00:00,366.96988254300004,181.94070848200002
 04/24  18:00:00,418.52079045,293.330121563
 04/24  19:00:00,427.84026430800003,209.441185847
 04/24  20:00:00,464.54371811,214.451937948
 04/24  21:00:00,440.813973368,295.29167309900004
 04/24  22:00:00,343.186837597,239.510342712
 04/24  23:00:00,243.194563519,156.274851162
 04/24  24:00:00,131.287952211,136.226919011
 04/25  01:00:00,134.432699861,119.87549420299999
 04/25  02:00:00,180.26025017900002,112.05808580799999
 04/25  03:00:00,111.78269160100001,103.430695574
 04/25  04:00:00,165.20351561,116.55623439700001
 04/25  05:00:00,169.64474078700002,179.543658656
 04/25  06:00:00,337.738167435,294.635087049
 04/25  07:00:00,387.700838234,408.657974976
 04/25  08:00:00,352.617497455,320.655327883
 04/25  09:00:00,353.52657291199995,269.489576386
 04/25  10:00:00,312.449749725,248.532695091
 04/25  11:00:00,313.945406453,202.518978965
 04/25  12:00:00,314.918483793,206.59313381200002
 04/25  13:00:00,304.85158402900004,197.9424582
 04/25  14:00:00,304.524704006,182.880003327
 04/25  15:00:00,304.189968771,197.628355125
 04/25  16:00:00,333.86890731299997,179.18947781900002
 04/25  17:00:00,368.612950576,181.53625190099999
 04/25  18:00:00,419.486526392,287.639872019
 04/25  19:00:00,424.77174265599996,213.541084914
 04/25  20:00:00,463.671663729,213.383644459
 04/25  21:00:00,438.868037834,284.574440533
 04/25  22:00:00,374.12398390199996,217.058550705
 04/25  23:00:00,289.730849946,124.539396015
 04/25  24:00:00,185.66232486,100.637713242
 04/26  01:00:00,168.986444286,79.2318415142
 04/26  02:00:00,137.712339781,90.1349759851
 04/26  03:00:00,175.91866855400002,94.1829360926
 04/26  04:00:00,186.07071862599997,117.768159256
 04/26  05:00:00,169.089840143,182.341970645
 04/26  06:00:00,351.48719463300006,308.430564557
 04/26  07:00:00,402.637084482,400.287031291
 04/26  08:00:00,370.115607413,308.684613684
 04/26  09:00:00,358.170362038,272.447664503
 04/26  10:00:00,311.495671239,245.759475334
 04/26  11:00:00,313.59169111799997,206.387798383
 04/26  12:00:00,313.52622589099997,206.12786338200002
 04/26  13:00:00,303.737754385,191.191259029
 04/26  14:00:00,303.685265006,189.230874931
 04/26  15:00:00,303.17157177400003,191.064114367
 04/26  16:00:00,331.858347047,179.151507676
 04/26  17:00:00,366.52029629199995,181.35828035900002
 04/26  18:00:00,418.561182041,287.194070737
 04/26  19:00:00,425.696344404,213.236161132
 04/26  20:00:00,466.189418006,212.235855875
 04/26  21:00:00,439.92455139300006,284.950170064
 04/26  22:00:00,374.34972947800003,207.886785793
 04/26  23:00:00,308.770606173,118.993294389
 04/26  24:00:00,184.77563172599997,90.5512456176
 04/27  01:00:00,193.36709891400002,71.16867069140001
 04/27  02:00:00,138.026435806,70.4239240582
 04/27  03:00:00,157.99451972,78.1220526403
 04/27  04:00:00,183.717980119,105.88014008299999
 04/27  05:00:00,213.89148331,175.216256012
 04/27  06:00:00,316.386855152,297.65496890400004
 04/27  07:00:00,420.253018455,389.182502505
 04/27  08:00:00,380.61781194699995,306.990209478
 04/27  09:00:00,356.266826076,272.096132388
 04/27  10:00:00,309.66015105400004,245.384567111
 04/27  11:00:00,311.744839738,206.194216962
 04/27  12:00:00,311.684775502,199.57714100599998
 04/27  13:00:00,302.55519729,197.60914614799998
 04/27  14:00:00,302.093242737,182.679523052
 04/27  15:00:00,301.922666003,191.047724626
 04/27  16:00:00,331.316216892,179.112524519
 04/27  17:00:00,366.83713514199997,181.462294731
 04/27  18:00:00,418.63320471,289.068798317
 04/27  19:00:00,424.25334262900003,211.241032787
 04/27  20:00:00,460.43124512599996,207.43326995299998
 04/27  21:00:00,432.445263698,283.135112194
 04/27  22:00:00,368.27419473300006,214.33375221900002
 04/27  23:00:00,303.299916613,119.113062849
 04/27  24:00:00,196.40296470200002,90.50814952530001
 04/28  01:00:00,194.662339245,64.25233714859999
 04/28  02:00:00,169.734214622,70.53982381520001
 04/28  03:00:00,168.63624971,64.498835161
 04/28  04:00:00,175.501922734,91.0352978235
 04/28  05:00:00,199.68122569,154.800726768
 04/28  06:00:00,331.70887946700003,272.829675621
 04/28  07:00:00,420.51738477699996,365.31424500300005
 04/28  08:00:00,379.802556155,302.079384148
 04/28  09:00:00,351.454649477,271.880404422
 04/28  10:00:00,303.72847967900003,241.49429904599998
 04/28  11:00:00,304.92364761,203.58335180900002
 04/28  12:00:00,304.145524532,206.399548085
 04/28  13:00:00,294.156536926,191.49725082
 04/28  14:00:00,293.795333417,183.191608225
 04/28  15:00:00,295.032382498,197.9768778
 04/28  16:00:00,325.512846762,179.08383602700002
 04/28  17:00:00,360.058986572,182.37100044
 04/28  18:00:00,412.37583272800003,288.09597897
 04/28  19:00:00,420.295881795,207.689484677
 04/28  20:00:00,463.03432958,207.650687212
 04/28  21:00:00,438.94578106,285.121271937
 04/28  22:00:00,375.233410989,218.24847037
 04/28  23:00:00,293.544381935,126.31364159200001
 04/28  24:00:00,133.281148077,91.20657242799999
 04/29  01:00:00,163.198596094,79.7180052733
 04/29  02:00:00,155.88733332700002,75.3705201542
 04/29  03:00:00,177.61866503099998,82.8406531249
 04/29  04:00:00,140.48064321200002,103.78196164100001
 04/29  05:00:00,175.256115122,122.371986618
 04/29  06:00:00,313.48401953,181.18672333
 04/29  07:00:00,372.47540580099997,289.492952077
 04/29  08:00:00,419.92579432599996,398.31493126199996
 04/29  09:00:00,372.045850588,333.599752227
 04/29  10:00:00,316.60920041099996,282.439456118
 04/29  11:00:00,307.379911975,247.51703993400002
 04/29  12:00:00,306.04825140599996,208.102647468
 04/29  13:00:00,294.012504207,199.719977512
 04/29  14:00:00,291.091743108,184.917555578
 04/29  15:00:00,289.669236061,199.806224804
 04/29  16:00:00,319.567204443,181.390993286
 04/29  17:00:00,348.94160126699995,163.475174369
 04/29  18:00:00,415.12423588300004,185.249674692
 04/29  19:00:00,410.79106243900003,208.917362817
 04/29  20:00:00,439.183015502,213.62690886400003
 04/29  21:00:00,428.67561970599996,203.555790638
 04/29  22:00:00,376.365030234,271.910341723
 04/29  23:00:00,305.305796145,171.695989139
 04/29  24:00:00,158.37947514299998,84.2105073013
 04/30  01:00:00,182.981045897,70.356323053
 04/30  02:00:00,181.173331493,70.37468388810001
 04/30  03:00:00,173.95776565,64.2678057467
 04/30  04:00:00,188.972073977,90.4454994127
 04/30  05:00:00,181.34783129599998,116.50549487
 04/30  06:00:00,317.388855177,163.588772646
 04/30  07:00:00,382.717613051,287.962943093
 04/30  08:00:00,411.346006591,399.30664674199994
 04/30  09:00:00,352.31251647199997,328.780800332
 04/30  10:00:00,307.044881833,288.861327333
 04/30  11:00:00,303.755246816,241.885488415
 04/30  12:00:00,303.071072681,207.12617686
 04/30  13:00:00,285.8422405,192.485123299
 04/30  14:00:00,285.350216915,183.851823067
 04/30  15:00:00,283.958574989,196.731318687
 04/30  16:00:00,314.108279547,175.308520103
 04/30  17:00:00,341.45480936,162.877369612
 04/30  18:00:00,400.30218841699997,187.14517152099998
 04/30  19:00:00,402.69038449199996,212.815554582
 04/30  20:00:00,440.417828667,203.55428982400002
 04/30  21:00:00,413.037761069,205.203247248
 04/30  22:00:00,361.23038708800004,272.598426887
 04/30  23:00:00,301.925934399,163.406862333
 04/30  24:00:00,204.177911187,90.8899704767
 05/01  01:00:00,150.32611198,71.869431101
 05/01  02:00:00,156.830153276,98.5888325936
 05/01  03:00:00,176.115076438,126.29960113
 05/01  04:00:00,162.244976888,187.52889114
 05/01  05:00:00,170.279377437,234.793442322
 05/01  06:00:00,341.517143943,326.896731084
 05/01  07:00:00,401.90485595300004,410.439947066
 05/01  08:00:00,375.18712520199995,300.939247319
 05/01  09:00:00,357.69155438300004,271.722762116
 05/01  10:00:00,311.600229621,239.087632672
 05/01  11:00:00,313.448426806,206.647909525
 05/01  12:00:00,312.94517833,199.714550356
 05/01  13:00:00,303.816218563,191.04086070900001
 05/01  14:00:00,304.272995876,182.58126576900003
 05/01  15:00:00,304.234300068,190.890905795
 05/01  16:00:00,333.444550881,178.971989675
 05/01  17:00:00,368.18498707099997,181.300162993
 05/01  18:00:00,420.34003323900004,284.645524216
 05/01  19:00:00,426.196059699,207.519703328
 05/01  20:00:00,464.488127141,206.02002261799998
 05/01  21:00:00,436.88665601599996,275.234947838
 05/01  22:00:00,370.75346632599997,213.817923475
 05/01  23:00:00,305.138152255,113.731177968
 05/01  24:00:00,189.41664656700002,90.36073925129999
 05/02  01:00:00,196.876896149,64.1800602814
 05/02  02:00:00,170.054342502,67.7349727479
 05/02  03:00:00,167.870894837,67.4514950214
 05/02  04:00:00,163.93720017,86.3621070108
 05/02  05:00:00,203.64024476900002,158.14063906799998
 05/02  06:00:00,330.04022328599996,274.571200627
 05/02  07:00:00,421.623763606,358.265116495
 05/02  08:00:00,380.437499882,299.0494653
 05/02  09:00:00,351.010998777,264.003276591
 05/02  10:00:00,303.67068491,238.03545935
 05/02  11:00:00,306.52340286599997,205.83860287599998
 05/02  12:00:00,307.336708016,199.283373637
 05/02  13:00:00,298.542619126,190.862366945
 05/02  14:00:00,296.25038667,182.42781880200002
 05/02  15:00:00,294.525622511,190.75909464400002
 05/02  16:00:00,325.64485780900003,178.932850632
 05/02  17:00:00,361.10123272199996,181.42220578400003
 05/02  18:00:00,410.62363747300003,278.864442185
 05/02  19:00:00,413.450421913,206.3845632
 05/02  20:00:00,452.215329742,206.27810966599998
 05/02  21:00:00,427.89029289300004,282.848301424
 05/02  22:00:00,363.935147894,207.83957095
 05/02  23:00:00,299.664219346,113.436919126
 05/02  24:00:00,209.12709640900002,90.33160112200001
 05/03  01:00:00,187.177600377,64.4460084456
 05/03  02:00:00,173.087830756,67.7495438688
 05/03  03:00:00,169.811316474,67.2213441026
 05/03  04:00:00,175.243542025,84.3598720648
 05/03  05:00:00,203.529529731,154.329486045
 05/03  06:00:00,339.035259366,266.274840734
 05/03  07:00:00,420.416103464,363.49089008
 05/03  08:00:00,378.31850387400004,292.922773537
 05/03  09:00:00,349.99707267900004,263.778198417
 05/03  10:00:00,301.575451832,244.65908242
 05/03  11:00:00,302.951028743,199.332661078
 05/03  12:00:00,302.230652445,199.24315021299998
 05/03  13:00:00,291.066262615,190.814404567
 05/03  14:00:00,288.57324927,182.372459538
 05/03  15:00:00,290.14431786,190.696583505
 05/03  16:00:00,319.922399745,178.89465146900002
 05/03  17:00:00,355.55378660900004,176.646434142
 05/03  18:00:00,407.593201664,284.446723531
 05/03  19:00:00,415.835719013,206.644587529
 05/03  20:00:00,457.791526538,206.612088819
 05/03  21:00:00,434.280166614,275.457260974
 05/03  22:00:00,370.267774254,208.17227421799998
 05/03  23:00:00,304.06237895099997,119.02150210100001
 05/03  24:00:00,210.982053167,85.3676131217
 05/04  01:00:00,189.477460985,64.4731063481
 05/04  02:00:00,177.982071048,70.28545839659999
 05/04  03:00:00,187.08919984,64.1705094912
 05/04  04:00:00,193.761634904,84.0886860997
 05/04  05:00:00,199.646680279,153.981076288
 05/04  06:00:00,332.975550872,263.09147036
 05/04  07:00:00,416.04021727699995,363.199004044
 05/04  08:00:00,373.547103611,292.902870486
 05/04  09:00:00,344.270859135,263.609675231
 05/04  10:00:00,296.220624034,237.837498853
 05/04  11:00:00,296.670786287,199.30437094
 05/04  12:00:00,297.353091685,199.208914796
 05/04  13:00:00,289.469420027,190.77223563400003
 05/04  14:00:00,288.132950717,182.32283673599997
 05/04  15:00:00,286.938923058,190.639896503
 05/04  16:00:00,316.91978293,178.85959988599998
 05/04  17:00:00,354.17809449599997,175.66696462
 05/04  18:00:00,407.187827089,286.59412592
 05/04  19:00:00,414.249993031,204.527474365
 05/04  20:00:00,456.469121165,203.707638778
 05/04  21:00:00,432.44230198599996,277.176904898
 05/04  22:00:00,368.39740245699994,208.02560635
 05/04  23:00:00,302.451059186,121.316122131
 05/04  24:00:00,208.154448244,84.0462749405
 05/05  01:00:00,200.004846579,64.1277196977
 05/05  02:00:00,174.279914925,70.5709113637
 05/05  03:00:00,171.734422905,64.4896841293
 05/05  04:00:00,188.255253856,84.0504482809
 05/05  05:00:00,215.608313015,153.883872599
 05/05  06:00:00,322.75200023900004,262.802376
 05/05  07:00:00,417.90362098400004,356.925890684
 05/05  08:00:00,377.12415341300004,293.575254552
 05/05  09:00:00,348.535453675,261.684185325
 05/05  10:00:00,299.945113897,244.412670091
 05/05  11:00:00,301.243544831,199.19291756299998
 05/05  12:00:00,303.787799585,199.089632771
 05/05  13:00:00,296.581889533,190.648874503
 05/05  14:00:00,299.508328857,182.196714206
 05/05  15:00:00,298.42588326,184.706072234
 05/05  16:00:00,325.606427119,178.243442703
 05/05  17:00:00,362.662699987,175.840194553
 05/05  18:00:00,418.07937989,286.331965824
 05/05  19:00:00,424.17678272800003,201.17548647
 05/05  20:00:00,463.481951662,207.61836563900002
 05/05  21:00:00,436.705681613,276.113853633
 05/05  22:00:00,371.780286964,209.24325397799998
 05/05  23:00:00,306.259801978,115.38204437799999
 05/05  24:00:00,184.73950424400002,90.21731526129999
 05/06  01:00:00,188.75537141700002,66.0689771573
 05/06  02:00:00,168.639150926,73.1783973965
 05/06  03:00:00,167.190101542,81.45289320810001
 05/06  04:00:00,173.14359951900002,113.75937462799999
 05/06  05:00:00,196.78682423900003,140.840381148
 05/06  06:00:00,289.04505267400003,193.216882555
 05/06  07:00:00,378.23231752699996,286.22034466900004
 05/06  08:00:00,412.356844608,387.91701697
 05/06  09:00:00,364.459849385,321.660992546
 05/06  10:00:00,311.710647267,274.147796168
 05/06  11:00:00,304.76690610599996,244.631496257
 05/06  12:00:00,305.79485872099997,199.261831389
 05/06  13:00:00,300.668585538,190.835119105
 05/06  14:00:00,304.27861196599997,182.399806412
 05/06  15:00:00,305.527648487,190.729625962
 05/06  16:00:00,336.99129197900004,178.871238035
 05/06  17:00:00,364.54149331699995,153.514976513
 05/06  18:00:00,429.203056768,183.091748507
 05/06  19:00:00,422.624985789,206.59407900099998
 05/06  20:00:00,448.675959916,199.946940885
 05/06  21:00:00,437.542950585,198.919562618
 05/06  22:00:00,384.064957524,266.16841511900003
 05/06  23:00:00,312.220861624,152.108998846
 05/06  24:00:00,207.99727811,88.83389198430001
 05/07  01:00:00,199.65103274900002,65.5262438162
 05/07  02:00:00,153.061653137,68.2144515906
 05/07  03:00:00,195.50826366,75.7251820125
 05/07  04:00:00,136.350787317,109.89602229200001
 05/07  05:00:00,208.962227635,136.507328521
 05/07  06:00:00,298.23255579700003,190.824268302
 05/07  07:00:00,389.117553436,294.571829169
 05/07  08:00:00,414.326808056,387.513352419
 05/07  09:00:00,354.790526005,322.04477687
 05/07  10:00:00,312.658802944,273.720672315
 05/07  11:00:00,312.282545554,244.505710575
 05/07  12:00:00,316.883029082,198.959284817
 05/07  13:00:00,301.591929274,190.32947913799998
 05/07  14:00:00,302.036828535,176.013549554
 05/07  15:00:00,302.33086901400003,190.445231099
 05/07  16:00:00,332.59645998400003,172.542052316
 05/07  17:00:00,361.180166274,159.542103509
 05/07  18:00:00,421.033115481,176.015282738
 05/07  19:00:00,423.235572736,205.80552044799998
 05/07  20:00:00,455.44571545800005,198.987796537
 05/07  21:00:00,423.561879085,192.986112327
 05/07  22:00:00,370.819201831,263.59718421599996
 05/07  23:00:00,308.751827218,151.161328875
 05/07  24:00:00,218.074810687,90.2380214263
 05/08  01:00:00,199.104771793,64.0661133507
 05/08  02:00:00,181.032688023,65.6342872044
 05/08  03:00:00,168.316022232,72.8134980366
 05/08  04:00:00,174.12179508,100.81119998700001
 05/08  05:00:00,202.040506797,178.059557722
 05/08  06:00:00,318.31826852,280.468937784
 05/08  07:00:00,422.562283916,362.856933117
 05/08  08:00:00,379.943232352,287.597208716
 05/08  09:00:00,352.06757817199997,262.799756758
 05/08  10:00:00,305.577109377,237.36840694900002
 05/08  11:00:00,305.459202699,199.02300486
 05/08  12:00:00,309.41303533,198.901990802
 05/08  13:00:00,304.741424353,184.06889313099998
 05/08  14:00:00,304.74653826900004,182.070647992
 05/08  15:00:00,304.55594381099996,190.362926215
 05/08  16:00:00,333.08581327900004,172.49842749099997
 05/08  17:00:00,368.130882155,174.56807212200002
 05/08  18:00:00,418.91031219,277.424313345
 05/08  19:00:00,424.04389329599996,205.88508458299998
 05/08  20:00:00,462.31912946,198.989548055
 05/08  21:00:00,436.30505712400003,273.647813903
 05/08  22:00:00,371.898290661,200.287879914
 05/08  23:00:00,305.863193022,113.699036154
 05/08  24:00:00,209.88684757599998,87.84888109629999
 05/09  01:00:00,196.676945955,66.2672520128
 05/09  02:00:00,183.568671936,64.1281991334
 05/09  03:00:00,180.386129278,64.0622010833
 05/09  04:00:00,178.38315965700002,84.22548340649999
 05/09  05:00:00,221.15400720099998,146.87138913200002
 05/09  06:00:00,330.90623247900004,261.309642398
 05/09  07:00:00,420.17428818400003,351.389797802
 05/09  08:00:00,379.945436061,283.49720326700003
 05/09  09:00:00,350.969826062,262.602511332
 05/09  10:00:00,304.025640499,237.251787537
 05/09  11:00:00,305.49525411400003,198.958047437
 05/09  12:00:00,304.829467643,195.288113627
 05/09  13:00:00,295.792339089,187.599121785
 05/09  14:00:00,297.39984478900004,181.986538179
 05/09  15:00:00,297.27962522400003,183.91846333
 05/09  16:00:00,325.81479796,178.68227992200002
 05/09  17:00:00,362.350418946,174.671279829
 05/09  18:00:00,416.51412692800005,274.56385878599997
 05/09  19:00:00,421.040541417,201.908845368
 05/09  20:00:00,455.792294816,199.266851383
 05/09  21:00:00,433.23814276699994,273.67841686
 05/09  22:00:00,367.887354132,200.49647787
 05/09  23:00:00,301.78970185,114.045268566
 05/09  24:00:00,246.301086427,83.888815662
 05/10  01:00:00,233.16145625099998,64.5160118471
 05/10  02:00:00,202.500791083,65.70246662640001
 05/10  03:00:00,197.614337275,65.3276308827
 05/10  04:00:00,210.779286893,86.5912584023
 05/10  05:00:00,243.37360907099998,146.737998751
 05/10  06:00:00,338.898292493,253.57616903
 05/10  07:00:00,411.77624974099996,351.362645661
 05/10  08:00:00,371.340965115,290.787173397
 05/10  09:00:00,343.142157983,255.42359346700002
 05/10  10:00:00,296.890041925,237.133751596
 05/10  11:00:00,299.464479599,198.909957418
 05/10  12:00:00,300.309532654,195.86777422900002
 05/10  13:00:00,292.040152079,186.90467231099998
 05/10  14:00:00,291.875103438,181.920761435
 05/10  15:00:00,291.173004447,183.879416799
 05/10  16:00:00,319.954546995,172.43861657099998
 05/10  17:00:00,355.09987529800003,174.75006859200002
 05/10  18:00:00,406.928623351,277.462137218
 05/10  19:00:00,414.90577782,199.47860278599998
 05/10  20:00:00,452.41693472300005,201.83501231099999
 05/10  21:00:00,429.350989192,271.23676454099996
 05/10  22:00:00,362.685189373,200.76862178
 05/10  23:00:00,296.74070544799997,114.496246821
 05/10  24:00:00,251.08344381700002,83.8565002983
 05/11  01:00:00,235.059730855,64.0639054636
 05/11  02:00:00,211.40836081900002,64.0126188432
 05/11  03:00:00,207.63598461900003,64.0128433773
 05/11  04:00:00,215.894598357,84.0045714167
 05/11  05:00:00,252.892928643,146.632581175
 05/11  06:00:00,348.936525431,260.624973555
 05/11  07:00:00,410.79666880900004,349.42362871800003
 05/11  08:00:00,370.22194143,284.909616238
 05/11  09:00:00,339.864458725,255.21741156299998
 05/11  10:00:00,290.635509115,237.024403022
 05/11  11:00:00,291.574097493,198.858510463
 05/11  12:00:00,291.169755533,194.160982445
 05/11  13:00:00,281.620919963,188.498274785
 05/11  14:00:00,280.457065612,175.71099939099997
 05/11  15:00:00,278.335481629,189.97586667099998
 05/11  16:00:00,308.371226024,172.407096213
 05/11  17:00:00,343.754349321,174.645326968
 05/11  18:00:00,396.726660228,275.508541308
 05/11  19:00:00,401.20576872199996,200.97276092200002
 05/11  20:00:00,438.711882936,199.399595317
 05/11  21:00:00,419.758761732,266.09564565
 05/11  22:00:00,354.748870205,205.588598864
 05/11  23:00:00,289.74921267,110.14871490799999
 05/11  24:00:00,258.532255346,83.8284617115
 05/12  01:00:00,241.58688778799998,64.00149592470001
 05/12  02:00:00,215.30862134,63.9941549996
 05/12  03:00:00,210.36137647299998,63.99206595850001
 05/12  04:00:00,217.985382904,83.9825350347
 05/12  05:00:00,254.127938744,146.52216755799998
 05/12  06:00:00,345.796533077,253.397874097
 05/12  07:00:00,411.471439061,350.60350277
 05/12  08:00:00,368.775738359,283.247007252
 05/12  09:00:00,338.11338701799997,261.63050854
 05/12  10:00:00,289.699532832,230.24080283799998
 05/12  11:00:00,292.27954986,198.82495423400002
 05/12  12:00:00,293.482576948,198.67897177700002
 05/12  13:00:00,285.840537944,183.87301485900002
 05/12  14:00:00,284.88189240599996,176.26666882400002
 05/12  15:00:00,282.724983206,189.308566595
 05/12  16:00:00,314.242327762,172.373052174
 05/12  17:00:00,349.638801082,174.837653636
 05/12  18:00:00,402.06313715199997,270.120070813
 05/12  19:00:00,407.29935640199994,201.164886755
 05/12  20:00:00,443.749105588,198.320280962
 05/12  21:00:00,421.47644721300003,273.602733248
 05/12  22:00:00,356.74866795300005,201.004522028
 05/12  23:00:00,291.67601602400003,115.00718202
 05/12  24:00:00,257.776314791,82.5881876958
 05/13  01:00:00,241.705051864,59.101203112600004
 05/13  02:00:00,217.54386000099998,63.9810160206
 05/13  03:00:00,221.39781013400003,63.9679097282
 05/13  04:00:00,222.30190618700001,83.8824094033
 05/13  05:00:00,218.64237022900002,109.48632004
 05/13  06:00:00,311.58284737400004,155.157119441
 05/13  07:00:00,366.930691311,269.589017206
 05/13  08:00:00,403.02261313800005,381.82803038800006
 05/13  09:00:00,356.42799667099996,313.918308622
 05/13  10:00:00,305.571107025,271.519011138
 05/13  11:00:00,297.896421029,235.733967555
 05/13  12:00:00,299.01659414,193.766058298
 05/13  13:00:00,290.65957350599996,190.43123673
 05/13  14:00:00,289.839315404,180.24385621599998
 05/13  15:00:00,287.900332489,185.639402264
 05/13  16:00:00,317.532333643,172.418389217
 05/13  17:00:00,347.151881408,153.532203339
 05/13  18:00:00,411.656774924,182.77242770200002
 05/13  19:00:00,403.72768274599997,198.563277721
 05/13  20:00:00,427.32815414699996,194.986727506
 05/13  21:00:00,419.538418812,192.295668015
 05/13  22:00:00,366.975455502,257.61281180099996
 05/13  23:00:00,296.185152616,152.64484184100002
 05/13  24:00:00,260.729588524,83.76048353600001
 05/14  01:00:00,257.291379294,64.06503138779999
 05/14  02:00:00,227.2376335,64.5278265405
 05/14  03:00:00,219.88300681099997,64.52511501779999
 05/14  04:00:00,221.924069001,84.2432630032
 05/14  05:00:00,232.02520106400002,109.93138657899999
 05/14  06:00:00,309.66722833299997,155.32068883600002
 05/14  07:00:00,377.52971456,269.609366966
 05/14  08:00:00,408.253319557,379.23344703199996
 05/14  09:00:00,353.249283505,314.89265635099997
 05/14  10:00:00,308.453244542,271.997686944
 05/14  11:00:00,304.325725451,230.295215374
 05/14  12:00:00,303.92147009400003,198.603703999
 05/14  13:00:00,285.45452398,183.841310023
 05/14  14:00:00,284.464384675,181.7063431
 05/14  15:00:00,281.635138751,183.65899061599998
 05/14  16:00:00,311.010369356,172.307017213
 05/14  17:00:00,345.02884555599996,153.608356736
 05/14  18:00:00,408.35091113199996,176.92063597
 05/14  19:00:00,411.590046308,199.62744061900003
 05/14  20:00:00,444.732268767,193.076829989
 05/14  21:00:00,419.064359759,192.25947708900003
 05/14  22:00:00,369.25036416300003,257.706719233
 05/14  23:00:00,308.339497698,149.57329105
 05/14  24:00:00,215.33750579099998,80.68604741909999
 05/15  01:00:00,192.836745423,63.8233872993
 05/15  02:00:00,172.096342025,64.4975494215
 05/15  03:00:00,170.34196542,64.6545450892
 05/15  04:00:00,176.388293817,84.8019332258
 05/15  05:00:00,205.244395878,140.337937319
 05/15  06:00:00,337.645262557,251.94223808200002
 05/15  07:00:00,423.916689973,351.09835545699997
 05/15  08:00:00,381.96077337800006,281.80633705099996
 05/15  09:00:00,349.225110052,252.79842101
 05/15  10:00:00,298.048148606,232.14192412
 05/15  11:00:00,299.180479963,192.215511869
 05/15  12:00:00,300.87540574900004,198.538845753
 05/15  13:00:00,296.732929006,183.698101014
 05/15  14:00:00,298.063313079,175.263850119
 05/15  15:00:00,296.20363815,184.38743557400002
 05/15  16:00:00,324.828835213,172.524877697
 05/15  17:00:00,358.765409027,174.117969166
 05/15  18:00:00,410.820963555,270.21276594799997
 05/15  19:00:00,417.305160329,200.265597514
 05/15  20:00:00,454.66777523400003,200.39587322
 05/15  21:00:00,432.48806024199996,266.429181449
 05/15  22:00:00,367.66948510300006,199.424827542
 05/15  23:00:00,302.254538681,112.11062064299999
 05/15  24:00:00,210.28565868099997,83.6898368471
 05/16  01:00:00,196.411028975,63.9259424652
 05/16  02:00:00,176.04464439,57.9820285237
 05/16  03:00:00,185.40844954599999,64.0845362735
 05/16  04:00:00,186.598337343,87.1514399596
 05/16  05:00:00,215.104081244,154.68135633
 05/16  06:00:00,327.657367689,255.53837830000003
 05/16  07:00:00,419.53219623800004,350.955864137
 05/16  08:00:00,379.293671613,279.107483738
 05/16  09:00:00,349.677971128,250.410562046
 05/16  10:00:00,301.666388911,236.45973397
 05/16  11:00:00,304.267990423,192.18870084
 05/16  12:00:00,309.09733160400003,194.090821463
 05/16  13:00:00,304.073183455,188.01051695700002
 05/16  14:00:00,300.78231032900004,175.21578504299998
 05/16  15:00:00,296.350424768,183.54520452
 05/16  16:00:00,323.714087065,172.245193621
 05/16  17:00:00,357.795965164,168.84184028
 05/16  18:00:00,409.94434360800005,270.14905406
 05/16  19:00:00,414.525723969,200.291281896
 05/16  20:00:00,454.504524693,200.421485659
 05/16  21:00:00,433.83986528199995,266.263307413
 05/16  22:00:00,368.03491320300003,194.88237892599997
 05/16  23:00:00,302.535374069,116.391966953
 05/16  24:00:00,209.658547068,83.66879586729999
 05/17  01:00:00,187.278059687,58.4521800618
 05/17  02:00:00,175.508251915,64.0296563182
 05/17  03:00:00,178.38664573,64.0230519917
 05/17  04:00:00,176.318218832,81.4422807515
 05/17  05:00:00,219.49820890200002,154.703040202
 05/17  06:00:00,326.307504323,261.97290206599996
 05/17  07:00:00,418.96756930099997,342.656526526
 05/17  08:00:00,379.18378987,281.337740846
 05/17  09:00:00,351.97020272199995,247.90703401
 05/17  10:00:00,304.652552368,235.567462435
 05/17  11:00:00,305.893725746,192.899875529
 05/17  12:00:00,305.934516945,192.01947312400003
 05/17  13:00:00,298.07139474,183.58418512
 05/17  14:00:00,298.882650431,175.16211125599997
 05/17  15:00:00,300.75650347,184.624390598
 05/17  16:00:00,330.832446079,171.115327702
 05/17  17:00:00,365.77654795800004,175.072640277
 05/17  18:00:00,415.780978151,269.65296785099997
 05/17  19:00:00,420.764434275,193.237046684
 05/17  20:00:00,458.744097395,200.156926545
 05/17  21:00:00,435.26435770300003,265.740715046
 05/17  22:00:00,369.99943581900004,194.53570651400003
 05/17  23:00:00,304.281485444,116.13545914
 05/17  24:00:00,238.125309939,77.4580853276
 05/18  01:00:00,227.950684835,63.893668839899995
 05/18  02:00:00,196.540837049,63.8936393144
 05/18  03:00:00,192.721796997,57.836997007600004
 05/18  04:00:00,208.02985647,83.69909542100001
 05/18  05:00:00,241.32003198299998,142.798453988
 05/18  06:00:00,331.829345613,247.159183689
 05/18  07:00:00,414.761579109,341.818333101
 05/18  08:00:00,374.62647178300006,281.790193413
 05/18  09:00:00,348.651273062,249.63492174099997
 05/18  10:00:00,301.81904057099996,233.725404682
 05/18  11:00:00,303.031192776,192.085114502
 05/18  12:00:00,303.717077978,191.96768001900003
 05/18  13:00:00,295.777939054,183.53558469599997
 05/18  14:00:00,295.56079594700003,175.11004167299998
 05/18  15:00:00,295.15169219999996,183.43874993400001
 05/18  16:00:00,324.416647907,172.18308257400003
 05/18  17:00:00,359.541305828,168.57554637299998
 05/18  18:00:00,410.338152229,269.540525302
 05/18  19:00:00,416.55984310300005,199.935265233
 05/18  20:00:00,453.85251826800004,193.431116005
 05/18  21:00:00,430.03141358,265.574281608
 05/18  22:00:00,364.95154409199995,194.520409005
 05/18  23:00:00,299.87653806099996,116.27684477700001
 05/18  24:00:00,231.398942594,77.43127658520001
 05/19  01:00:00,224.21384369400002,63.8778721171
 05/19  02:00:00,192.50273983900001,63.87358045
 05/19  03:00:00,182.44633581,57.9291384544
 05/19  04:00:00,198.602636815,83.807132561
 05/19  05:00:00,232.40021573400003,139.460602615
 05/19  06:00:00,331.20560213,250.62700354700002
 05/19  07:00:00,415.86567503,340.90635335
 05/19  08:00:00,375.968113094,274.72905028099996
 05/19  09:00:00,348.68978908099996,253.778223441
 05/19  10:00:00,299.91830647,229.51303645299998
 05/19  11:00:00,301.147717783,192.024455935
 05/19  12:00:00,301.886029822,191.91706634099998
 05/19  13:00:00,293.812389928,183.484978267
 05/19  14:00:00,295.44496744599996,175.060773853
 05/19  15:00:00,294.601405493,183.38926861099998
 05/19  16:00:00,323.995172987,172.153704895
 05/19  17:00:00,360.230021554,168.680184353
 05/19  18:00:00,414.228249919,269.51201393599996
 05/19  19:00:00,421.359296855,193.370520643
 05/19  20:00:00,454.992342297,199.950645809
 05/19  21:00:00,429.977388235,258.553999922
 05/19  22:00:00,364.46456260900004,201.035009202
 05/19  23:00:00,299.176723572,110.626921744
 05/19  24:00:00,232.566436825,77.40316086909999
 05/20  01:00:00,222.34499958599997,63.8620941792
 05/20  02:00:00,202.47693222200002,63.8585366467
 05/20  03:00:00,213.816551255,57.8043968649
 05/20  04:00:00,220.93544323,83.5372968824
 05/20  05:00:00,216.505934434,102.73535549799999
 05/20  06:00:00,306.029002869,154.477496597
 05/20  07:00:00,372.03454212400004,262.69906654
 05/20  08:00:00,409.23276677,370.17954129300006
 05/20  09:00:00,362.290713325,303.322662973
 05/20  10:00:00,308.652943972,270.139256672
 05/20  11:00:00,301.820917199,229.789259007
 05/20  12:00:00,302.885340216,192.07058667200002
 05/20  13:00:00,296.639867944,183.627128158
 05/20  14:00:00,297.782066595,175.198471523
 05/20  15:00:00,294.663370322,184.33165059900003
 05/20  16:00:00,323.68453057799996,171.413586411
 05/20  17:00:00,353.86473827599997,153.613283641
 05/20  18:00:00,419.37066721300005,176.06342369
 05/20  19:00:00,410.46020706,194.152435582
 05/20  20:00:00,432.427550456,193.389415693
 05/20  21:00:00,423.803355796,185.679762271
 05/20  22:00:00,369.927484559,253.897516047
 05/20  23:00:00,299.140512996,149.145014023
 05/20  24:00:00,268.15370349200003,77.37613631229999
 05/21  01:00:00,273.32086379599997,63.8958770645
 05/21  02:00:00,236.677161385,63.9763416568
 05/21  03:00:00,227.190185054,57.9047786143
 05/21  04:00:00,232.347495631,83.7155090895
 05/21  05:00:00,245.313846199,102.854611228
 05/21  06:00:00,314.104684947,154.61691165
 05/21  07:00:00,379.007516674,261.91958952
 05/21  08:00:00,408.28127426099996,369.085728899
 05/21  09:00:00,351.365633736,303.256138981
 05/21  10:00:00,305.546468735,270.272028572
 05/21  11:00:00,300.400462272,229.580378268
 05/21  12:00:00,299.44165112,191.823099811
 05/21  13:00:00,282.875241195,183.48980270400003
 05/21  14:00:00,284.50532855299997,174.95538501400003
 05/21  15:00:00,286.807835175,176.92227901599998
 05/21  16:00:00,320.439693364,172.08244035
 05/21  17:00:00,351.95499545300004,154.220419694
 05/21  18:00:00,408.65989394900004,171.30196907299998
 05/21  19:00:00,407.71253780300003,193.485278913
 05/21  20:00:00,440.203586202,193.69951511099998
 05/21  21:00:00,415.212607793,186.158452803
 05/21  22:00:00,363.426749176,249.776206492
 05/21  23:00:00,300.923385188,147.10522928700001
 05/21  24:00:00,277.391750317,83.583389593
 05/22  01:00:00,252.925732417,57.773569559799995
 05/22  02:00:00,224.417828082,63.826817455100006
 05/22  03:00:00,231.15700407900002,57.774642916400005
 05/22  04:00:00,216.685394998,83.4868182296
 05/22  05:00:00,261.640996215,138.99216043200002
 05/22  06:00:00,349.40836362199997,242.44942204
 05/22  07:00:00,411.005906662,341.098590653
 05/22  08:00:00,369.32033229900003,273.449222223
 05/22  09:00:00,339.014184946,246.35247537400002
 05/22  10:00:00,289.619079592,229.193440199
 05/22  11:00:00,291.686364562,191.86359196200002
 05/22  12:00:00,293.97598896700003,191.76305890400002
 05/22  13:00:00,283.747229108,183.33359916900002
 05/22  14:00:00,281.653355106,174.901662555
 05/22  15:00:00,279.635617402,176.87560745099998
 05/22  16:00:00,310.931012691,172.047080432
 05/22  17:00:00,345.84152401,169.260637149
 05/22  18:00:00,398.23990784,265.196525237
 05/22  19:00:00,404.160799938,198.321249009
 05/22  20:00:00,441.86231785900003,194.34591291400002
 05/22  21:00:00,421.828987895,258.623508467
 05/22  22:00:00,358.411489436,195.672794141
 05/22  23:00:00,293.590875943,111.708850253
 05/22  24:00:00,222.552476917,83.4850112084
 05/23  01:00:00,212.63777347400003,57.7706245683
 05/23  02:00:00,184.919160162,63.8784874765
 05/23  03:00:00,186.65357848099998,57.933077795200006
 05/23  04:00:00,202.76441229099999,77.4146795686
 05/23  05:00:00,237.821624703,139.12704178
 05/23  06:00:00,330.177311063,242.228872643
 05/23  07:00:00,413.874275917,341.60619261799997
 05/23  08:00:00,372.616334087,273.976342538
 05/23  09:00:00,339.87680956599996,246.190844957
 05/23  10:00:00,289.042521339,229.10476249799999
 05/23  11:00:00,291.918801669,191.817351962
 05/23  12:00:00,297.10214397,191.711970592
 05/23  13:00:00,291.767688735,183.28386985400002
 05/23  14:00:00,294.800483666,168.498368845
 05/23  15:00:00,295.583893447,183.19302855400002
 05/23  16:00:00,323.762942872,170.007520097
 05/23  17:00:00,357.95642449900004,168.929303875
 05/23  18:00:00,407.267255166,266.235790349
 05/23  19:00:00,412.097715601,194.428516791
 05/23  20:00:00,450.454005124,194.63681192299998
 05/23  21:00:00,426.20372909199995,258.547147017
 05/23  22:00:00,358.433635746,195.51764554
 05/23  23:00:00,292.821791545,111.472522306
 05/23  24:00:00,266.98920766,77.2920003705
 05/24  01:00:00,252.06526249400002,63.7938164654
 05/24  02:00:00,242.61303059099998,57.8169095267
 05/24  03:00:00,235.28396535599998,63.7903440047
 05/24  04:00:00,238.415407535,77.2681289883
 05/24  05:00:00,264.011539164,138.88843290399998
 05/24  06:00:00,360.64557907,241.941318852
 05/24  07:00:00,408.14856537699995,332.700743005
 05/24  08:00:00,364.973862589,273.297139005
 05/24  09:00:00,335.11396133200003,247.867200868
 05/24  10:00:00,287.429810879,227.228832584
 05/24  11:00:00,289.720796761,191.76573353599997
 05/24  12:00:00,292.21166426599996,191.660893481
 05/24  13:00:00,282.962868884,183.229405545
 05/24  14:00:00,283.523598681,168.45697003
 05/24  15:00:00,284.365138931,183.13587552599998
 05/24  16:00:00,312.471845992,165.8322593
 05/24  17:00:00,347.73893673099997,169.10369569600002
 05/24  18:00:00,400.941212348,262.11976373
 05/24  19:00:00,405.51368609800005,193.928863665
 05/24  20:00:00,441.846472478,193.83642333400002
 05/24  21:00:00,424.39130206,257.828697297
 05/24  22:00:00,359.700397645,195.005664871
 05/24  23:00:00,292.911779912,111.084145297
 05/24  24:00:00,268.405427021,83.1149859455
 05/25  01:00:00,256.687862888,58.0471107741
 05/25  02:00:00,246.50723705099998,57.7681428613
 05/25  03:00:00,243.22243070599998,63.810304127600006
 05/25  04:00:00,250.234648404,77.3383480384
 05/25  05:00:00,278.836901002,138.818854574
 05/25  06:00:00,370.50010738599997,241.61226515400003
 05/25  07:00:00,403.31132955699997,332.176292822
 05/25  08:00:00,360.463498789,272.768179768
 05/25  09:00:00,332.184476674,245.85515172700002
 05/25  10:00:00,284.701004705,223.587188209
 05/25  11:00:00,285.95870777,190.46185779299998
 05/25  12:00:00,284.05837258400004,191.614442857
 05/25  13:00:00,277.471696701,183.184986309
 05/25  14:00:00,281.198346042,168.390249608
 05/25  15:00:00,281.613758209,183.095476546
 05/25  16:00:00,311.286072035,165.812295586
 05/25  17:00:00,344.725153205,168.896914923
 05/25  18:00:00,399.911152524,261.29477077
 05/25  19:00:00,405.153484718,192.907648172
 05/25  20:00:00,437.736432195,193.09201388900001
 05/25  21:00:00,416.436459838,256.674428283
 05/25  22:00:00,346.9751058,194.70996126
 05/25  23:00:00,277.016108041,111.176824536
 05/25  24:00:00,273.813851924,77.2404588237
 05/26  01:00:00,266.906475845,57.721062543900004
 05/26  02:00:00,255.24422321900002,57.745389931800005
 05/26  03:00:00,255.741791667,63.788365329099996
 05/26  04:00:00,259.991861276,77.3010503493
 05/26  05:00:00,288.875163753,138.701512267
 05/26  06:00:00,378.65726690900004,237.487338056
 05/26  07:00:00,407.35491373900004,335.925058643
 05/26  08:00:00,359.374557625,268.759638579
 05/26  09:00:00,327.98338433099997,242.954457022
 05/26  10:00:00,280.640645715,228.16258174
 05/26  11:00:00,283.487055963,191.65587822700002
 05/26  12:00:00,285.56199372099996,187.483984412
 05/26  13:00:00,277.890646243,180.849297526
 05/26  14:00:00,278.787810024,174.69870402
 05/26  15:00:00,280.232775613,176.683637377
 05/26  16:00:00,310.855044045,165.794739114
 05/26  17:00:00,345.16128183,168.313639249
 05/26  18:00:00,396.81509733,262.03096205599996
 05/26  19:00:00,402.400127985,193.940036331
 05/26  20:00:00,439.008361249,194.241248115
 05/26  21:00:00,417.66879740800005,253.043140467
 05/26  22:00:00,347.158635838,191.51798710900002
 05/26  23:00:00,277.163607307,110.44183004899999
 05/26  24:00:00,272.179830143,77.2138999255
 05/27  01:00:00,274.643088447,63.7462713334
 05/27  02:00:00,253.091362597,57.711315225
 05/27  03:00:00,253.47732327,57.7186281583
 05/27  04:00:00,256.28696414,77.2545401481
 05/27  05:00:00,267.369697198,102.470695153
 05/27  06:00:00,343.690213731,147.353978707
 05/27  07:00:00,363.335399724,262.098792194
 05/27  08:00:00,401.06303832699996,357.428495348
 05/27  09:00:00,352.281255303,295.837287354
 05/27  10:00:00,297.016203632,260.36800979099996
 05/27  11:00:00,289.971393347,228.99117272599997
 05/27  12:00:00,290.89251281099996,191.70181198
 05/27  13:00:00,283.84215201,183.271840535
 05/27  14:00:00,285.44954249200003,168.497704672
 05/27  15:00:00,286.755054642,183.19037051599997
 05/27  16:00:00,317.059899116,165.819551144
 05/27  17:00:00,343.372276011,152.54712444700002
 05/27  18:00:00,410.19846282199995,170.696182694
 05/27  19:00:00,402.80506586900003,186.36745974099998
 05/27  20:00:00,423.91570871,193.26928748400002
 05/27  21:00:00,417.82782602,185.108196747
 05/27  22:00:00,361.182891953,240.064078183
 05/27  23:00:00,289.506074086,147.020558504
 05/27  24:00:00,282.524566074,77.1855439798
 05/28  01:00:00,288.472084999,57.7381302173
 05/28  02:00:00,253.375368238,63.777990375200005
 05/28  03:00:00,258.106446432,57.7331103543
 05/28  04:00:00,260.290012629,77.16040714
 05/28  05:00:00,267.92178966,102.51816798
 05/28  06:00:00,346.05241948300005,147.461207105
 05/28  07:00:00,371.721448846,261.421936964
 05/28  08:00:00,398.05117302699995,356.50187845199997
 05/28  09:00:00,337.0186568,293.818700154
 05/28  10:00:00,295.065429353,262.208478995
 05/28  11:00:00,295.559467825,228.880066827
 05/28  12:00:00,298.215682502,185.10800380700002
 05/28  13:00:00,280.783115194,183.142698041
 05/28  14:00:00,282.13501155299997,168.267007615
 05/28  15:00:00,282.774936875,182.946211204
 05/28  16:00:00,312.994674637,165.706871752
 05/28  17:00:00,336.309708481,147.24907576200002
 05/28  18:00:00,395.507173168,170.828321641
 05/28  19:00:00,395.461649531,186.269369282
 05/28  20:00:00,420.738135595,193.49221449700002
 05/28  21:00:00,398.01817477199995,178.295206386
 05/28  22:00:00,344.699725572,243.45209520900002
 05/28  23:00:00,280.251702748,143.327011024
 05/28  24:00:00,283.23281158,77.2238545152
 05/29  01:00:00,283.910727253,63.7661351617
 05/29  02:00:00,266.555980951,57.721266534399994
 05/29  03:00:00,263.100593367,57.720527231700004
 05/29  04:00:00,266.045977352,77.1402326296
 05/29  05:00:00,277.553393266,102.41328606799999
 05/29  06:00:00,339.88207978099996,147.444175788
 05/29  07:00:00,384.149911194,261.531550637
 05/29  08:00:00,417.021931806,351.923149622
 05/29  09:00:00,362.51254760800003,297.962834392
 05/29  10:00:00,316.145112303,262.063322298
 05/29  11:00:00,307.842012209,222.188695343
 05/29  12:00:00,310.676888264,191.437658222
 05/29  13:00:00,294.067794192,176.75214543
 05/29  14:00:00,289.950040914,174.58201027599998
 05/29  15:00:00,294.238580254,176.573508923
 05/29  16:00:00,326.302057207,165.713299539
 05/29  17:00:00,353.836920401,147.706362052
 05/29  18:00:00,416.832550331,171.207242877
 05/29  19:00:00,422.231342099,186.391139405
 05/29  20:00:00,451.976987076,193.357471833
 05/29  21:00:00,428.586351094,179.26110489799999
 05/29  22:00:00,378.92270388099996,241.150647499
 05/29  23:00:00,317.210246257,147.34623465
 05/29  24:00:00,266.585639312,77.196271602
 05/30  01:00:00,249.327881687,57.6714282693
 05/30  02:00:00,220.983057316,57.6877774209
 05/30  03:00:00,217.923634322,57.658097079899996
 05/30  04:00:00,236.893428823,77.11436373689999
 05/30  05:00:00,247.81380108599998,139.065223243
 05/30  06:00:00,338.97458058,232.931554677
 05/30  07:00:00,396.15765347800004,330.407972918
 05/30  08:00:00,359.63151810000005,264.452561128
 05/30  09:00:00,334.573429067,245.074012567
 05/30  10:00:00,289.47268843,221.854415522
 05/30  11:00:00,292.564596742,191.461681998
 05/30  12:00:00,294.03181106700004,185.023670247
 05/30  13:00:00,287.036443191,177.715847982
 05/30  14:00:00,288.70256594299997,173.40210025599998
 05/30  15:00:00,289.299426768,176.513947344
 05/30  16:00:00,318.035455291,165.670538424
 05/30  17:00:00,353.66257231599997,168.824046012
 05/30  18:00:00,406.241282989,254.033536687
 05/30  19:00:00,413.466339782,193.50016345400002
 05/30  20:00:00,448.199180085,187.212074443
 05/30  21:00:00,429.972614854,249.573104391
 05/30  22:00:00,366.07898125400004,194.76764753400002
 05/30  23:00:00,300.693601783,105.40950416700001
 05/30  24:00:00,221.81790491900003,77.1128666268
 05/31  01:00:00,208.32893563,62.32918548399999
 05/31  02:00:00,188.212179075,59.1525897079
 05/31  03:00:00,192.31981157400003,57.855483245200006
 05/31  04:00:00,193.68648746,81.668479176
 05/31  05:00:00,221.58037663599998,143.042244838
 05/31  06:00:00,330.127213229,241.872870927
 05/31  07:00:00,416.43224106099996,329.62958032
 05/31  08:00:00,376.14704576699995,264.321210762
 05/31  09:00:00,348.363377142,244.92762174900002
 05/31  10:00:00,301.518699741,221.764841065
 05/31  11:00:00,302.988515188,185.066624231
 05/31  12:00:00,302.373085843,191.32992504599997
 05/31  13:00:00,293.351607941,176.55676223
 05/31  14:00:00,292.119491794,168.13167704
 05/31  15:00:00,292.046532302,180.401414065
 05/31  16:00:00,321.858966439,167.957019183
 05/31  17:00:00,355.689071748,162.357621007
 05/31  18:00:00,407.454493435,256.763194306
 05/31  19:00:00,416.04010077199996,190.368999041
 05/31  20:00:00,450.229438305,186.897130814
 05/31  21:00:00,428.193926948,249.308915084
 05/31  22:00:00,361.003331639,194.186720912
 05/31  23:00:00,293.93980765099997,105.05421359299999
 05/31  24:00:00,263.017257773,77.086905388
 06/01  01:00:00,250.309766372,57.6361689949
 06/01  02:00:00,242.692448555,57.6348739711
 06/01  03:00:00,242.34921868200001,57.632383123000004
 06/01  04:00:00,238.54910352,77.05947282
 06/01  05:00:00,269.860321094,138.16040978799998
 06/01  06:00:00,367.578051471,232.38567008799998
 06/01  07:00:00,403.194658366,321.04787087
 06/01  08:00:00,360.89212118300003,271.00931569799997
 06/01  09:00:00,331.50368357599996,237.962835535
 06/01  10:00:00,283.14998985,221.66621115900003
 06/01  11:00:00,283.577519402,188.67970540599998
 06/01  12:00:00,284.026287191,187.62438603400003
 06/01  13:00:00,276.97260941900004,176.517202735
 06/01  14:00:00,277.047049854,168.089979271
 06/01  15:00:00,276.411766594,176.44751142799998
 06/01  16:00:00,307.61932348700003,165.638885761
 06/01  17:00:00,346.33819619,168.669522715
 06/01  18:00:00,396.570905536,253.475206405
 06/01  19:00:00,404.372477849,189.39613689599997
 06/01  20:00:00,439.447464316,190.71953300799998
 06/01  21:00:00,421.933311224,249.048375371
 06/01  22:00:00,358.019998526,187.991009805
 06/01  23:00:00,290.442234451,111.94292477200001
 06/01  24:00:00,257.274445808,70.9173430463
 06/02  01:00:00,239.067804643,57.6619692695
 06/02  02:00:00,241.882808495,59.9424413655
 06/02  03:00:00,242.711939221,61.3299447294
 06/02  04:00:00,251.825636247,70.8975749416
 06/02  05:00:00,275.843074333,138.073211952
 06/02  06:00:00,377.55653981,232.14703632400003
 06/02  07:00:00,410.257116003,321.151404251
 06/02  08:00:00,362.086116675,263.939756971
 06/02  09:00:00,328.69119476599997,244.64110199799998
 06/02  10:00:00,278.012282802,221.592195385
 06/02  11:00:00,277.765775694,184.98985784099997
 06/02  12:00:00,278.52739960400004,184.88638101
 06/02  13:00:00,270.365447023,177.612332482
 06/02  14:00:00,270.91837952,172.089420932
 06/02  15:00:00,270.001751861,177.553683467
 06/02  16:00:00,298.979671745,165.59280803
 06/02  17:00:00,330.793126484,163.707744184
 06/02  18:00:00,382.497400953,255.104534401
 06/02  19:00:00,398.167468397,188.87434899
 06/02  20:00:00,434.812552798,191.019180169
 06/02  21:00:00,415.54897151800003,252.900941542
 06/02  22:00:00,351.050629466,189.373239846
 06/02  23:00:00,284.51612013700003,106.49498497299999
 06/02  24:00:00,259.03585163599996,77.0347247964
 06/03  01:00:00,247.98242426,57.610320392700004
 06/03  02:00:00,238.86393287200002,57.6118103891
 06/03  03:00:00,241.993481995,57.6072861962
 06/03  04:00:00,248.684734401,77.0221557888
 06/03  05:00:00,248.65575937900002,95.9024103526
 06/03  06:00:00,342.90484149,146.799345746
 06/03  07:00:00,366.372678416,254.097204314
 06/03  08:00:00,404.70393153199996,347.200865774
 06/03  09:00:00,353.07168252699995,291.98391556
 06/03  10:00:00,296.053286243,254.321818746
 06/03  11:00:00,285.111861889,221.753084852
 06/03  12:00:00,283.00670587900004,191.39076048299998
 06/03  13:00:00,274.496698202,176.623075613
 06/03  14:00:00,272.020992386,168.201844872
 06/03  15:00:00,271.62951181,182.85562724099998
 06/03  16:00:00,300.13267768,165.647037175
 06/03  17:00:00,328.846747035,143.712962006
 06/03  18:00:00,396.831526732,173.425012878
 06/03  19:00:00,394.33890441,188.44665746299998
 06/03  20:00:00,421.662656262,188.89795347900002
 06/03  21:00:00,417.878325145,181.264503943
 06/03  22:00:00,365.67042394099997,242.222043587
 06/03  23:00:00,293.617045334,143.035246955
 06/03  24:00:00,260.53282272,77.0091882521
 06/04  01:00:00,238.094583321,57.64315390270001
 06/04  02:00:00,200.743720971,57.7598128312
 06/04  03:00:00,213.916953094,57.744088968199996
 06/04  04:00:00,227.42886476700002,76.99146963529999
 06/04  05:00:00,242.373913869,96.0632592176
 06/04  06:00:00,342.423055476,146.89130537399998
 06/04  07:00:00,374.003727897,254.369877249
 06/04  08:00:00,402.331635231,345.98285599
 06/04  09:00:00,342.964565061,291.94645395099997
 06/04  10:00:00,293.951209772,254.342287038
 06/04  11:00:00,286.78008545,221.66986843599997
 06/04  12:00:00,288.04650598,188.27385186200001
 06/04  13:00:00,269.38944059,179.36341636400002
 06/04  14:00:00,266.453274885,168.059279497
 06/04  15:00:00,271.170106819,176.40527605900002
 06/04  16:00:00,302.585366855,165.580535414
 06/04  17:00:00,334.865097768,143.834612687
 06/04  18:00:00,396.09695282,173.547663253
 06/04  19:00:00,401.87434867800005,187.000878437
 06/04  20:00:00,436.190916277,183.53305244400002
 06/04  21:00:00,414.25132922800003,181.18095533099998
 06/04  22:00:00,360.052872214,242.102277916
 06/04  23:00:00,294.969281577,143.007888895
 06/04  24:00:00,267.476394673,77.0988052897
 06/05  01:00:00,213.431067737,51.5587757411
 06/05  02:00:00,217.83678929799999,57.5829690076
 06/05  03:00:00,230.12030613599998,57.6787399753
 06/05  04:00:00,246.93225393900002,77.0450921254
 06/05  05:00:00,277.569878111,131.405948409
 06/05  06:00:00,376.68087616199995,231.57715066900002
 06/05  07:00:00,408.428217178,321.121552977
 06/05  08:00:00,361.83198736,263.857169784
 06/05  09:00:00,327.439646551,237.364567976
 06/05  10:00:00,277.273359599,220.144393346
 06/05  11:00:00,279.286860183,186.108860192
 06/05  12:00:00,280.719384387,184.86296561
 06/05  13:00:00,271.95646311400003,176.39501858900002
 06/05  14:00:00,271.270179282,167.945200399
 06/05  15:00:00,268.871525457,176.26238479900002
 06/05  16:00:00,295.61581238599996,165.501285677
 06/05  17:00:00,336.267892118,164.04839591
 06/05  18:00:00,392.93975126199996,254.733604411
 06/05  19:00:00,399.89487266199995,188.172968547
 06/05  20:00:00,436.62955584199995,185.28130786
 06/05  21:00:00,417.673385317,246.357114872
 06/05  22:00:00,350.962386044,189.195307585
 06/05  23:00:00,284.620384655,107.13978239
 06/05  24:00:00,259.714585,76.963656473
 06/06  01:00:00,228.116060415,57.6690820924
 06/06  02:00:00,229.657074329,57.652129933000005
 06/06  03:00:00,238.960600195,57.6972654113
 06/06  04:00:00,246.30161541400003,70.85822407399999
 06/06  05:00:00,276.194487468,131.33912324899998
 06/06  06:00:00,369.732047883,231.42402132400002
 06/06  07:00:00,417.74399494,320.787303831
 06/06  08:00:00,374.273737829,263.77379949
 06/06  09:00:00,340.846396448,237.25452010799998
 06/06  10:00:00,288.672298752,214.703850521
 06/06  11:00:00,286.378356312,191.188130795
 06/06  12:00:00,282.302362043,184.78973259400001
 06/06  13:00:00,273.210989894,176.38081533599998
 06/06  14:00:00,274.177925366,162.533089558
 06/06  15:00:00,275.685386951,175.287051898
 06/06  16:00:00,305.802806992,165.519796743
 06/06  17:00:00,341.210332624,162.630760163
 06/06  18:00:00,395.18322705800006,253.90040014599998
 06/06  19:00:00,401.447285621,186.867104024
 06/06  20:00:00,434.30358740599996,187.15209700900002
 06/06  21:00:00,412.055567645,239.894924133
 06/06  22:00:00,346.350282814,186.787899075
 06/06  23:00:00,278.426448697,105.988883579
 06/06  24:00:00,271.20374057099997,76.94796852569999
 06/07  01:00:00,256.517494861,57.55912049729999
 06/07  02:00:00,242.275786206,57.5590028278
 06/07  03:00:00,247.861949199,57.5790995469
 06/07  04:00:00,253.222234242,70.8072056645
 06/07  05:00:00,282.92693474099997,131.228038857
 06/07  06:00:00,372.436559348,229.683789155
 06/07  07:00:00,404.900454124,318.214798375
 06/07  08:00:00,357.43529110400004,257.872565028
 06/07  09:00:00,327.09055925,237.10065865099997
 06/07  10:00:00,276.842858372,221.187558478
 06/07  11:00:00,279.37579814400004,184.77596266900002
 06/07  12:00:00,281.083278621,184.683088175
 06/07  13:00:00,274.610213857,176.26194997099998
 06/07  14:00:00,276.70133037700003,167.857989586
 06/07  15:00:00,277.811741006,169.860735916
 06/07  16:00:00,308.992463085,165.494186743
 06/07  17:00:00,343.54934494599996,161.44307859999998
 06/07  18:00:00,396.78116075099996,253.13520017099998
 06/07  19:00:00,402.261135245,187.46602864099998
 06/07  20:00:00,434.756181551,180.96015768
 06/07  21:00:00,412.991429101,247.652655487
 06/07  22:00:00,346.378421942,186.26451560200002
 06/07  23:00:00,279.745351272,105.759831016
 06/07  24:00:00,270.862804854,70.78572819819999
 06/08  01:00:00,259.420726995,57.546894986000005
 06/08  02:00:00,243.856395075,57.5460247495
 06/08  03:00:00,249.407665699,57.545821214899995
 06/08  04:00:00,242.238100358,70.7767123841
 06/08  05:00:00,281.271777342,131.169834575
 06/08  06:00:00,375.548271935,227.888402673
 06/08  07:00:00,406.933952075,314.479209515
 06/08  08:00:00,358.287962428,261.66644954599997
 06/08  09:00:00,327.643124303,237.00001585599998
 06/08  10:00:00,282.310610285,214.54196368200002
 06/08  11:00:00,285.674794771,184.86036559099998
 06/08  12:00:00,286.672421311,184.536710076
 06/08  13:00:00,278.42982010000003,176.232259945
 06/08  14:00:00,280.336952943,167.81555079700001
 06/08  15:00:00,281.552591325,176.13793266
 06/08  16:00:00,311.58386427799996,164.505057486
 06/08  17:00:00,345.91200706800004,153.352883856
 06/08  18:00:00,399.95662271699996,248.10507853099998
 06/08  19:00:00,406.64446308099997,181.12764746599998
 06/08  20:00:00,440.15629796699994,174.154278678
 06/08  21:00:00,419.074087758,241.93314480599997
 06/08  22:00:00,349.993889042,175.30312838
 06/08  23:00:00,279.474662677,108.430677986
 06/08  24:00:00,265.37214394299997,70.7655458332
 06/09  01:00:00,268.293292709,57.535926005600004
 06/09  02:00:00,260.301188421,57.533406214799996
 06/09  03:00:00,259.880436106,51.511959419700005
 06/09  04:00:00,266.804938731,76.8735472876
 06/09  05:00:00,292.747093162,131.090719705
 06/09  06:00:00,379.297233144,223.42445611
 06/09  07:00:00,401.59198201,317.33059736
 06/09  08:00:00,355.980014759,253.280917938
 06/09  09:00:00,332.448106155,236.86194853799998
 06/09  10:00:00,289.810684095,217.397770382
 06/09  11:00:00,294.82472202099996,187.70549475299998
 06/09  12:00:00,297.227979675,179.729346908
 06/09  13:00:00,288.28057516,175.235800009
 06/09  14:00:00,289.65568316599996,167.77782214200002
 06/09  15:00:00,290.873529571,176.105169907
 06/09  16:00:00,324.400939413,159.290781123
 06/09  17:00:00,355.833034299,158.136660151
 06/09  18:00:00,409.883041765,245.875304469
 06/09  19:00:00,421.047635417,172.295994882
 06/09  20:00:00,457.25690400199994,178.67012299
 06/09  21:00:00,435.196875153,231.871530545
 06/09  22:00:00,357.493971939,178.10149849099997
 06/09  23:00:00,281.934754735,97.6080396912
 06/09  24:00:00,255.301909401,70.7451568059
 06/10  01:00:00,276.324808507,57.5229004112
 06/10  02:00:00,258.922667635,57.5215728094
 06/10  03:00:00,258.173923988,57.520633865600004
 06/10  04:00:00,265.379873974,70.72541524430001
 06/10  05:00:00,275.223774014,95.6401392603
 06/10  06:00:00,345.566362492,139.689362746
 06/10  07:00:00,367.54224762900003,244.42841588299999
 06/10  08:00:00,404.576749016,341.189151838
 06/10  09:00:00,355.85164686400003,283.086217
 06/10  10:00:00,299.826851444,253.362669725
 06/10  11:00:00,289.24102878,219.795029046
 06/10  12:00:00,292.93944563400004,186.0866813
 06/10  13:00:00,286.113093216,176.320666542
 06/10  14:00:00,288.99518861900003,164.968830301
 06/10  15:00:00,292.535530178,172.850552843
 06/10  16:00:00,323.449242772,165.482738807
 06/10  17:00:00,348.442956575,142.12840813100001
 06/10  18:00:00,413.33623033099997,160.84834584200001
 06/10  19:00:00,403.972687464,173.75043833799998
 06/10  20:00:00,423.150937868,179.551766904
 06/10  21:00:00,412.733788005,167.98832705200002
 06/10  22:00:00,359.502340074,230.09324506
 06/10  23:00:00,295.264690516,139.250455101
 06/10  24:00:00,275.45648533599996,70.7262796982
 06/11  01:00:00,285.286237352,57.5556877608
 06/11  02:00:00,268.207367505,57.5539509151
 06/11  03:00:00,265.491823313,57.5523510427
 06/11  04:00:00,273.142637207,70.7067113353
 06/11  05:00:00,281.810569604,95.6863726541
 06/11  06:00:00,343.81602887099996,145.602388515
 06/11  07:00:00,374.699459069,245.52070676900001
 06/11  08:00:00,403.88938674900004,333.12598665
 06/11  09:00:00,344.198069565,290.268546183
 06/11  10:00:00,295.759005081,246.62302955299998
 06/11  11:00:00,294.17783157,221.09980741799998
 06/11  12:00:00,297.17904453799997,184.539954938
 06/11  13:00:00,280.135816669,175.191169148
 06/11  14:00:00,280.822800165,162.39980824399998
 06/11  15:00:00,282.636215744,176.028765225
 06/11  16:00:00,314.582903864,159.249077641
 06/11  17:00:00,340.634989633,143.82103735
 06/11  18:00:00,401.43387672,159.637994545
 06/11  19:00:00,403.98050124800005,174.857851585
 06/11  20:00:00,429.047892845,176.813066192
 06/11  21:00:00,400.84053145300004,169.823871139
 06/11  22:00:00,351.244239239,230.230170636
 06/11  23:00:00,289.742169092,139.438296919
 06/11  24:00:00,284.57918319099997,70.7613447137
 06/12  01:00:00,267.45258672799997,57.5011976902
 06/12  02:00:00,259.282413884,57.4985683205
 06/12  03:00:00,257.953437017,51.4800153215
 06/12  04:00:00,265.048449633,76.8131118008
 06/12  05:00:00,290.68431081200004,124.45707240700001
 06/12  06:00:00,377.271967217,222.829021734
 06/12  07:00:00,403.49581030300004,316.607505813
 06/12  08:00:00,357.68341275,253.621905978
 06/12  09:00:00,328.343541155,233.784183016
 06/12  10:00:00,279.319716186,216.893238174
 06/12  11:00:00,281.737863301,184.575850425
 06/12  12:00:00,282.099428813,178.178505222
 06/12  13:00:00,272.724713193,176.09203049299998
 06/12  14:00:00,272.294762769,167.669093716
 06/12  15:00:00,273.749435496,169.677581589
 06/12  16:00:00,304.76233900799997,165.3661367
 06/12  17:00:00,341.156161303,154.775161856
 06/12  18:00:00,393.23683869800004,250.237477893
 06/12  19:00:00,412.99338504599996,178.804075606
 06/12  20:00:00,454.414604153,179.22098446599998
 06/12  21:00:00,431.572990264,242.001973613
 06/12  22:00:00,364.93853396699996,183.669225395
 06/12  23:00:00,298.693771282,104.87898098299999
 06/12  24:00:00,270.724800298,70.6872186421
 06/13  01:00:00,259.657165842,57.4908702217
 06/13  02:00:00,252.581441891,51.4703422835
 06/13  03:00:00,247.48402769999998,57.487981497
 06/13  04:00:00,257.054069984,70.7073360536
 06/13  05:00:00,278.453668125,130.877005591
 06/13  06:00:00,368.183679713,222.68891737400003
 06/13  07:00:00,432.300595169,309.431474324
 06/13  08:00:00,390.144862878,254.236907318
 06/13  09:00:00,358.476263141,236.39039403599998
 06/13  10:00:00,307.492806983,214.205289732
 06/13  11:00:00,307.656322456,184.55832612700002
 06/13  12:00:00,305.604811847,178.162900573
 06/13  13:00:00,297.694260795,176.05546813700002
 06/13  14:00:00,302.095531587,167.642209781
 06/13  15:00:00,302.971242097,169.672078748
 06/13  16:00:00,333.945558898,165.35726195700002
 06/13  17:00:00,372.658284387,156.165181618
 06/13  18:00:00,427.316252347,245.176946862
 06/13  19:00:00,433.24617231800005,186.29939429599997
 06/13  20:00:00,462.94212115,180.066230988
 06/13  21:00:00,445.02584518099997,239.989603675
 06/13  22:00:00,378.143871089,180.444113113
 06/13  23:00:00,310.967194697,105.80405976200001
 06/13  24:00:00,242.941966709,70.6685118424
 06/14  01:00:00,243.558323081,57.523401219600004
 06/14  02:00:00,218.932150523,57.4775691127
 06/14  03:00:00,212.171999673,51.472200108100004
 06/14  04:00:00,225.739172174,71.69548150109999
 06/14  05:00:00,260.04927070599996,130.501483409
 06/14  06:00:00,361.299381085,222.383278593
 06/14  07:00:00,412.55476834800004,309.370323858
 06/14  08:00:00,388.543642798,254.28706642900002
 06/14  09:00:00,366.56807055400003,232.974679685
 06/14  10:00:00,319.48138064299997,217.307778093
 06/14  11:00:00,321.472321363,178.211365345
 06/14  12:00:00,318.758039334,184.43410323
 06/14  13:00:00,309.146353422,176.02037709
 06/14  14:00:00,312.114636464,161.309498674
 06/14  15:00:00,312.088567151,175.938402254
 06/14  16:00:00,340.050504425,159.21066372299998
 06/14  17:00:00,376.487017161,161.078250901
 06/14  18:00:00,430.161805496,245.555568315
 06/14  19:00:00,437.260944751,179.18058594299998
 06/14  20:00:00,468.55918182199997,179.601602228
 06/14  21:00:00,446.996491239,239.43681770799998
 06/14  22:00:00,378.82856764800005,179.997634283
 06/14  23:00:00,311.719738725,105.45582512200001
 06/14  24:00:00,246.797304069,70.6454963812
 06/15  01:00:00,228.614761542,58.2831003074
 06/15  02:00:00,225.594529193,51.6739632754
 06/15  03:00:00,217.664969549,61.332699452700005
 06/15  04:00:00,229.14382882599998,79.1239994916
 06/15  05:00:00,259.13595875,150.703254969
 06/15  06:00:00,339.97016026,241.61268068200002
 06/15  07:00:00,401.08362376,317.28297103200003
 06/15  08:00:00,361.593801283,252.653188396
 06/15  09:00:00,334.521655223,231.291508983
 06/15  10:00:00,288.208257223,214.050687123
 06/15  11:00:00,294.062780595,184.47212615599997
 06/15  12:00:00,298.420653115,178.07561630700002
 06/15  13:00:00,290.369926212,175.97597074700002
 06/15  14:00:00,292.589042117,161.257701408
 06/15  15:00:00,293.991684792,175.89315769200002
 06/15  16:00:00,322.414712434,159.182309471
 06/15  17:00:00,356.009687874,157.368661028
 06/15  18:00:00,408.48229667699997,246.455926449
 06/15  19:00:00,416.188603144,181.59900853099998
 06/15  20:00:00,449.938004393,179.257592939
 06/15  21:00:00,433.294499873,238.918246745
 06/15  22:00:00,367.078952394,179.475233515
 06/15  23:00:00,301.016216262,98.7212625358
 06/15  24:00:00,225.920792926,76.7452796044
 06/16  01:00:00,213.84348557400003,51.6040409012
 06/16  02:00:00,208.487905133,57.600150579399994
 06/16  03:00:00,207.46090176799999,51.5869464903
 06/16  04:00:00,191.53958851099998,73.6645060744
 06/16  05:00:00,223.988860773,127.700648896
 06/16  06:00:00,343.564000208,219.09414217
 06/16  07:00:00,416.902303709,310.873214349
 06/16  08:00:00,376.059512737,249.723997647
 06/16  09:00:00,347.283455017,232.68930483900002
 06/16  10:00:00,298.546716224,214.005135552
 06/16  11:00:00,298.039674933,178.126080819
 06/16  12:00:00,297.341061908,184.36107473400003
 06/16  13:00:00,288.332446673,172.54187382
 06/16  14:00:00,291.824203388,164.61824716700002
 06/16  15:00:00,295.22952454,169.555780231
 06/16  16:00:00,311.971068757,165.275122528
 06/16  17:00:00,343.74635011099997,155.307847344
 06/16  18:00:00,397.028020965,243.955289368
 06/16  19:00:00,408.46996232699996,178.685189528
 06/16  20:00:00,445.66926275,179.118537333
 06/16  21:00:00,428.24664409800005,238.899863335
 06/16  22:00:00,362.26355698,179.7813749
 06/16  23:00:00,297.08990558799997,105.528079245
 06/16  24:00:00,211.366166864,70.610629245
 06/17  01:00:00,217.34718889400003,51.451544327
 06/17  02:00:00,186.253486885,58.1865705904
 06/17  03:00:00,192.02370628,51.4661638511
 06/17  04:00:00,188.76715537099997,71.32136180100001
 06/17  05:00:00,199.187165573,96.15402913940001
 06/17  06:00:00,295.17866659599997,139.29951518299998
 06/17  07:00:00,373.208675892,237.68389278900003
 06/17  08:00:00,410.04266326699997,331.580716811
 06/17  09:00:00,362.282420725,281.663805878
 06/17  10:00:00,309.94119759299997,245.854002523
 06/17  11:00:00,305.35040857,214.49649393299998
 06/17  12:00:00,308.04971999400004,184.159644799
 06/17  13:00:00,296.32614373900003,176.07655746900002
 06/17  14:00:00,299.221270514,161.354087087
 06/17  15:00:00,304.441549319,175.98978232
 06/17  16:00:00,336.48756123,159.181201655
 06/17  17:00:00,365.630937393,141.715014529
 06/17  18:00:00,429.37692243099997,164.816345381
 06/17  19:00:00,421.992551376,179.04768129
 06/17  20:00:00,436.960347319,179.542035247
 06/17  21:00:00,431.834516408,171.904363362
 06/17  22:00:00,377.70275336599997,226.125832455
 06/17  23:00:00,306.10896003,138.356231412
 06/17  24:00:00,224.94867493900003,70.594617068
 06/18  01:00:00,228.92947387900003,57.4771614919
 06/18  02:00:00,202.880094277,51.457778305
 06/18  03:00:00,176.021388104,57.4688603436
 06/18  04:00:00,205.985272388,70.5768157697
 06/18  05:00:00,219.85264558400002,95.48486216010001
 06/18  06:00:00,297.750487603,132.959844404
 06/18  07:00:00,383.75754319199996,243.71741407099998
 06/18  08:00:00,410.854074496,330.680314399
 06/18  09:00:00,354.52339602300003,281.585225519
 06/18  10:00:00,311.153138919,245.827400092
 06/18  11:00:00,307.559106101,214.091245832
 06/18  12:00:00,306.816981405,177.98647278400003
 06/18  13:00:00,289.178903597,175.951830024
 06/18  14:00:00,288.868534857,161.165797309
 06/18  15:00:00,289.206061821,169.500068334
 06/18  16:00:00,314.00782955200003,165.24768889
 06/18  17:00:00,341.376027962,141.430808211
 06/18  18:00:00,403.30832695099997,158.21162473
 06/18  19:00:00,406.617991095,178.722183068
 06/18  20:00:00,434.292171005,179.21289688599998
 06/18  21:00:00,413.40921334800004,171.88496011200002
 06/18  22:00:00,361.423110642,223.90768363799998
 06/18  23:00:00,300.510855398,134.531062766
 06/18  24:00:00,213.084020453,70.6263764924
 06/19  01:00:00,211.094477557,57.4385973728
 06/19  02:00:00,185.282254445,52.1846289937
 06/19  03:00:00,184.468460938,58.1883064336
 06/19  04:00:00,199.129315495,70.6212887585
 06/19  05:00:00,212.442078215,124.168751093
 06/19  06:00:00,334.423102096,214.387689482
 06/19  07:00:00,414.146019383,307.463989655
 06/19  08:00:00,373.086450024,253.374624769
 06/19  09:00:00,344.287605866,228.943678779
 06/19  10:00:00,296.365847174,213.822559629
 06/19  11:00:00,297.456352814,178.034165291
 06/19  12:00:00,298.92591729,184.25469835799998
 06/19  13:00:00,290.558923198,169.551674863
 06/19  14:00:00,290.622970018,161.127234668
 06/19  15:00:00,293.974261932,169.474600303
 06/19  16:00:00,324.344293113,165.229449501
 06/19  17:00:00,356.745425727,155.692722279
 06/19  18:00:00,405.60108186400004,244.035851338
 06/19  19:00:00,414.839329335,178.92634552599998
 06/19  20:00:00,443.98522445,174.02234185
 06/19  21:00:00,426.217796813,237.13677334599998
 06/19  22:00:00,363.21390859900004,179.45764781
 06/19  23:00:00,297.426552928,99.0240246465
 06/19  24:00:00,225.770533368,70.5562959985
 06/20  01:00:00,217.275137076,57.622099785699994
 06/20  02:00:00,210.89837729599998,51.606186891499995
 06/20  03:00:00,210.357295895,57.5852139966
 06/20  04:00:00,200.21330341,70.73700329479999
 06/20  05:00:00,228.08080635,124.196045235
 06/20  06:00:00,347.88710710099997,214.261815274
 06/20  07:00:00,417.038293425,306.783617811
 06/20  08:00:00,375.852507352,247.814840183
 06/20  09:00:00,344.22420003800005,226.884624905
 06/20  10:00:00,293.726223279,213.721833643
 06/20  11:00:00,296.36876906099997,184.311656992
 06/20  12:00:00,298.557120794,177.92353216
 06/20  13:00:00,291.042274247,170.574732207
 06/20  14:00:00,295.035166652,166.338619714
 06/20  15:00:00,295.08018988,169.438619991
 06/20  16:00:00,323.796485984,159.089545938
 06/20  17:00:00,358.018078766,156.148203482
 06/20  18:00:00,407.474282188,244.40533867599999
 06/20  19:00:00,411.759874179,179.414255481
 06/20  20:00:00,443.144086901,177.234196625
 06/20  21:00:00,425.610084369,234.574472485
 06/20  22:00:00,360.55714031900004,179.92125777099997
 06/20  23:00:00,295.185313481,99.55439293010001
 06/20  24:00:00,230.000252241,70.5382644004
 06/21  01:00:00,217.38053696400002,57.61622170729999
 06/21  02:00:00,212.726894451,51.5890069417
 06/21  03:00:00,211.509183638,51.5800393601
 06/21  04:00:00,200.01574483,70.73368092300001
 06/21  05:00:00,226.95223230599998,124.18337181
 06/21  06:00:00,344.960842099,221.198730575
 06/21  07:00:00,413.14922238699995,299.243644986
 06/21  08:00:00,370.191934662,252.91429736900002
 06/21  09:00:00,339.077133103,228.748572265
 06/21  10:00:00,288.36403681400003,209.211167864
 06/21  11:00:00,290.78559043900003,182.313554482
 06/21  12:00:00,292.796010106,177.887414273
 06/21  13:00:00,286.908993114,175.785177947
 06/21  14:00:00,287.753351567,161.072392556
 06/21  15:00:00,284.36973859799997,169.41414787899998
 06/21  16:00:00,311.506452095,159.07343906100002
 06/21  17:00:00,346.118999916,155.26636461299998
 06/21  18:00:00,396.518944402,243.431265722
 06/21  19:00:00,404.992547787,178.51153264200002
 06/21  20:00:00,439.125805698,172.31355423
 06/21  21:00:00,419.90631654,237.90200308
 06/21  22:00:00,352.89619607300006,172.49124256599998
 06/21  23:00:00,287.303959537,105.056809644
 06/21  24:00:00,254.120043273,70.5284085153
 06/22  01:00:00,241.836540706,51.493725192700005
 06/22  02:00:00,226.407435323,51.3887254736
 06/22  03:00:00,227.141163578,57.3929191392
 06/22  04:00:00,240.193537942,70.5165336567
 06/22  05:00:00,269.525528624,123.882848148
 06/22  06:00:00,352.56596260000003,213.956168885
 06/22  07:00:00,406.717623009,304.162836035
 06/22  08:00:00,364.585303135,247.25346887799998
 06/22  09:00:00,334.31703826,228.666447248
 06/22  10:00:00,286.064142874,209.930833395
 06/22  11:00:00,287.637370265,181.538095082
 06/22  12:00:00,287.42282602299997,177.860802356
 06/22  13:00:00,278.735373889,170.04870093
 06/22  14:00:00,280.37751425700003,166.755791366
 06/22  15:00:00,283.046783494,169.372087926
 06/22  16:00:00,312.210437255,159.056892909
 06/22  17:00:00,345.580598062,156.41434678
 06/22  18:00:00,395.040802585,237.593665832
 06/22  19:00:00,401.74530615099997,179.55574537799998
 06/22  20:00:00,434.88867962800003,179.932957235
 06/22  21:00:00,416.52882822,231.770427737
 06/22  22:00:00,349.090803937,179.984052991
 06/22  23:00:00,283.082294779,99.6498068257
 06/22  24:00:00,262.889229306,70.5304922012
 06/23  01:00:00,254.11893961200002,51.3811235074
 06/23  02:00:00,241.329973478,57.384832103
 06/23  03:00:00,241.26335725,51.3856990335
 06/23  04:00:00,250.438853507,70.49345712819999
 06/23  05:00:00,276.221246565,123.84623861200001
 06/23  06:00:00,370.065930252,213.762760748
 06/23  07:00:00,405.49677318,305.433948256
 06/23  08:00:00,363.306949665,246.25347350200002
 06/23  09:00:00,332.666027154,228.567157956
 06/23  10:00:00,285.52748431,207.07193022599998
 06/23  11:00:00,288.49261672299997,184.219247013
 06/23  12:00:00,289.694529438,177.845663296
 06/23  13:00:00,279.495237083,169.420721559
 06/23  14:00:00,281.762485616,161.02485431899999
 06/23  15:00:00,284.495573149,169.35988079
 06/23  16:00:00,310.53742688,159.0378841
 06/23  17:00:00,341.518897329,156.315273869
 06/23  18:00:00,392.73043499,243.544004033
 06/23  19:00:00,399.80622218900004,179.110135053
 06/23  20:00:00,432.01546775599996,172.91013999700002
 06/23  21:00:00,415.74766929,231.26174520200001
 06/23  22:00:00,350.774723765,179.56776938299998
 06/23  23:00:00,285.226297848,99.3846814532
 06/23  24:00:00,259.69215232700003,70.5092799805
 06/24  01:00:00,257.508176016,52.395550181400004
 06/24  02:00:00,239.46552318,56.3548865491
 06/24  03:00:00,236.982618422,51.373205373000005
 06/24  04:00:00,244.768975571,70.4900331684
 06/24  05:00:00,258.914238419,89.0343624025
 06/24  06:00:00,325.58577092400003,138.286231847
 06/24  07:00:00,362.614809565,237.75954824
 06/24  08:00:00,400.479282698,320.947632958
 06/24  09:00:00,353.14783570699996,274.275104441
 06/24  10:00:00,299.680235728,244.22534347299998
 06/24  11:00:00,293.08907810700003,213.752035351
 06/24  12:00:00,291.696695148,177.96253032200002
 06/24  13:00:00,281.83263999,175.852013607
 06/24  14:00:00,280.375785158,161.15884127799998
 06/24  15:00:00,277.777241339,169.470734322
 06/24  16:00:00,303.662674752,160.225892971
 06/24  17:00:00,337.608264652,139.759197667
 06/24  18:00:00,402.42520338599996,159.678283725
 06/24  19:00:00,397.141277294,176.186476216
 06/24  20:00:00,415.125214469,177.73025026099998
 06/24  21:00:00,412.04073485,165.920073348
 06/24  22:00:00,359.72773984300005,222.697266155
 06/24  23:00:00,289.143479518,134.161390487
 06/24  24:00:00,262.295795071,70.4798740378
 06/25  01:00:00,269.270867068,51.48770792770001
 06/25  02:00:00,246.197569583,57.4037629747
 06/25  03:00:00,242.64604186900002,52.2544543363
 06/25  04:00:00,247.877877259,71.3154867734
 06/25  05:00:00,254.630680947,89.9129349974
 06/25  06:00:00,331.239622367,139.021221606
 06/25  07:00:00,371.55584834,236.236092943
 06/25  08:00:00,398.247829618,320.37279285200003
 06/25  09:00:00,339.225068058,275.430240215
 06/25  10:00:00,293.602846016,243.21685200299999
 06/25  11:00:00,294.078815176,213.69146417099998
 06/25  12:00:00,295.05776108099997,177.78132552900001
 06/25  13:00:00,271.60727996099996,169.461547809
 06/25  14:00:00,270.041006933,160.986288209
 06/25  15:00:00,273.075898739,169.314315276
 06/25  16:00:00,302.46906684,159.017901518
 06/25  17:00:00,333.543295729,141.811910001
 06/25  18:00:00,397.955992902,158.544096353
 06/25  19:00:00,396.663411845,178.818938796
 06/25  20:00:00,419.365864747,172.69337095
 06/25  21:00:00,397.401782634,165.061340256
 06/25  22:00:00,342.519973532,222.809793225
 06/25  23:00:00,277.624092017,134.126577962
 06/25  24:00:00,269.57244245,70.5195509261
 06/26  01:00:00,254.14685436599999,51.4961818147
 06/26  02:00:00,253.80024899900002,51.3565530133
 06/26  03:00:00,248.042360203,57.3582267926
 06/26  04:00:00,262.9863337,64.3535966018
 06/26  05:00:00,282.208801322,123.786892884
 06/26  06:00:00,371.509845612,213.37120357900002
 06/26  07:00:00,399.3417853,297.85656787
 06/26  08:00:00,359.087302911,248.769825148
 06/26  09:00:00,332.857251163,224.41983797700001
 06/26  10:00:00,285.028158609,213.43822167
 06/26  11:00:00,285.778084702,177.839157964
 06/26  12:00:00,286.47531271099996,177.767230952
 06/26  13:00:00,277.13673670400004,169.34078999
 06/26  14:00:00,276.733624437,160.94195663899998
 06/26  15:00:00,279.80911194099997,169.275845326
 06/26  16:00:00,310.84985360400003,159.01175475899998
 06/26  17:00:00,344.141183983,154.09715574
 06/26  18:00:00,398.851093239,235.47384818700002
 06/26  19:00:00,402.70373065,177.553763361
 06/26  20:00:00,430.457908831,171.688486326
 06/26  21:00:00,415.699497936,229.663771368
 06/26  22:00:00,348.063625929,171.48004865299998
 06/26  23:00:00,281.176182293,104.34591917200001
 06/26  24:00:00,275.775908783,70.20226184479999
 06/27  01:00:00,266.203208549,51.598801208699996
 06/27  02:00:00,255.42344741099998,51.3616359242
 06/27  03:00:00,256.089357267,51.3729047877
 06/27  04:00:00,256.214314416,70.5301477436
 06/27  05:00:00,288.738378383,123.720505341
 06/27  06:00:00,377.994693855,213.231995178
 06/27  07:00:00,406.308634809,296.967597077
 06/27  08:00:00,357.997221094,244.034943394
 06/27  09:00:00,326.80699215,225.21493295099998
 06/27  10:00:00,279.603235389,209.799790533
 06/27  11:00:00,282.205764881,177.807855943
 06/27  12:00:00,284.352280236,177.748607794
 06/27  13:00:00,277.231685448,169.337874151
 06/27  14:00:00,280.143614712,160.937815102
 06/27  15:00:00,281.888072482,169.256006849
 06/27  16:00:00,313.196785474,158.980034778
 06/27  17:00:00,344.511388576,155.032978646
 06/27  18:00:00,392.666631577,235.21374837099998
 06/27  19:00:00,395.850926969,177.003484913
 06/27  20:00:00,433.399532204,171.976543336
 06/27  21:00:00,428.07687015199997,229.883944615
 06/27  22:00:00,361.386671744,171.797393476
 06/27  23:00:00,292.845560197,98.51176035969999
 06/27  24:00:00,276.998559328,70.4392490023
 06/28  01:00:00,261.628543555,51.7429024916
 06/28  02:00:00,252.92955198599998,56.973587154200004
 06/28  03:00:00,255.033115201,51.3750294395
 06/28  04:00:00,256.249792553,70.52694659640001
 06/28  05:00:00,287.68756846,117.28350843700001
 06/28  06:00:00,376.90165401800004,213.11863105700002
 06/28  07:00:00,406.482530606,296.949347345
 06/28  08:00:00,359.466184874,244.049912225
 06/28  09:00:00,327.863925005,228.16945916
 06/28  10:00:00,281.922993753,206.83923419099997
 06/28  11:00:00,286.53760847,177.79891775099998
 06/28  12:00:00,287.448550614,183.031017375
 06/28  13:00:00,279.929738166,168.40226415200001
 06/28  14:00:00,282.409070208,156.496847603
 06/28  15:00:00,282.946439507,169.239712029
 06/28  16:00:00,308.90840269999995,158.968710673
 06/28  17:00:00,341.612915111,155.456148374
 06/28  18:00:00,394.991367035,236.840129903
 06/28  19:00:00,399.54266454699996,179.02246299799998
 06/28  20:00:00,430.69680532900003,171.88264609
 06/28  21:00:00,413.70767582300005,229.530324431
 06/28  22:00:00,346.031240829,169.984239822
 06/28  23:00:00,277.675061265,98.7278370393
 06/28  24:00:00,273.25107054299997,70.424926545
 06/29  01:00:00,264.321268838,51.3381680571
 06/29  02:00:00,252.972750913,51.3649902516
 06/29  03:00:00,253.87492387900002,51.3689883005
 06/29  04:00:00,252.539936533,70.5205428071
 06/29  05:00:00,285.598651054,123.646215403
 06/29  06:00:00,374.833478985,211.177400132
 06/29  07:00:00,410.970148223,298.677928977
 06/29  08:00:00,365.158755621,243.73229327200002
 06/29  09:00:00,330.516534708,221.598657033
 06/29  10:00:00,278.139539564,206.799389452
 06/29  11:00:00,281.74803760000003,184.06167203799998
 06/29  12:00:00,284.157297031,177.679447834
 06/29  13:00:00,276.543907603,169.26790124299998
 06/29  14:00:00,279.149449962,154.604295184
 06/29  15:00:00,278.554360443,169.221018096
 06/29  16:00:00,308.932505741,158.954890277
 06/29  17:00:00,342.79992634900003,154.35013900299998
 06/29  18:00:00,393.187432874,236.031506994
 06/29  19:00:00,397.171935216,171.306869765
 06/29  20:00:00,432.462664712,178.319839618
 06/29  21:00:00,419.345152726,224.971268843
 06/29  22:00:00,352.35187353599997,176.47066111900003
 06/29  23:00:00,285.456944037,98.6889125059
 06/29  24:00:00,270.486157579,64.6051676203
 06/30  01:00:00,257.474514233,57.0577309209
 06/30  02:00:00,243.288684578,51.3868880067
 06/30  03:00:00,247.708095346,51.374890927799996
 06/30  04:00:00,246.26567168900002,70.4528218739
 06/30  05:00:00,280.993299018,117.217298142
 06/30  06:00:00,373.990241895,212.86745419099998
 06/30  07:00:00,415.097517972,296.688410367
 06/30  08:00:00,369.05263048,243.97604175599997
 06/30  09:00:00,336.57220924,221.31757073
 06/30  10:00:00,286.413987493,213.253971215
 06/30  11:00:00,285.603224668,177.72380752200002
 06/30  12:00:00,286.285988305,177.65823126200002
 06/30  13:00:00,279.585167913,169.268275917
 06/30  14:00:00,280.87967704700003,155.462689904
 06/30  15:00:00,280.554269144,168.311139764
 06/30  16:00:00,310.837219119,158.94447997700001
 06/30  17:00:00,345.69907904400003,154.614018441
 06/30  18:00:00,395.92865037,235.84130404099997
 06/30  19:00:00,397.993410424,172.15435188900003
 06/30  20:00:00,428.44268461800004,171.528736366
 06/30  21:00:00,413.871738162,227.577507607
 06/30  22:00:00,350.17491327199997,171.53542862
 06/30  23:00:00,283.804764131,98.65355080020001
 06/30  24:00:00,274.385256394,70.40040913909999
 07/01  01:00:00,276.074917524,51.3262847187
 07/01  02:00:00,257.07552667,51.321658958
 07/01  03:00:00,253.478322697,57.3558351263
 07/01  04:00:00,256.656288567,64.3994905655
 07/01  05:00:00,267.563496799,88.9596514703
 07/01  06:00:00,343.636629971,132.269940886
 07/01  07:00:00,363.642390835,235.672492038
 07/01  08:00:00,402.90974618300004,318.674957703
 07/01  09:00:00,352.25001344699996,272.26575199900003
 07/01  10:00:00,291.63126690900003,237.91808915400003
 07/01  11:00:00,286.523381736,206.91790492799998
 07/01  12:00:00,288.414602937,184.08772008
 07/01  13:00:00,279.425209833,169.379385316
 07/01  14:00:00,277.447966581,160.98531174200002
 07/01  15:00:00,274.817343783,169.29958792899998
 07/01  16:00:00,302.077933402,158.987130931
 07/01  17:00:00,330.14157682,134.683614508
 07/01  18:00:00,398.82555180300005,157.4836009
 07/01  19:00:00,393.16941953599996,172.167849822
 07/01  20:00:00,414.103013608,176.19513677
 07/01  21:00:00,415.56966333800005,167.90164989
 07/01  22:00:00,363.721501875,215.102987268
 07/01  23:00:00,293.236406847,134.069159477
 07/01  24:00:00,268.935888465,66.5799408298
 07/02  01:00:00,275.82811098900004,55.1181093433
 07/02  02:00:00,244.524709895,51.3899472781
 07/02  03:00:00,247.580981417,51.3532180125
 07/02  04:00:00,247.219477858,70.3881070363
 07/02  05:00:00,238.06797256299998,89.03161457969999
 07/02  06:00:00,332.241446391,132.433573832
 07/02  07:00:00,376.462858358,235.82675279900002
 07/02  08:00:00,407.162605016,318.724937245
 07/02  09:00:00,348.169143468,266.982141548
 07/02  10:00:00,299.691714682,243.034719754
 07/02  11:00:00,292.050371801,206.854161186
 07/02  12:00:00,290.17474313400004,177.62597618900003
 07/02  13:00:00,273.716618879,169.304372195
 07/02  14:00:00,275.978332131,160.808197696
 07/02  15:00:00,274.676952018,169.162911313
 07/02  16:00:00,304.419099508,158.91408606
 07/02  17:00:00,334.875383146,134.894760723
 07/02  18:00:00,393.31788654800005,156.774253792
 07/02  19:00:00,394.805752871,169.75785282799998
 07/02  20:00:00,423.028989631,169.76945638799998
 07/02  21:00:00,405.456231667,162.728271372
 07/02  22:00:00,357.047964013,214.869224059
 07/02  23:00:00,295.181938369,133.57793509200002
 07/02  24:00:00,286.851752965,64.3304653597
 07/03  01:00:00,263.73741631400003,57.3076190698
 07/03  02:00:00,248.721062695,51.3624847742
 07/03  03:00:00,246.946293055,51.359163285600005
 07/03  04:00:00,239.652821271,64.27246361899999
 07/03  05:00:00,275.15450373,123.43473697600001
 07/03  06:00:00,369.33220070699997,205.526002339
 07/03  07:00:00,415.24344787300004,296.194568091
 07/03  08:00:00,364.264402356,243.752068775
 07/03  09:00:00,331.076149393,221.12075705900003
 07/03  10:00:00,282.680310361,206.633614046
 07/03  11:00:00,282.891571423,177.688305343
 07/03  12:00:00,285.553414922,177.61724946
 07/03  13:00:00,272.378807128,169.204084986
 07/03  14:00:00,271.455987811,160.78799217
 07/03  15:00:00,273.21100120299997,169.13590156200002
 07/03  16:00:00,303.02947655099996,152.807223338
 07/03  17:00:00,337.220761696,155.073432477
 07/03  18:00:00,391.149947355,235.15977989799998
 07/03  19:00:00,395.885606851,171.542469318
 07/03  20:00:00,426.444947751,171.050976485
 07/03  21:00:00,411.825067658,227.11221728200002
 07/03  22:00:00,348.319296137,169.66574236600002
 07/03  23:00:00,284.47097509599996,100.57489021100001
 07/03  24:00:00,273.78827583,64.2739716952
 07/04  01:00:00,285.359382145,51.34288228689999
 07/04  02:00:00,264.542786978,57.379470203500006
 07/04  03:00:00,264.122243012,51.3940569678
 07/04  04:00:00,264.743019837,64.4020070614
 07/04  05:00:00,278.890511615,95.18101746709999
 07/04  06:00:00,343.29950322400003,129.984357299
 07/04  07:00:00,369.484701542,231.366011877
 07/04  08:00:00,397.791816289,318.286948129
 07/04  09:00:00,339.305123623,269.59969041799997
 07/04  10:00:00,292.258458749,240.225902372
 07/04  11:00:00,293.18981283,206.80126204200002
 07/04  12:00:00,300.870819543,177.582455673
 07/04  13:00:00,281.83860808400004,169.24264257299998
 07/04  14:00:00,279.07126296,160.78707155200001
 07/04  15:00:00,270.547777498,162.835916841
 07/04  16:00:00,299.446003013,158.896980249
 07/04  17:00:00,331.402554198,141.585183132
 07/04  18:00:00,395.08390804,149.089376988
 07/04  19:00:00,397.709139296,168.774973675
 07/04  20:00:00,422.975661191,172.709012127
 07/04  21:00:00,401.02580363699997,164.073745919
 07/04  22:00:00,356.316970625,215.33698046
 07/04  23:00:00,294.249559811,134.35902739
 07/04  24:00:00,285.982458547,64.3092070064
 07/05  01:00:00,263.166367874,51.3362557534
 07/05  02:00:00,242.464867567,57.3470334621
 07/05  03:00:00,248.255897449,51.2997915404
 07/05  04:00:00,250.122786729,64.2674400804
 07/05  05:00:00,265.294129346,123.38628005700001
 07/05  06:00:00,374.844561834,205.32413098900003
 07/05  07:00:00,407.206947406,296.427977713
 07/05  08:00:00,360.263288225,236.957463191
 07/05  09:00:00,328.294666136,224.750547584
 07/05  10:00:00,280.614954254,209.39564654400002
 07/05  11:00:00,284.279718478,177.634523536
 07/05  12:00:00,285.763760692,174.40359150900002
 07/05  13:00:00,277.904601567,166.046985613
 07/05  14:00:00,279.845535228,160.753060912
 07/05  15:00:00,280.959494652,169.094722436
 07/05  16:00:00,311.713162699,152.790106745
 07/05  17:00:00,347.62040418199996,151.053715004
 07/05  18:00:00,401.407099894,230.232890466
 07/05  19:00:00,408.543616154,166.78554721700002
 07/05  20:00:00,434.925801544,168.297681875
 07/05  21:00:00,414.268496028,221.21168938099999
 07/05  22:00:00,346.36563539300005,171.376770067
 07/05  23:00:00,276.423365789,97.7474322313
 07/05  24:00:00,271.31233694599996,70.3444492981
 07/06  01:00:00,267.891412721,51.2969473822
 07/06  02:00:00,260.01011425,51.2954187709
 07/06  03:00:00,258.713368365,51.294747899300006
 07/06  04:00:00,264.71710067099997,64.24389082180001
 07/06  05:00:00,290.277524874,123.337731235
 07/06  06:00:00,379.729725026,205.158627824
 07/06  07:00:00,407.62213281,295.083176475
 07/06  08:00:00,360.69176489800003,235.891063625
 07/06  09:00:00,329.37879636900004,220.92077918299998
 07/06  10:00:00,285.420782606,208.530001975
 07/06  11:00:00,290.04653302,175.69245597900002
 07/06  12:00:00,292.183575657,177.560928383
 07/06  13:00:00,284.35751587,169.1405946
 07/06  14:00:00,284.56217196,160.746475548
 07/06  15:00:00,285.3402592,162.806045377
 07/06  16:00:00,305.169124783,158.877654928
 07/06  17:00:00,338.34434463,152.160817082
 07/06  18:00:00,398.24588284099997,221.706162115
 07/06  19:00:00,395.61545288800005,167.32842861700001
 07/06  20:00:00,424.75458594699995,169.940879898
 07/06  21:00:00,414.892164051,228.402312693
 07/06  22:00:00,351.78374364900003,166.512534838
 07/06  23:00:00,285.60248053,96.3361617478
 07/06  24:00:00,270.182872413,70.3327740966
 07/07  01:00:00,261.650887539,51.2903843383
 07/07  02:00:00,255.28228874400003,51.290304831099995
 07/07  03:00:00,252.87624298400002,51.289601814300006
 07/07  04:00:00,259.809641392,70.3397401563
 07/07  05:00:00,285.089167326,116.94724408
 07/07  06:00:00,377.49980171199996,205.117975818
 07/07  07:00:00,414.70792182599996,295.53241115599997
 07/07  08:00:00,369.20611649,236.97139630400002
 07/07  09:00:00,334.195968232,224.554888412
 07/07  10:00:00,284.241290023,208.88009025099998
 07/07  11:00:00,284.335092664,175.372467675
 07/07  12:00:00,280.750791165,173.501873297
 07/07  13:00:00,272.35608979200003,169.12581606
 07/07  14:00:00,273.489456391,160.717522651
 07/07  15:00:00,274.992260965,162.794266725
 07/07  16:00:00,306.197580687,158.872272516
 07/07  17:00:00,341.013796624,151.931788308
 07/07  18:00:00,395.028940022,233.382465249
 07/07  19:00:00,402.647003653,171.533647109
 07/07  20:00:00,432.937289323,172.071775247
 07/07  21:00:00,414.338464146,223.11079474
 07/07  22:00:00,345.85059903300004,172.06117151900003
 07/07  23:00:00,276.60693755200003,98.183614894
 07/07  24:00:00,270.725422599,70.3226861996
 07/08  01:00:00,275.554986062,51.2873949716
 07/08  02:00:00,255.790777342,51.2842903904
 07/08  03:00:00,248.933689958,51.33142718479999
 07/08  04:00:00,247.010445362,64.35755851020001
 07/08  05:00:00,256.554360054,88.778892488
 07/08  06:00:00,334.172310497,132.056845241
 07/08  07:00:00,376.622164839,228.350867002
 07/08  08:00:00,412.700281782,317.40286265599997
 07/08  09:00:00,355.699768662,264.456615654
 07/08  10:00:00,296.227492994,237.48261203799998
 07/08  11:00:00,285.96955032299996,206.665001728
 07/08  12:00:00,287.788025649,177.677498388
 07/08  13:00:00,280.71673206,169.27245112100002
 07/08  14:00:00,282.71118145400004,160.854844413
 07/08  15:00:00,285.042722132,169.178545987
 07/08  16:00:00,314.28604427,158.904561159
 07/08  17:00:00,340.35936706,135.02323723700002
 07/08  18:00:00,406.932259216,157.782043211
 07/08  19:00:00,399.0552289,171.875894322
 07/08  20:00:00,413.727360739,170.92348647
 07/08  21:00:00,409.26874312300004,160.516945841
 07/08  22:00:00,353.86114057199995,216.56143404099998
 07/08  23:00:00,280.115681809,128.659262227
 07/08  24:00:00,273.103449586,64.22714104239999
 07/09  01:00:00,285.25763941400004,57.3136277686
 07/09  02:00:00,267.040276796,51.3153540667
 07/09  03:00:00,264.80228404,51.315720376499996
 07/09  04:00:00,265.394175632,64.33320358729999
 07/09  05:00:00,276.546940768,88.90185097620001
 07/09  06:00:00,340.961664893,132.20284998399998
 07/09  07:00:00,369.50984534400004,227.963822733
 07/09  08:00:00,396.68417551,316.91251032099996
 07/09  09:00:00,337.941329328,264.534411192
 07/09  10:00:00,296.281050225,237.56427278599998
 07/09  11:00:00,295.71451164900003,213.124554182
 07/09  12:00:00,296.86462777400004,171.227982208
 07/09  13:00:00,279.42540249,169.175940527
 07/09  14:00:00,281.186202547,160.69719352299998
 07/09  15:00:00,282.67133958,162.762508139
 07/09  16:00:00,302.573326149,158.849907125
 07/09  17:00:00,323.275159021,134.098364994
 07/09  18:00:00,386.973994141,157.62794780299998
 07/09  19:00:00,393.13789403699997,171.051261995
 07/09  20:00:00,420.482252941,165.965201012
 07/09  21:00:00,398.20513267300004,165.533391754
 07/09  22:00:00,342.98667751700003,214.58565209
 07/09  23:00:00,279.076651865,127.041961322
 07/09  24:00:00,281.087764258,70.3568883022
 07/10  01:00:00,261.660478629,51.3004665533
 07/10  02:00:00,246.217389113,51.317838363199996
 07/10  03:00:00,247.34336421,51.3294460826
 07/10  04:00:00,250.554368492,64.217669446
 07/10  05:00:00,265.677169495,119.82585071700001
 07/10  06:00:00,379.04210734800006,208.585835566
 07/10  07:00:00,407.34095073300006,287.82481188400004
 07/10  08:00:00,359.861809521,243.27429721299998
 07/10  09:00:00,327.091690326,219.404610478
 07/10  10:00:00,281.14556942,204.512834553
 07/10  11:00:00,284.526866041,174.46607818
 07/10  12:00:00,285.790351452,177.495726958
 07/10  13:00:00,277.917942402,169.087123935
 07/10  14:00:00,278.72840138099997,154.416781939
 07/10  15:00:00,274.091403254,169.013517775
 07/10  16:00:00,299.184321281,158.841385745
 07/10  17:00:00,337.14654201900004,149.029969481
 07/10  18:00:00,391.76479074199995,229.65096378
 07/10  19:00:00,398.122730065,170.17779280000002
 07/10  20:00:00,428.95211740900004,172.04077294799998
 07/10  21:00:00,412.049084208,222.316052189
 07/10  22:00:00,344.45645653599996,171.32656592
 07/10  23:00:00,279.169685725,100.175489345
 07/10  24:00:00,268.414395678,64.2126782524
 07/11  01:00:00,255.648689545,51.311042406300004
 07/11  02:00:00,245.79868709099998,51.2731540622
 07/11  03:00:00,245.141437181,51.2723374172
 07/11  04:00:00,239.836407169,70.3058266104
 07/11  05:00:00,280.89842667,116.84483683200001
 07/11  06:00:00,379.348996073,204.747673842
 07/11  07:00:00,412.546333362,293.023963275
 07/11  08:00:00,366.914220863,238.67330971099997
 07/11  09:00:00,332.173164968,220.70116895700002
 07/11  10:00:00,278.417064081,206.376553405
 07/11  11:00:00,282.980444616,177.553282908
 07/11  12:00:00,285.399648625,171.20108255
 07/11  13:00:00,275.343754314,169.06872465799998
 07/11  14:00:00,277.585900089,160.671072676
 07/11  15:00:00,278.153356982,162.734365464
 07/11  16:00:00,306.859495752,158.83115427
 07/11  17:00:00,341.931768227,147.86823470299998
 07/11  18:00:00,396.98146708400003,233.15493139900002
 07/11  19:00:00,401.621984596,164.89868601700002
 07/11  20:00:00,428.72233526800005,169.310704151
 07/11  21:00:00,408.56365867,222.22629374599998
 07/11  22:00:00,350.779685845,172.10033504
 07/11  23:00:00,286.22654358299997,99.3121963459
 07/11  24:00:00,258.904326477,64.2043778829
 07/12  01:00:00,253.761625447,51.2680149572
 07/12  02:00:00,245.656983217,51.2696284602
 07/12  03:00:00,233.240281615,51.2670893554
 07/12  04:00:00,253.61221975799998,70.2828378101
 07/12  05:00:00,271.928841703,116.79828823700001
 07/12  06:00:00,380.381494557,204.66424548400002
 07/12  07:00:00,411.34036608300005,287.504021232
 07/12  08:00:00,363.53924095400004,243.16670088
 07/12  09:00:00,331.334969817,220.659917017
 07/12  10:00:00,282.931166585,202.513199035
 07/12  11:00:00,283.15757954,175.00784781299998
 07/12  12:00:00,285.22156845,177.45947868
 07/12  13:00:00,268.657474148,169.05433354299998
 07/12  14:00:00,270.512878659,154.40821628700002
 07/12  15:00:00,276.69219145299996,168.997254471
 07/12  16:00:00,305.146724654,152.74620066100002
 07/12  17:00:00,338.924780963,155.68448558
 07/12  18:00:00,390.030604715,228.017984739
 07/12  19:00:00,396.78506863800004,172.093883534
 07/12  20:00:00,427.15334129300004,172.03881201
 07/12  21:00:00,412.79668014599997,219.91799222
 07/12  22:00:00,345.58870487300004,164.775267517
 07/12  23:00:00,279.089630803,98.95560321229999
 07/12  24:00:00,270.44856819299997,70.2969798692
 07/13  01:00:00,255.117292537,51.2649612125
 07/13  02:00:00,241.56775458299998,51.2643398807
 07/13  03:00:00,248.397443659,51.2637880889
 07/13  04:00:00,242.69108421,64.1928803791
 07/13  05:00:00,280.066535472,116.80159462399999
 07/13  06:00:00,378.285291841,204.600693065
 07/13  07:00:00,415.27727177800006,291.987391902
 07/13  08:00:00,370.994299621,238.436017837
 07/13  09:00:00,338.036397875,220.62427238799998
 07/13  10:00:00,285.98783046200003,206.34989309999997
 07/13  11:00:00,285.885707444,171.260775491
 07/13  12:00:00,284.669876892,177.465780762
 07/13  13:00:00,274.453157026,169.057947853
 07/13  14:00:00,272.321763148,154.394728919
 07/13  15:00:00,269.404428535,168.96958257
 07/13  16:00:00,303.778008955,152.740554839
 07/13  17:00:00,351.036513273,156.745256116
 07/13  18:00:00,400.30130292800004,229.702607575
 07/13  19:00:00,407.381103835,173.030400627
 07/13  20:00:00,440.66739244400003,173.429938592
 07/13  21:00:00,424.974002214,223.561642435
 07/13  22:00:00,358.92306682199995,166.63430131799998
 07/13  23:00:00,291.403523055,100.56805151
 07/13  24:00:00,256.604654584,69.5206828087
 07/14  01:00:00,220.381927897,46.114525655200005
 07/14  02:00:00,223.57124311799998,51.346418587399995
 07/14  03:00:00,234.138738579,51.4504212366
 07/14  04:00:00,241.914022478,70.3815179124
 07/14  05:00:00,273.338567914,116.82707808299999
 07/14  06:00:00,371.099111651,204.55844737
 07/14  07:00:00,411.560443686,288.111739074
 07/14  08:00:00,367.79064280800003,241.433328847
 07/14  09:00:00,335.886438054,216.10324191599997
 07/14  10:00:00,283.41901532,206.3291125
 07/14  11:00:00,280.172673938,177.51599772900002
 07/14  12:00:00,278.47495766099996,177.441999928
 07/14  13:00:00,269.112532961,162.779063585
 07/14  14:00:00,267.076283415,160.652696669
 07/14  15:00:00,269.81846069,162.721373817
 07/14  16:00:00,300.49642222299997,158.813124894
 07/14  17:00:00,339.112898729,150.435408656
 07/14  18:00:00,393.152868146,234.553527323
 07/14  19:00:00,394.970507198,168.402139142
 07/14  20:00:00,425.05939521199997,173.285458104
 07/14  21:00:00,410.55035822300005,222.522509268
 07/14  22:00:00,345.507557698,173.109409684
 07/14  23:00:00,282.495864875,94.24940161459999
 07/14  24:00:00,259.9729321,70.2709646328
 07/15  01:00:00,246.61230491799998,51.2588734154
 07/15  02:00:00,240.28392128299998,51.2707685716
 07/15  03:00:00,239.72127291799998,51.2836460579
 07/15  04:00:00,249.282294925,64.1979979599
 07/15  05:00:00,249.71459908,88.7288765755
 07/15  06:00:00,346.714598164,125.477938328
 07/15  07:00:00,364.420081086,228.63455021099998
 07/15  08:00:00,403.580034632,315.444583725
 07/15  09:00:00,354.972000399,265.25008787400003
 07/15  10:00:00,296.65817584900003,236.216337713
 07/15  11:00:00,284.709815187,207.459139217
 07/15  12:00:00,283.934113505,172.08207587
 07/15  13:00:00,276.820753309,168.380661738
 07/15  14:00:00,279.97887522599996,160.762655754
 07/15  15:00:00,283.125990804,169.094326499
 07/15  16:00:00,313.567304831,152.758772273
 07/15  17:00:00,341.207083683,132.61522447299998
 07/15  18:00:00,407.07399980400004,154.46433446700001
 07/15  19:00:00,395.663050345,170.175930589
 07/15  20:00:00,408.81733410699997,165.56049501799998
 07/15  21:00:00,414.737537365,164.51275557399998
 07/15  22:00:00,358.46865521300003,213.92406154
 07/15  23:00:00,286.305215511,127.35185324700001
 07/15  24:00:00,272.77980639099997,64.1812288902
 07/16  01:00:00,275.64995903,51.2904066423
 07/16  02:00:00,248.10393431,55.977067878
 07/16  03:00:00,254.621625195,52.5953072797
 07/16  04:00:00,258.221650818,64.1888503071
 07/16  05:00:00,268.119773217,88.84112666680001
 07/16  06:00:00,343.266218477,125.642611001
 07/16  07:00:00,368.43867582300004,227.53421701
 07/16  08:00:00,395.75304231,315.990874287
 07/16  09:00:00,337.449375224,264.061041315
 07/16  10:00:00,295.343352429,237.295578124
 07/16  11:00:00,295.175500499,206.47726265900002
 07/16  12:00:00,294.71758215,172.703888529
 07/16  13:00:00,274.34537529799996,167.52833014200002
 07/16  14:00:00,273.249076457,160.6083246
 07/16  15:00:00,278.037470278,162.702924297
 07/16  16:00:00,307.666263933,158.815135336
 07/16  17:00:00,332.597751976,134.773101567
 07/16  18:00:00,390.454366569,150.712675259
 07/16  19:00:00,397.067238868,170.952446671
 07/16  20:00:00,419.342522906,162.935536738
 07/16  21:00:00,402.50292258900004,161.156592948
 07/16  22:00:00,350.65462178,213.25955701799998
 07/16  23:00:00,290.075224059,124.752095087
 07/16  24:00:00,284.595955597,66.9832932562
 07/17  01:00:00,261.460554378,51.2624769383
 07/17  02:00:00,248.223952992,51.313485696899996
 07/17  03:00:00,250.843638899,51.3023954943
 07/17  04:00:00,252.31036012799999,64.3005430685
 07/17  05:00:00,285.077607354,116.78794406200001
 07/17  06:00:00,379.397646255,204.47138272599997
 07/17  07:00:00,406.534669585,286.708440228
 07/17  08:00:00,358.86748870199995,240.316928333
 07/17  09:00:00,328.464315535,216.012929333
 07/17  10:00:00,277.68729929299997,206.24998755099998
 07/17  11:00:00,281.090471632,177.47877754299998
 07/17  12:00:00,283.559249362,177.410458681
 07/17  13:00:00,275.881756649,162.742051451
 07/17  14:00:00,276.755385278,157.00689349
 07/17  15:00:00,277.284225898,166.263968791
 07/17  16:00:00,305.845333511,155.034161959
 07/17  17:00:00,333.906900195,151.975165533
 07/17  18:00:00,389.49436903300005,227.54240432900002
 07/17  19:00:00,408.06478392199995,171.09639542899998
 07/17  20:00:00,437.09052674099996,165.064260605
 07/17  21:00:00,419.29164386199994,221.726227858
 07/17  22:00:00,352.94088134199995,171.68953277399999
 07/17  23:00:00,286.189854387,99.25476996409999
 07/17  24:00:00,266.85950720200003,64.1711925348
 07/18  01:00:00,256.189236214,51.293602275699996
 07/18  02:00:00,235.57695057200002,51.24872405359999
 07/18  03:00:00,242.84529128,51.2491277562
 07/18  04:00:00,249.176928898,64.175650641
 07/18  05:00:00,271.055432403,116.69689635299999
 07/18  06:00:00,382.282755511,204.34543321099997
 07/18  07:00:00,408.376242581,287.025024727
 07/18  08:00:00,360.595184316,235.83587926099997
 07/18  09:00:00,327.454296166,220.458971687
 07/18  10:00:00,280.14155599,206.24391420700002
 07/18  11:00:00,282.630650646,177.477732887
 07/18  12:00:00,282.760504198,171.133910716
 07/18  13:00:00,268.084783646,168.997924351
 07/18  14:00:00,274.068103911,154.354992706
 07/18  15:00:00,277.072024904,168.936116161
 07/18  16:00:00,304.299157796,152.713538858
 07/18  17:00:00,341.585146102,149.915012332
 07/18  18:00:00,394.36687033199996,235.30686292
 07/18  19:00:00,399.260379859,166.190619532
 07/18  20:00:00,430.08357661,172.89257348799998
 07/18  21:00:00,414.45601816,223.06166798599997
 07/18  22:00:00,349.932680655,166.17118056299998
 07/18  23:00:00,283.416483547,100.170913591
 07/18  24:00:00,260.343102214,70.2477699922
 07/19  01:00:00,237.206458352,45.3220463381
 07/19  02:00:00,237.33483090299998,51.3906625631
 07/19  03:00:00,239.756998632,51.2692467589
 07/19  04:00:00,242.85946090099998,70.3428814418
 07/19  05:00:00,262.097701908,116.726964966
 07/19  06:00:00,381.09021395199994,201.959053158
 07/19  07:00:00,409.90644007300006,289.847851897
 07/19  08:00:00,365.92620778699995,236.141650625
 07/19  09:00:00,335.28353986,220.443396566
 07/19  10:00:00,284.76062199,199.77985234
 07/19  11:00:00,284.51907864099996,177.48520109400002
 07/19  12:00:00,284.401075219,177.404518675
 07/19  13:00:00,275.510099565,162.735565575
 07/19  14:00:00,272.178756961,160.576576221
 07/19  15:00:00,274.57970287,162.663433496
 07/19  16:00:00,307.851103384,158.784494034
 07/19  17:00:00,341.96334862599997,147.396788521
 07/19  18:00:00,395.458182497,225.980885125
 07/19  19:00:00,400.90054023199997,170.706479226
 07/19  20:00:00,430.32277449800006,164.754434333
 07/19  21:00:00,412.362978311,221.01225393099998
 07/19  22:00:00,344.25389284199997,170.297426265
 07/19  23:00:00,278.442610562,93.1901322442
 07/19  24:00:00,272.14556441599996,69.9060884397
 07/20  01:00:00,260.887853965,51.264028527
 07/20  02:00:00,241.89616287799998,51.243519067200005
 07/20  03:00:00,247.95423825900002,46.6059032199
 07/20  04:00:00,242.849076765,68.887622998
 07/20  05:00:00,279.613464233,116.673767377
 07/20  06:00:00,381.020284993,204.28538998
 07/20  07:00:00,411.50346366699995,286.41769323
 07/20  08:00:00,362.19998307099996,235.35375117
 07/20  09:00:00,329.136693659,220.41035059
 07/20  10:00:00,281.94302527900004,206.185452569
 07/20  11:00:00,284.685179759,171.233391626
 07/20  12:00:00,287.17095913099996,177.390356025
 07/20  13:00:00,279.174300358,162.719303402
 07/20  14:00:00,280.712653148,160.58086594
 07/20  15:00:00,284.415651977,162.651627311
 07/20  16:00:00,316.718669557,158.781708975
 07/20  17:00:00,348.763354944,144.336897166
 07/20  18:00:00,401.48641788699996,221.86502122299999
 07/20  19:00:00,405.63492192300004,166.594063532
 07/20  20:00:00,433.542836277,163.156079885
 07/20  21:00:00,415.702573044,220.45905715400002
 07/20  22:00:00,347.917106157,169.461810066
 07/20  23:00:00,279.268274539,90.43028146340001
 07/20  24:00:00,274.525910754,70.2414238332
 07/21  01:00:00,270.902055638,51.243599763
 07/21  02:00:00,262.665207795,51.2423975055
 07/21  03:00:00,261.354530473,45.257217644700006
 07/21  04:00:00,268.810342138,70.23765511149999
 07/21  05:00:00,294.96278710900003,116.67567746
 07/21  06:00:00,386.023104107,204.25188339599998
 07/21  07:00:00,404.34674056800003,285.506186405
 07/21  08:00:00,356.390611075,234.549514987
 07/21  09:00:00,329.243559468,220.396796852
 07/21  10:00:00,284.498925135,199.740785935
 07/21  11:00:00,288.591657465,177.457630367
 07/21  12:00:00,290.98332289999996,177.38076084099998
 07/21  13:00:00,282.85610882099996,162.713955766
 07/21  14:00:00,284.88071864200003,160.574840811
 07/21  15:00:00,287.016014471,162.64640263299998
 07/21  16:00:00,319.327047269,157.316953408
 07/21  17:00:00,351.18366034300004,145.794589993
 07/21  18:00:00,403.557118572,220.791108512
 07/21  19:00:00,409.89807453599997,163.51412219
 07/21  20:00:00,442.56875926,156.82342736
 07/21  21:00:00,420.784876941,213.86090996
 07/21  22:00:00,351.22355318900003,162.196602555
 07/21  23:00:00,280.57427458,94.16039908209999
 07/21  24:00:00,269.21338132200003,70.2373489958
 07/22  01:00:00,280.703476256,45.256059481899996
 07/22  02:00:00,262.805640837,51.241432699300006
 07/22  03:00:00,262.050920129,51.2419227585
 07/22  04:00:00,268.608624467,65.69789380510001
 07/22  05:00:00,279.801150187,87.091408163
 07/22  06:00:00,353.722279639,126.114976086
 07/22  07:00:00,357.231214019,225.390102977
 07/22  08:00:00,394.031129531,311.259900701
 07/22  09:00:00,349.303911385,264.900034236
 07/22  10:00:00,299.644906938,231.598384681
 07/22  11:00:00,296.367535028,206.38907613
 07/22  12:00:00,299.642182445,177.512436085
 07/22  13:00:00,292.666382973,169.120158487
 07/22  14:00:00,295.204322216,154.448231687
 07/22  15:00:00,297.943265303,169.040626853
 07/22  16:00:00,331.604739794,158.823853111
 07/22  17:00:00,355.66479888,130.46460931
 07/22  18:00:00,425.244781713,144.503672697
 07/22  19:00:00,417.569707835,163.401189681
 07/22  20:00:00,430.78601972800004,156.78869083200001
 07/22  21:00:00,423.110121864,155.082821753
 07/22  22:00:00,363.61592776199996,201.40383634
 07/22  23:00:00,286.06137032,125.09668111200001
 07/22  24:00:00,265.551818059,64.15445457979999
 07/23  01:00:00,289.15625824299997,51.276942536099995
 07/23  02:00:00,271.585705223,51.277130829399994
 07/23  03:00:00,270.48230737299997,51.276686640600005
 07/23  04:00:00,276.965886221,64.15292843430001
 07/23  05:00:00,287.62559207,88.7130863351
 07/23  06:00:00,353.241902604,126.473912877
 07/23  07:00:00,363.70617792800005,224.298802976
 07/23  08:00:00,393.891974657,310.486584779
 07/23  09:00:00,344.469251148,266.877494011
 07/23  10:00:00,306.597110031,230.464160165
 07/23  11:00:00,306.70514700900003,206.377998455
 07/23  12:00:00,308.263775008,177.36516431099997
 07/23  13:00:00,289.056643918,168.632578637
 07/23  14:00:00,293.405662789,154.717902948
 07/23  15:00:00,299.200896325,162.642197895
 07/23  16:00:00,335.313000559,158.77040531
 07/23  17:00:00,335.925758741,130.460674674
 07/23  18:00:00,384.543879605,148.212976818
 07/23  19:00:00,387.340756227,167.780698418
 07/23  20:00:00,419.34960172800004,161.243663236
 07/23  21:00:00,397.111187536,157.766025671
 07/23  22:00:00,343.181623103,207.260670506
 07/23  23:00:00,277.796454188,123.710352575
 07/23  24:00:00,279.453009125,66.0645589277
 07/24  01:00:00,265.673250557,49.4029207233
 07/24  02:00:00,258.081600771,51.2403488762
 07/24  03:00:00,257.082475933,51.2389770297
 07/24  04:00:00,264.667549648,64.18946388100001
 07/24  05:00:00,290.97353924,116.69289283799999
 07/24  06:00:00,383.441837089,204.255270187
 07/24  07:00:00,406.310076467,286.10541076
 07/24  08:00:00,359.533233844,235.241709162
 07/24  09:00:00,326.836303893,220.35943556
 07/24  10:00:00,280.29755576,206.18634231099998
 07/24  11:00:00,286.040174215,175.68369575
 07/24  12:00:00,290.379029229,172.853522755
 07/24  13:00:00,283.303631386,168.96159841600002
 07/24  14:00:00,286.86633029,154.30200848299998
 07/24  15:00:00,291.078065771,162.63712829
 07/24  16:00:00,330.855808695,158.770242314
 07/24  17:00:00,358.29916559599997,144.284571134
 07/24  18:00:00,410.70124651099997,220.740936678
 07/24  19:00:00,419.198975185,163.48158848399999
 07/24  20:00:00,448.14400318599996,156.888811256
 07/24  21:00:00,413.571976035,216.99351146900003
 07/24  22:00:00,343.330755151,169.687417179
 07/24  23:00:00,280.770221851,91.326647024
 07/24  24:00:00,268.788343636,70.2304566752
 07/25  01:00:00,264.917795332,45.252972480100006
 07/25  02:00:00,258.048187035,51.239473388
 07/25  03:00:00,258.004955538,51.2385245937
 07/25  04:00:00,266.433856949,64.5966543693
 07/25  05:00:00,293.94609111299997,116.194486918
 07/25  06:00:00,385.090556535,204.18371073900002
 07/25  07:00:00,398.63117959,284.90439782
 07/25  08:00:00,355.758746705,234.976556305
 07/25  09:00:00,329.199449533,220.357815087
 07/25  10:00:00,282.170904666,206.18023070599997
 07/25  11:00:00,282.973074776,176.61576912
 07/25  12:00:00,280.674564329,171.91792207400002
 07/25  13:00:00,269.411594884,168.958597792
 07/25  14:00:00,268.297898938,154.290679687
 07/25  15:00:00,267.098883449,162.633631869
 07/25  16:00:00,300.005037502,158.77237903399998
 07/25  17:00:00,337.41819343599997,147.179345772
 07/25  18:00:00,390.442792589,226.420999301
 07/25  19:00:00,395.47266717599996,171.181744565
 07/25  20:00:00,431.082797736,164.04440546200001
 07/25  21:00:00,412.129834721,221.47675353900001
 07/25  22:00:00,346.144412317,169.665908382
 07/25  23:00:00,282.927328071,93.1639550316
 07/25  24:00:00,272.977263322,69.5763826326
 07/26  01:00:00,267.527108123,45.8939326279
 07/26  02:00:00,259.953177894,51.2399272773
 07/26  03:00:00,258.521076779,51.238357692600005
 07/26  04:00:00,266.111352792,64.1919062587
 07/26  05:00:00,291.789858314,116.689091231
 07/26  06:00:00,384.02033141,204.232707632
 07/26  07:00:00,408.36044161300003,286.144027654
 07/26  08:00:00,363.97850314699997,235.25827222599997
 07/26  09:00:00,331.552862268,220.364736626
 07/26  10:00:00,281.053533185,206.180175486
 07/26  11:00:00,286.318177364,171.162755715
 07/26  12:00:00,291.275470576,177.36216963200002
 07/26  13:00:00,283.832176146,164.856291512
 07/26  14:00:00,286.95639926,158.409425637
 07/26  15:00:00,296.258407105,162.635598386
 07/26  16:00:00,331.317810416,158.770573021
 07/26  17:00:00,355.447605333,144.270253419
 07/26  18:00:00,404.817530519,220.721727958
 07/26  19:00:00,411.81635711900003,163.476545583
 07/26  20:00:00,446.99107257099996,156.75970191
 07/26  21:00:00,423.342243432,213.148901335
 07/26  22:00:00,351.53059174,158.821970128
 07/26  23:00:00,280.738466684,95.67403534799999
 07/26  24:00:00,266.739387575,64.1473150404
 07/27  01:00:00,270.461763253,51.237198190600004
 07/27  02:00:00,262.105391571,51.2391915394
 07/27  03:00:00,261.483597193,51.2374235425
 07/27  04:00:00,267.812885865,64.1474874025
 07/27  05:00:00,294.299221863,116.637908831
 07/27  06:00:00,385.170797465,204.138547813
 07/27  07:00:00,398.60411412199994,283.771496419
 07/27  08:00:00,354.17219002,232.138997943
 07/27  09:00:00,331.168520012,220.345179315
 07/27  10:00:00,288.46384877099996,206.182078184
 07/27  11:00:00,293.287428171,171.164089177
 07/27  12:00:00,295.779916643,177.3576864
 07/27  13:00:00,287.330565174,162.700907161
 07/27  14:00:00,289.045227986,160.559794915
 07/27  15:00:00,291.254939477,162.629537446
 07/27  16:00:00,323.68013888400003,158.76669029
 07/27  17:00:00,353.569562552,144.669499557
 07/27  18:00:00,405.08470118,222.86518077
 07/27  19:00:00,409.433304845,166.004011148
 07/27  20:00:00,437.42112922800004,160.597766806
 07/27  21:00:00,412.377241699,219.346383524
 07/27  22:00:00,343.340963966,163.299702223
 07/27  23:00:00,274.516983842,96.2054198853
 07/27  24:00:00,266.42875683299997,64.1477701828
 07/28  01:00:00,266.869250159,51.2398575446
 07/28  02:00:00,259.657703922,51.236531301199996
 07/28  03:00:00,259.593491389,51.239155178500006
 07/28  04:00:00,268.165067919,64.1481462669
 07/28  05:00:00,295.42469674,116.646419916
 07/28  06:00:00,386.749947051,204.14331339700001
 07/28  07:00:00,404.461380913,285.18638469
 07/28  08:00:00,356.302957451,233.86047002400002
 07/28  09:00:00,329.982176468,220.338539871
 07/28  10:00:00,285.95236997,206.184301398
 07/28  11:00:00,293.044313758,171.167795254
 07/28  12:00:00,297.315799105,177.362183715
 07/28  13:00:00,286.09473868599997,162.697811721
 07/28  14:00:00,287.107880891,160.556189216
 07/28  15:00:00,291.88876769999996,162.63233874
 07/28  16:00:00,327.935143747,158.761541317
 07/28  17:00:00,357.631754045,144.263253685
 07/28  18:00:00,407.656558922,220.714655332
 07/28  19:00:00,411.51165178400004,163.580360106
 07/28  20:00:00,444.07903032699994,157.760184055
 07/28  21:00:00,420.62257534599996,214.72357851700002
 07/28  22:00:00,349.417063616,160.054597471
 07/28  23:00:00,279.125711121,96.7451464961
 07/28  24:00:00,266.25598959900003,64.14810571699999
 07/29  01:00:00,278.97426227,51.2383419224
 07/29  02:00:00,261.17785855,51.237900851999996
 07/29  03:00:00,260.880147133,51.23870728
 07/29  04:00:00,267.413937498,64.1487019623
 07/29  05:00:00,279.015688568,88.65305538610001
 07/29  06:00:00,353.829574195,125.28650764700001
 07/29  07:00:00,353.316747826,225.40798061700002
 07/29  08:00:00,392.72015256300006,306.161306167
 07/29  09:00:00,350.45260737,263.562299714
 07/29  10:00:00,301.217579259,237.002788595
 07/29  11:00:00,297.865016627,206.36737301
 07/29  12:00:00,300.901929914,177.50677475700002
 07/29  13:00:00,292.664826688,162.834278749
 07/29  14:00:00,295.32590595,160.701955672
 07/29  15:00:00,295.977244439,162.765296073
 07/29  16:00:00,323.835194333,158.81960138899998
 07/29  17:00:00,347.325468056,130.45273743799999
 07/29  18:00:00,412.408004936,150.793619247
 07/29  19:00:00,403.456752344,157.310996698
 07/29  20:00:00,422.69768456300005,165.617419603
 07/29  21:00:00,415.95883171400004,152.818413117
 07/29  22:00:00,359.843788684,210.623604847
 07/29  23:00:00,284.30769669200004,125.654395651
 07/29  24:00:00,271.760968203,64.1490151734
 07/30  01:00:00,290.54081942700003,51.2736114559
 07/30  02:00:00,272.858425597,51.2722569262
 07/30  03:00:00,271.738216554,51.2732660785
 07/30  04:00:00,278.066699019,64.1479729288
 07/30  05:00:00,289.165196052,88.717574745
 07/30  06:00:00,354.284490495,131.86013992899998
 07/30  07:00:00,362.39687658300005,223.60273183099997
 07/30  08:00:00,392.78504182800003,309.010343732
 07/30  09:00:00,341.176406169,263.762239555
 07/30  10:00:00,301.209879602,237.12894990900003
 07/30  11:00:00,301.192728498,206.373263381
 07/30  12:00:00,305.51637858,171.104547253
 07/30  13:00:00,289.063309046,169.034458971
 07/30  14:00:00,294.679993783,154.303211754
 07/30  15:00:00,304.9627292,162.64001927299998
 07/30  16:00:00,335.61111566700004,158.775569875
 07/30  17:00:00,353.78890667699994,130.458610483
 07/30  18:00:00,415.61623221199994,144.414014637
 07/30  19:00:00,416.76001049900003,163.259642638
 07/30  20:00:00,444.632485805,156.571314826
 07/30  21:00:00,415.41580151,155.05718602
 07/30  22:00:00,355.703326077,199.489699325
 07/30  23:00:00,288.011144956,123.02416360299999
 07/30  24:00:00,281.23613883,70.2765199781
 07/31  01:00:00,274.07338881,45.2531465469
 07/31  02:00:00,264.797241425,51.239686426599995
 07/31  03:00:00,263.46331454799997,51.239031318
 07/31  04:00:00,269.298562754,64.8242190638
 07/31  05:00:00,294.99012794,115.937251411
 07/31  06:00:00,386.104428088,204.12394135
 07/31  07:00:00,400.612369291,283.90331901900004
 07/31  08:00:00,355.370040839,233.104788075
 07/31  09:00:00,331.99050419,219.909805001
 07/31  10:00:00,289.848111831,206.179242808
 07/31  11:00:00,297.198665232,177.439211459
 07/31  12:00:00,301.004964311,171.104101353
 07/31  13:00:00,301.22722834900003,168.9631813
 07/31  14:00:00,330.81394781299997,154.31131282
 07/31  15:00:00,335.306415501,162.640537352
 07/31  16:00:00,362.679087366,158.771332816
 07/31  17:00:00,384.423032317,144.286483221
 07/31  18:00:00,435.52348150800003,220.74368699400003
 07/31  19:00:00,447.612710541,163.474760038
 07/31  20:00:00,475.03125520099996,156.777639526
 07/31  21:00:00,441.97962899099997,212.590082209
 07/31  22:00:00,363.430384166,161.82079696899999
 07/31  23:00:00,286.398632038,82.6100777231
 07/31  24:00:00,253.78272054099997,70.22638885180001
 08/01  01:00:00,267.253319374,45.254833910500004
 08/01  02:00:00,259.426954207,51.239564781000006
 08/01  03:00:00,258.181560091,51.2406762325
 08/01  04:00:00,265.047979601,70.2319890425
 08/01  05:00:00,290.884870911,115.061580575
 08/01  06:00:00,383.46335394,198.89170899200002
 08/01  07:00:00,404.622656575,286.12064661
 08/01  08:00:00,357.200529571,237.183947322
 08/01  09:00:00,329.605870411,214.247887588
 08/01  10:00:00,284.754326314,206.179696053
 08/01  11:00:00,286.13950212099996,177.451474397
 08/01  12:00:00,285.472284593,171.098078759
 08/01  13:00:00,277.754173939,168.971798374
 08/01  14:00:00,280.06118380099997,154.308993076
 08/01  15:00:00,280.430173583,166.999443489
 08/01  16:00:00,309.763400875,154.52231879200002
 08/01  17:00:00,343.573907552,146.647006418
 08/01  18:00:00,396.03333227300004,226.34534884
 08/01  19:00:00,400.87467147300003,168.767590134
 08/01  20:00:00,436.497612284,167.634253439
 08/01  21:00:00,419.88951423199995,217.076063128
 08/01  22:00:00,358.05685061199995,165.997128265
 08/01  23:00:00,289.342937154,97.6990742881
 08/01  24:00:00,276.417173655,64.15203547649999
 08/02  01:00:00,271.048016904,51.2430266813
 08/02  02:00:00,262.88262980400003,51.2398872552
 08/02  03:00:00,261.677719174,45.694317375
 08/02  04:00:00,268.199310605,69.79896800680001
 08/02  05:00:00,294.500213164,116.677240526
 08/02  06:00:00,388.58884540699995,204.229405882
 08/02  07:00:00,401.529151969,285.523008887
 08/02  08:00:00,353.842011144,234.194512716
 08/02  09:00:00,326.59253833099996,220.37848618700002
 08/02  10:00:00,276.169875783,199.72664452599997
 08/02  11:00:00,276.306461351,177.43664324
 08/02  12:00:00,276.433506398,177.37786418
 08/02  13:00:00,267.85023611599996,162.724892336
 08/02  14:00:00,268.89213233099997,158.763606945
 08/02  15:00:00,270.171050191,164.44608564700002
 08/02  16:00:00,299.85242529,152.68410776
 08/02  17:00:00,332.975872827,155.471289738
 08/02  18:00:00,386.470514326,229.26826515
 08/02  19:00:00,392.05030491599996,169.707851536
 08/02  20:00:00,426.029144306,167.440032504
 08/02  21:00:00,411.141275635,222.03981218099997
 08/02  22:00:00,348.02999161900004,165.555895488
 08/02  23:00:00,281.442471158,99.65452127340001
 08/02  24:00:00,269.930860112,64.15372930550001
 08/03  01:00:00,265.64557888900003,51.2431405138
 08/03  02:00:00,258.69402616,51.2776617599
 08/03  03:00:00,258.056711648,51.2944040979
 08/03  04:00:00,265.741881045,64.34521544729999
 08/03  05:00:00,292.432149067,116.78155879200001
 08/03  06:00:00,387.846891839,204.364820629
 08/03  07:00:00,401.61671904599996,287.239936138
 08/03  08:00:00,355.33777550900004,236.152830075
 08/03  09:00:00,324.54278253,220.399350405
 08/03  10:00:00,278.198861251,206.199502648
 08/03  11:00:00,280.40022048099996,177.453899309
 08/03  12:00:00,282.06759385099997,171.118939373
 08/03  13:00:00,267.663120156,168.980308669
 08/03  14:00:00,265.77969603400004,154.314946607
 08/03  15:00:00,269.034537236,162.651587104
 08/03  16:00:00,305.081197598,158.782632381
 08/03  17:00:00,340.268434607,144.673559924
 08/03  18:00:00,393.15602484199997,223.362800946
 08/03  19:00:00,398.965996913,168.454976682
 08/03  20:00:00,432.326442384,171.712292512
 08/03  21:00:00,412.56899608099997,221.36600279599998
 08/03  22:00:00,344.86027682199995,165.560118313
 08/03  23:00:00,275.610068766,99.6569336861
 08/03  24:00:00,267.405390906,64.1563679838
 08/04  01:00:00,267.38635884900003,51.242272434200004
 08/04  02:00:00,259.343347811,51.2565611881
 08/04  03:00:00,258.723346347,51.2746538432
 08/04  04:00:00,266.685731898,64.28255492699999
 08/04  05:00:00,293.26568558599996,116.774142271
 08/04  06:00:00,388.31105616199994,204.43246427900002
 08/04  07:00:00,399.690355201,286.83236847
 08/04  08:00:00,353.00504713699996,233.668347839
 08/04  09:00:00,327.25848286900003,220.418448575
 08/04  10:00:00,281.370887527,206.224389603
 08/04  11:00:00,284.775039412,171.18448683399998
 08/04  12:00:00,286.46190048200003,177.380865812
 08/04  13:00:00,278.883416797,165.972378756
 08/04  14:00:00,279.920588904,157.331591615
 08/04  15:00:00,273.096725842,162.65478974200002
 08/04  16:00:00,305.503021108,158.778938345
 08/04  17:00:00,344.362509,144.303007477
 08/04  18:00:00,397.66221308300004,221.028431842
 08/04  19:00:00,401.615638074,165.564851003
 08/04  20:00:00,429.433052594,169.279892508
 08/04  21:00:00,409.29386255599997,218.591036384
 08/04  22:00:00,345.240274935,168.59490735
 08/04  23:00:00,281.408088235,98.9886987845
 08/04  24:00:00,271.27781879,64.15919058850001
 08/05  01:00:00,274.188354946,51.247326960600006
 08/05  02:00:00,257.855931521,51.2475370134
 08/05  03:00:00,257.05159363900003,51.2621679336
 08/05  04:00:00,262.73708535599997,64.2082696138
 08/05  05:00:00,275.343166682,88.72166835770001
 08/05  06:00:00,351.974913204,125.488828815
 08/05  07:00:00,360.27563651300005,227.950007693
 08/05  08:00:00,397.197946334,308.34367444599997
 08/05  09:00:00,344.70434059400003,263.72602747
 08/05  10:00:00,293.05314467,237.095405419
 08/05  11:00:00,288.736987593,206.421063928
 08/05  12:00:00,291.181455475,177.53707884599999
 08/05  13:00:00,282.84814655099996,169.133451701
 08/05  14:00:00,284.510078622,154.462544518
 08/05  15:00:00,287.232566699,169.05726653899998
 08/05  16:00:00,318.269324734,157.723026414
 08/05  17:00:00,344.291265045,132.768334026
 08/05  18:00:00,410.492473814,147.967255146
 08/05  19:00:00,403.24349618,167.114362765
 08/05  20:00:00,422.29068067699995,160.355150479
 08/05  21:00:00,411.189337089,159.693123966
 08/05  22:00:00,355.69655699099997,211.412875403
 08/05  23:00:00,280.164767615,126.922437933
 08/05  24:00:00,270.88316783700003,64.1625960112
 08/06  01:00:00,285.430866125,51.28275508189999
 08/06  02:00:00,268.296692938,51.282265170600006
 08/06  03:00:00,266.971477664,51.284184098800004
 08/06  04:00:00,274.578731119,65.8400892857
 08/06  05:00:00,282.743674554,87.08115896950001
 08/06  06:00:00,352.14269632699995,131.970277788
 08/06  07:00:00,370.34116928099996,227.237525828
 08/06  08:00:00,397.958289539,307.870821671
 08/06  09:00:00,337.53889924599997,263.93618124200003
 08/06  10:00:00,297.387399735,237.247585942
 08/06  11:00:00,295.909465328,206.431901599
 08/06  12:00:00,297.06727031400004,177.40055436
 08/06  13:00:00,279.739710859,165.529194335
 08/06  14:00:00,281.781801633,157.864627545
 08/06  15:00:00,284.20632844200003,162.665064188
 08/06  16:00:00,315.533295515,158.79001353799998
 08/06  17:00:00,340.94490692700003,131.149279125
 08/06  18:00:00,401.034026087,147.499685566
 08/06  19:00:00,404.05513039199997,167.758562172
 08/06  20:00:00,431.73634283900003,161.959855498
 08/06  21:00:00,401.320684535,162.194632025
 08/06  22:00:00,346.29025081099996,212.425041833
 08/06  23:00:00,280.330452386,120.496168148
 08/06  24:00:00,284.137800558,67.532051396
 08/07  01:00:00,268.801079017,51.2486073429
 08/07  02:00:00,260.481856763,51.2506648257
 08/07  03:00:00,259.40871542599996,51.252164916000005
 08/07  04:00:00,266.66046173,64.17398160180001
 08/07  05:00:00,292.807282985,116.724384927
 08/07  06:00:00,387.40703266300005,204.40038735299999
 08/07  07:00:00,404.853414674,285.928416358
 08/07  08:00:00,357.83895877199996,237.615047716
 08/07  09:00:00,330.050705736,217.97216052099998
 08/07  10:00:00,286.62969248,206.25186643599997
 08/07  11:00:00,290.12870018,177.482664652
 08/07  12:00:00,292.104942167,173.65882734299998
 08/07  13:00:00,284.24353000900004,166.479482426
 08/07  14:00:00,286.524918712,154.348384802
 08/07  15:00:00,288.612517167,168.937009775
 08/07  16:00:00,309.886624312,152.70032871
 08/07  17:00:00,331.875284925,151.253939235
 08/07  18:00:00,384.89363911099997,226.131612561
 08/07  19:00:00,392.787148494,169.974357972
 08/07  20:00:00,431.573198156,163.134286404
 08/07  21:00:00,409.960314896,219.482393978
 08/07  22:00:00,343.509771548,168.65134542200002
 08/07  23:00:00,275.379081968,95.06238632709999
 08/07  24:00:00,267.051353581,67.3290730425
 08/08  01:00:00,265.224019628,51.2523968075
 08/08  02:00:00,257.93301909400003,51.2546224563
 08/08  03:00:00,256.748545878,51.2524046377
 08/08  04:00:00,265.392483836,64.21612831590001
 08/08  05:00:00,291.550465846,116.771955119
 08/08  06:00:00,386.74633720099996,204.51125315299998
 08/08  07:00:00,405.677423084,286.703698883
 08/08  08:00:00,358.436475089,239.762402304
 08/08  09:00:00,325.62629313,216.55959105099998
 08/08  10:00:00,279.461946513,206.26308543099998
 08/08  11:00:00,282.277984048,177.487666381
 08/08  12:00:00,282.276074567,177.41685720799998
 08/08  13:00:00,270.689577485,162.74985154
 08/08  14:00:00,272.62732803299997,160.603216756
 08/08  15:00:00,277.359363572,162.67903457100002
 08/08  16:00:00,307.446180837,158.791805361
 08/08  17:00:00,339.09239125700003,146.322664272
 08/08  18:00:00,390.44068068300004,226.35408896099997
 08/08  19:00:00,395.78742944699997,170.67356733100002
 08/08  20:00:00,431.536842086,172.215036423
 08/08  21:00:00,408.144457741,220.64950349
 08/08  22:00:00,344.01880859199997,163.946013108
 08/08  23:00:00,279.83420301,99.1173259252
 08/08  24:00:00,272.02089592,64.17468342779999
 08/09  01:00:00,264.753904444,51.2545607438
 08/09  02:00:00,255.620814042,51.2560569804
 08/09  03:00:00,253.142115392,51.2573447419
 08/09  04:00:00,253.89570181,64.3264329788
 08/09  05:00:00,283.38997335,118.09624119200001
 08/09  06:00:00,376.086255794,203.874481006
 08/09  07:00:00,417.03452466199997,293.977608831
 08/09  08:00:00,371.687571454,236.016633995
 08/09  09:00:00,337.74413446200003,220.548361295
 08/09  10:00:00,287.66602411599996,206.30598502799998
 08/09  11:00:00,287.741364815,171.244172079
 08/09  12:00:00,286.462923672,177.436219035
 08/09  13:00:00,280.606554108,169.034833535
 08/09  14:00:00,284.30946425400003,154.37684262
 08/09  15:00:00,279.08936014299996,164.718998475
 08/09  16:00:00,307.435157261,156.830838185
 08/09  17:00:00,341.205491939,149.618170854
 08/09  18:00:00,392.84258458,234.672927294
 08/09  19:00:00,399.496550178,166.152321472
 08/09  20:00:00,436.366184099,169.770348259
 08/09  21:00:00,412.712403628,221.21233789099998
 08/09  22:00:00,345.66311201199994,170.806868674
 08/09  23:00:00,281.212094976,93.1051407426
 08/09  24:00:00,273.193876597,70.2640942915
 08/10  01:00:00,265.527933019,51.259427871899994
 08/10  02:00:00,251.529587367,51.3361416929
 08/10  03:00:00,250.040529757,51.3205631544
 08/10  04:00:00,244.435654582,64.1852853271
 08/10  05:00:00,278.63065988700004,116.75707085
 08/10  06:00:00,377.25935103,204.62997117700002
 08/10  07:00:00,412.914286628,288.321337969
 08/10  08:00:00,367.796078745,241.76247713
 08/10  09:00:00,335.477036519,220.256837409
 08/10  10:00:00,286.802109449,200.171944174
 08/10  11:00:00,292.166854492,177.53427357799998
 08/10  12:00:00,293.54720254299997,177.44322097900002
 08/10  13:00:00,280.427093635,164.11597352
 08/10  14:00:00,277.623438487,159.285662986
 08/10  15:00:00,277.350424708,162.695058966
 08/10  16:00:00,307.856586127,158.821739018
 08/10  17:00:00,342.314676159,149.399372298
 08/10  18:00:00,396.78372607800003,235.308963281
 08/10  19:00:00,403.26622335300004,168.638649835
 08/10  20:00:00,436.89001618300006,169.764085646
 08/10  21:00:00,412.82484577099996,222.204833382
 08/10  22:00:00,348.04501512,170.838056334
 08/10  23:00:00,285.326630917,97.1773218171
 08/10  24:00:00,276.083416683,65.9291476396
 08/11  01:00:00,266.788061825,51.2619785579
 08/11  02:00:00,254.93025521599998,51.30019043
 08/11  03:00:00,251.408469371,51.3188517559
 08/11  04:00:00,249.802298813,64.2568078375
 08/11  05:00:00,281.387845847,116.778968367
 08/11  06:00:00,376.44620661199997,204.581637298
 08/11  07:00:00,408.764304821,294.529083355
 08/11  08:00:00,361.439839802,235.825167764
 08/11  09:00:00,328.891420429,220.600503892
 08/11  10:00:00,284.288944785,206.34082233400002
 08/11  11:00:00,286.955247901,175.42346811599998
 08/11  12:00:00,288.09930098,173.25990177
 08/11  13:00:00,280.583075655,169.045726492
 08/11  14:00:00,281.4703047,154.38414164
 08/11  15:00:00,278.399984906,168.968961725
 08/11  16:00:00,306.146964937,152.71712240600002
 08/11  17:00:00,340.91620833900004,153.45578216200002
 08/11  18:00:00,395.976954321,226.595016665
 08/11  19:00:00,401.767021074,168.124844644
 08/11  20:00:00,436.475265547,167.611119045
 08/11  21:00:00,412.330061648,220.604841964
 08/11  22:00:00,344.52924788400003,163.202602703
 08/11  23:00:00,277.613032815,97.1036842496
 08/11  24:00:00,271.306778406,70.2730763726
 08/12  01:00:00,277.636657616,51.26625933020001
 08/12  02:00:00,260.119066572,46.28465687479999
 08/12  03:00:00,259.11190907400004,50.2590018467
 08/12  04:00:00,264.637924117,70.2813586769
 08/12  05:00:00,276.539733888,88.7287716739
 08/12  06:00:00,353.21614811800004,125.51338364200001
 08/12  07:00:00,355.46140221800005,227.33012837200002
 08/12  08:00:00,391.56031529300003,315.429934993
 08/12  09:00:00,349.058892564,264.13278522900004
 08/12  10:00:00,300.312270541,237.309780407
 08/12  11:00:00,297.166027138,206.55331896599998
 08/12  12:00:00,301.363222375,177.615898458
 08/12  13:00:00,292.582230323,169.208014723
 08/12  14:00:00,292.521562866,155.927868866
 08/12  15:00:00,293.52047481299996,167.723824922
 08/12  16:00:00,323.59208660900003,158.871013021
 08/12  17:00:00,346.92152810000005,130.539472245
 08/12  18:00:00,413.482055791,150.923761684
 08/12  19:00:00,401.254354771,163.861715237
 08/12  20:00:00,419.117079155,160.72840137
 08/12  21:00:00,408.358780381,161.710321258
 08/12  22:00:00,352.55745258900004,211.923294678
 08/12  23:00:00,280.751070007,123.2204178
 08/12  24:00:00,271.771770666,70.281061745
 08/13  01:00:00,284.639774728,51.3051894662
 08/13  02:00:00,267.854063018,51.3049359195
 08/13  03:00:00,266.698800205,51.305675351000005
 08/13  04:00:00,274.517914517,64.2054263142
 08/13  05:00:00,285.360777876,88.81385121209999
 08/13  06:00:00,354.640875699,132.071753886
 08/13  07:00:00,368.063732753,227.13637948099998
 08/13  08:00:00,395.990188784,316.03568228
 08/13  09:00:00,337.57551335,264.37558621
 08/13  10:00:00,300.85130769,237.471062942
 08/13  11:00:00,302.91711111,206.578042152
 08/13  12:00:00,306.920108168,177.46860619900002
 08/13  13:00:00,287.830890913,169.146821674
 08/13  14:00:00,290.95839015,154.4014302
 08/13  15:00:00,292.946027402,168.99761498200002
 08/13  16:00:00,322.905145583,152.733399806
 08/13  17:00:00,347.92559576800005,136.316630038
 08/13  18:00:00,407.09962931900003,145.069870627
 08/13  19:00:00,407.132687674,165.043100447
 08/13  20:00:00,436.905000825,160.675144166
 08/13  21:00:00,407.54859965300005,161.266429237
 08/13  22:00:00,351.277453114,212.19915832400002
 08/13  23:00:00,284.943815889,123.941702405
 08/13  24:00:00,286.448561389,70.3390925259
 08/14  01:00:00,272.746887672,51.273383593999995
 08/14  02:00:00,263.434124727,51.2752632425
 08/14  03:00:00,261.846531584,51.274729236499994
 08/14  04:00:00,267.610023258,64.2119247889
 08/14  05:00:00,293.377498792,116.84877437799999
 08/14  06:00:00,387.268449514,206.278247121
 08/14  07:00:00,397.99570219,291.471497602
 08/14  08:00:00,354.13386146199997,234.44712675099998
 08/14  09:00:00,332.08879725099996,220.73066954
 08/14  10:00:00,290.43487553299997,206.400544795
 08/14  11:00:00,297.589952845,177.560713728
 08/14  12:00:00,299.50848313299997,177.480401928
 08/14  13:00:00,291.382049699,169.081502242
 08/14  14:00:00,294.724348173,154.417367919
 08/14  15:00:00,297.896571499,169.007259719
 08/14  16:00:00,337.314476162,152.74226701
 08/14  17:00:00,364.82849928300004,150.716629984
 08/14  18:00:00,418.520977945,221.265124692
 08/14  19:00:00,425.19303852,163.75009704
 08/14  20:00:00,456.398671086,163.556475057
 08/14  21:00:00,428.201822848,213.20323210700002
 08/14  22:00:00,354.443397281,163.184083743
 08/14  23:00:00,282.176181293,93.10416872280001
 08/14  24:00:00,262.481692805,64.2097631719
 08/15  01:00:00,269.513207924,51.278853156800004
 08/15  02:00:00,260.740592654,51.279619135
 08/15  03:00:00,259.724204038,51.280065801300005
 08/15  04:00:00,266.503136756,70.3036306888
 08/15  05:00:00,292.601366042,116.864291436
 08/15  06:00:00,386.880093029,204.82191667400002
 08/15  07:00:00,400.572137558,291.820830053
 08/15  08:00:00,355.603919553,234.09822998099997
 08/15  09:00:00,334.73220358,220.775239476
 08/15  10:00:00,294.79624787299997,206.430643425
 08/15  11:00:00,303.70279046,177.578321166
 08/15  12:00:00,312.16222754,177.505201585
 08/15  13:00:00,303.454416735,162.824237476
 08/15  14:00:00,304.523123004,160.690131565
 08/15  15:00:00,309.41814914599996,166.025078235
 08/15  16:00:00,348.44290918900003,155.671486864
 08/15  17:00:00,365.632062361,150.744576755
 08/15  18:00:00,412.18104534699995,221.327368244
 08/15  19:00:00,418.923214004,163.79192342
 08/15  20:00:00,450.36915428300006,163.59265822700002
 08/15  21:00:00,422.68007847,213.32147775
 08/15  22:00:00,351.154194426,164.151044563
 08/15  23:00:00,280.15549098099996,93.96276197280001
 08/15  24:00:00,263.38628325900004,64.21720746300001
 08/16  01:00:00,268.781527648,51.2817073233
 08/16  02:00:00,260.346041655,51.2814110447
 08/16  03:00:00,259.838839915,51.28304979479999
 08/16  04:00:00,266.272943071,70.315451553
 08/16  05:00:00,292.853126552,116.88933575799999
 08/16  06:00:00,386.15288264599997,204.897897924
 08/16  07:00:00,397.629421975,292.625014974
 08/16  08:00:00,354.17195758800005,234.160389997
 08/16  09:00:00,331.494558994,220.82102279900002
 08/16  10:00:00,287.453605135,207.61511168
 08/16  11:00:00,292.944866685,176.48526282900002
 08/16  12:00:00,296.954738933,177.519470055
 08/16  13:00:00,289.401920058,169.109123927
 08/16  14:00:00,292.415780543,154.867848162
 08/16  15:00:00,298.336542588,168.617192501
 08/16  16:00:00,343.80277846900003,158.853346592
 08/16  17:00:00,364.11598677300003,144.459449315
 08/16  18:00:00,414.17044599300004,228.274098308
 08/16  19:00:00,418.07881872,163.845376223
 08/16  20:00:00,450.074415666,163.709654467
 08/16  21:00:00,418.492469013,214.584655647
 08/16  22:00:00,348.350548631,166.211474876
 08/16  23:00:00,278.32196785599996,93.9801729226
 08/16  24:00:00,263.850150509,65.5769044541
 08/17  01:00:00,267.877791405,51.2858251961
 08/17  02:00:00,259.504163721,51.288688973199996
 08/17  03:00:00,259.211616093,51.286918514300005
 08/17  04:00:00,265.961976936,70.3218249528
 08/17  05:00:00,292.74804932,116.917335134
 08/17  06:00:00,387.122010755,205.013010844
 08/17  07:00:00,397.02680608,292.784526815
 08/17  08:00:00,353.500324614,234.497101645
 08/17  09:00:00,332.78926466400003,223.00116736599998
 08/17  10:00:00,292.622472638,209.723591408
 08/17  11:00:00,300.01845532,173.435449313
 08/17  12:00:00,303.750327178,176.576815718
 08/17  13:00:00,294.403798009,169.11951370399998
 08/17  14:00:00,298.509510727,160.729057762
 08/17  15:00:00,309.456968136,162.78961306
 08/17  16:00:00,349.63874189800003,158.864146544
 08/17  17:00:00,367.141496181,144.473462708
 08/17  18:00:00,413.63689565699997,228.340939899
 08/17  19:00:00,418.488668576,163.875926328
 08/17  20:00:00,452.71808241,163.66459293399998
 08/17  21:00:00,422.02875376,213.956513025
 08/17  22:00:00,350.552686148,165.978792339
 08/17  23:00:00,280.26491787099997,95.53811018290001
 08/17  24:00:00,266.077101732,70.0071657165
 08/18  01:00:00,270.583273218,51.602843434700006
 08/18  02:00:00,262.251835386,51.293026161499995
 08/18  03:00:00,261.858656953,51.2925658891
 08/18  04:00:00,269.441872153,64.2434466496
 08/18  05:00:00,296.278997442,122.560143017
 08/18  06:00:00,391.850272929,205.96268878400002
 08/18  07:00:00,398.818901185,291.352629152
 08/18  08:00:00,356.16258848,236.91074520700002
 08/18  09:00:00,333.828677991,220.92238510400003
 08/18  10:00:00,291.777261593,206.52791830200002
 08/18  11:00:00,300.633188718,177.63371687900002
 08/18  12:00:00,310.002928506,177.549077031
 08/18  13:00:00,306.316356868,169.138979796
 08/18  14:00:00,312.577600273,160.739898968
 08/18  15:00:00,314.453540517,162.807331331
 08/18  16:00:00,336.653241886,158.872559004
 08/18  17:00:00,342.94746347299997,144.494761655
 08/18  18:00:00,391.168619376,229.10971427599998
 08/18  19:00:00,397.61432456800003,167.308068969
 08/18  20:00:00,437.94196233400004,168.418808265
 08/18  21:00:00,411.603768002,223.13042989599998
 08/18  22:00:00,343.904288007,166.467083201
 08/18  23:00:00,274.908528581,95.5695340656
 08/18  24:00:00,266.67021671599997,70.3341837528
 08/19  01:00:00,275.716716732,51.296614931099995
 08/19  02:00:00,258.293428703,51.2979737339
 08/19  03:00:00,257.481622631,51.2987120684
 08/19  04:00:00,264.63584285,70.3416948139
 08/19  05:00:00,275.94702159900004,88.8233165839
 08/19  06:00:00,357.038401026,125.62431977799999
 08/19  07:00:00,355.086996078,234.343967582
 08/19  08:00:00,390.432083816,312.21763214599997
 08/19  09:00:00,347.126762459,268.182423981
 08/19  10:00:00,298.233241967,237.63665149599998
 08/19  11:00:00,294.615902805,211.886213266
 08/19  12:00:00,297.631997036,179.02826125400003
 08/19  13:00:00,291.16295576,169.297279849
 08/19  14:00:00,296.94431590700003,157.24498281799998
 08/19  15:00:00,307.15647616,166.613847647
 08/19  16:00:00,343.36756128900004,158.937898563
 08/19  17:00:00,339.546666119,136.97081085
 08/19  18:00:00,392.288057425,149.326258786
 08/19  19:00:00,385.93312880400003,169.456594183
 08/19  20:00:00,416.759399466,168.33487499700001
 08/19  21:00:00,411.59488336,163.359890901
 08/19  22:00:00,361.640058276,220.27174833900003
 08/19  23:00:00,289.852554012,126.29359739
 08/19  24:00:00,271.789990129,70.341741646
 08/20  01:00:00,283.107836708,51.3389110131
 08/20  02:00:00,267.189160536,51.341133666800005
 08/20  03:00:00,265.684782925,51.33936786100001
 08/20  04:00:00,274.115406771,70.3768224121
 08/20  05:00:00,284.86701438,88.93687438110001
 08/20  06:00:00,357.67792006300004,132.33042736299998
 08/20  07:00:00,369.145684973,228.172378915
 08/20  08:00:00,397.9128619,317.834511578
 08/20  09:00:00,338.35570707799997,272.076227954
 08/20  10:00:00,292.73957489099996,237.842886727
 08/20  11:00:00,291.226677923,210.77972721400002
 08/20  12:00:00,292.551488329,173.727166308
 08/20  13:00:00,274.422617499,169.26850481600002
 08/20  14:00:00,274.823192055,160.76900995100002
 08/20  15:00:00,274.49491106799996,169.116135865
 08/20  16:00:00,303.28323232,154.60464882600002
 08/20  17:00:00,329.784452244,138.849733294
 08/20  18:00:00,393.06498936699995,157.104322643
 08/20  19:00:00,399.476396461,171.553638624
 08/20  20:00:00,434.762715391,165.396050494
 08/20  21:00:00,401.94865913,163.772182482
 08/20  22:00:00,349.759556229,221.25700015200002
 08/20  23:00:00,292.236202791,127.14540123200001
 08/20  24:00:00,285.059363822,70.40207879260001
 08/21  01:00:00,266.718812933,51.3077422542
 08/21  02:00:00,258.878257936,51.3088558943
 08/21  03:00:00,255.75175478,51.31414480350001
 08/21  04:00:00,263.157729742,65.9671417124
 08/21  05:00:00,287.28227191,121.774498625
 08/21  06:00:00,386.90435791,205.55244554400002
 08/21  07:00:00,412.33963784,296.470308643
 08/21  08:00:00,364.66472503800003,244.000214928
 08/21  09:00:00,330.57608735,221.111350514
 08/21  10:00:00,280.577233208,206.629448832
 08/21  11:00:00,284.099985649,177.69667304200001
 08/21  12:00:00,285.00810805099997,177.61562740099998
 08/21  13:00:00,277.38502253400003,169.191979735
 08/21  14:00:00,278.430140914,160.793332735
 08/21  15:00:00,278.92390494,169.135076192
 08/21  16:00:00,308.192159781,152.806823705
 08/21  17:00:00,342.95656808,154.19120950299998
 08/21  18:00:00,396.12785533199997,235.19360979599998
 08/21  19:00:00,401.13138923,171.297440455
 08/21  20:00:00,439.595668882,170.807061229
 08/21  21:00:00,413.405814475,227.37652063099998
 08/21  22:00:00,349.70961928,168.279984567
 08/21  23:00:00,286.911938755,100.937882218
 08/21  24:00:00,273.794554939,64.2726731917
 08/22  01:00:00,266.92173573400004,51.31337399939999
 08/22  02:00:00,258.966904123,51.3151230446
 08/22  03:00:00,255.449261659,57.3109314896
 08/22  04:00:00,263.71735428700003,64.3030252962
 08/22  05:00:00,287.527041318,123.500624447
 08/22  06:00:00,386.266725712,205.62066813799998
 08/22  07:00:00,419.967019636,296.380157994
 08/22  08:00:00,373.29049680300005,243.879993589
 08/22  09:00:00,337.186382866,221.175461692
 08/22  10:00:00,285.587956134,206.67931851900002
 08/22  11:00:00,284.274757438,180.19166301099997
 08/22  12:00:00,286.658465941,175.143083444
 08/22  13:00:00,278.59794491099996,169.219886094
 08/22  14:00:00,279.994798653,160.813715065
 08/22  15:00:00,281.38853505,169.154697768
 08/22  16:00:00,312.63182124400004,158.918900483
 08/22  17:00:00,346.003940071,145.887612746
 08/22  18:00:00,397.50121802,232.23989692400002
 08/22  19:00:00,401.16089569,170.00655429100001
 08/22  20:00:00,439.34374451599996,173.456149505
 08/22  21:00:00,413.44757398800004,226.817933892
 08/22  22:00:00,345.68048098099996,169.927890841
 08/22  23:00:00,279.35015018900003,95.63201632290001
 08/22  24:00:00,271.753818751,70.3750612059
 08/23  01:00:00,268.826118934,51.3207858289
 08/23  02:00:00,260.602154809,51.3196736304
 08/23  03:00:00,259.22716119,51.32242149
 08/23  04:00:00,266.205814099,70.4063720378
 08/23  05:00:00,292.045177121,117.138521954
 08/23  06:00:00,389.440765516,212.724443045
 08/23  07:00:00,403.30522918199995,296.390106434
 08/23  08:00:00,355.28617251300005,243.640198145
 08/23  09:00:00,328.64720211,221.24302743400003
 08/23  10:00:00,283.135830874,206.70991175
 08/23  11:00:00,286.603068527,177.73267434299999
 08/23  12:00:00,288.123923983,177.658889847
 08/23  13:00:00,279.257770128,169.248478979
 08/23  14:00:00,281.623337985,160.830471035
 08/23  15:00:00,278.71961149099997,169.16665029
 08/23  16:00:00,307.20395986299997,158.930016413
 08/23  17:00:00,339.721819955,144.978815304
 08/23  18:00:00,390.537419694,231.94129498200002
 08/23  19:00:00,394.21333039,176.76882337400002
 08/23  20:00:00,432.98618264,172.75842907700002
 08/23  21:00:00,408.841886429,223.25320393
 08/23  22:00:00,341.946317949,170.744566431
 08/23  23:00:00,275.755642573,102.176458958
 08/23  24:00:00,268.67219102,64.2929291832
 08/24  01:00:00,266.205348508,51.3242191612
 08/24  02:00:00,258.79982026,57.3306812146
 08/24  03:00:00,258.46146790299997,51.3529317259
 08/24  04:00:00,265.973197668,64.4170624454
 08/24  05:00:00,293.185503861,123.63529302799999
 08/24  06:00:00,389.442894884,212.941776712
 08/24  07:00:00,401.144363155,297.343980598
 08/24  08:00:00,355.360557459,243.246731348
 08/24  09:00:00,325.040033086,222.511431743
 08/24  10:00:00,274.139297643,206.74923337799999
 08/24  11:00:00,275.773439661,177.75488988799998
 08/24  12:00:00,276.015106129,177.673087589
 08/24  13:00:00,266.92055324,169.264662746
 08/24  14:00:00,266.194899146,160.855297062
 08/24  15:00:00,265.800323783,169.181378141
 08/24  16:00:00,294.897989642,158.940082104
 08/24  17:00:00,328.845672261,156.364263644
 08/24  18:00:00,384.294600305,234.714886598
 08/24  19:00:00,390.340563525,173.399770488
 08/24  20:00:00,432.324487948,173.475051272
 08/24  21:00:00,408.18528613300003,231.807999253
 08/24  22:00:00,343.004807869,174.134852698
 08/24  23:00:00,279.349655268,100.962422075
 08/24  24:00:00,267.31366061,70.3997694685
 08/25  01:00:00,257.737431751,51.3919535538
 08/25  02:00:00,247.77275338299998,51.3371146738
 08/25  03:00:00,235.835961905,51.3677320237
 08/25  04:00:00,248.287500509,70.5332774549
 08/25  05:00:00,282.97899059900004,123.68778408700001
 08/25  06:00:00,390.071499965,205.933297115
 08/25  07:00:00,403.699085406,297.83873865
 08/25  08:00:00,358.64925614599997,245.19780683
 08/25  09:00:00,327.043592525,228.09635249
 08/25  10:00:00,275.378975421,206.78957389
 08/25  11:00:00,275.664364474,177.749564151
 08/25  12:00:00,276.21150289900004,177.704696676
 08/25  13:00:00,267.21004199099997,169.291381528
 08/25  14:00:00,267.111523086,160.882813735
 08/25  15:00:00,266.87326796599996,169.193397583
 08/25  16:00:00,296.15483242700003,158.958478046
 08/25  17:00:00,330.50316006,156.980042868
 08/25  18:00:00,383.97571147699995,238.57076469
 08/25  19:00:00,394.756614385,174.485233328
 08/25  20:00:00,434.025939554,175.030303284
 08/25  21:00:00,410.165137914,232.592009698
 08/25  22:00:00,343.863284982,174.703472105
 08/25  23:00:00,275.28255145,100.37312437700001
 08/25  24:00:00,262.32213518599997,70.4118079043
 08/26  01:00:00,266.467016914,51.3982719304
 08/26  02:00:00,251.72939381400002,57.338992276300004
 08/26  03:00:00,255.956499017,51.33994751189999
 08/26  04:00:00,259.600089531,70.4226030511
 08/26  05:00:00,275.454457419,88.9443422955
 08/26  06:00:00,357.212658827,132.45560454600002
 08/26  07:00:00,351.43321035099996,234.993588953
 08/26  08:00:00,389.32053066300006,319.42712629
 08/26  09:00:00,343.163904981,272.65826542599996
 08/26  10:00:00,290.630660696,238.105923196
 08/26  11:00:00,285.970564966,213.534829993
 08/26  12:00:00,287.598562162,177.86135907599999
 08/26  13:00:00,279.44831373,169.454540353
 08/26  14:00:00,280.651702245,161.05749049899998
 08/26  15:00:00,281.391272135,174.30115646099998
 08/26  16:00:00,312.302726175,160.346369962
 08/26  17:00:00,337.209809263,130.779672058
 08/26  18:00:00,401.943103137,151.998410011
 08/26  19:00:00,397.59986016,173.305801711
 08/26  20:00:00,420.87393156300004,167.943105353
 08/26  21:00:00,409.342908038,161.24649349
 08/26  22:00:00,354.481452662,220.845823363
 08/26  23:00:00,279.80605480400004,135.167444332
 08/26  24:00:00,266.982820059,64.3249124096
 08/27  01:00:00,278.365179958,57.386897320100005
 08/27  02:00:00,260.500209679,51.383161566400005
 08/27  03:00:00,247.613441655,51.46326397560001
 08/27  04:00:00,249.139052823,70.43788025399999
 08/27  05:00:00,268.58273694400003,92.7647356184
 08/27  06:00:00,357.224968504,135.167160771
 08/27  07:00:00,366.330367825,236.225818073
 08/27  08:00:00,391.927409831,319.508407657
 08/27  09:00:00,335.917304076,272.956213321
 08/27  10:00:00,293.67505126099996,245.03385255900002
 08/27  11:00:00,292.507344338,207.075107642
 08/27  12:00:00,294.179021535,177.749062512
 08/27  13:00:00,276.819574825,175.68924426400002
 08/27  14:00:00,279.868481382,156.15184689
 08/27  15:00:00,282.741790775,167.745481031
 08/27  16:00:00,310.102927672,158.978533156
 08/27  17:00:00,334.22574042599996,137.43521406899998
 08/27  18:00:00,395.829185769,152.55448204
 08/27  19:00:00,400.141818664,166.105452581
 08/27  20:00:00,430.91701602300003,168.951295912
 08/27  21:00:00,401.117669893,169.68242109
 08/27  22:00:00,346.229101899,216.02394587900002
 08/27  23:00:00,280.476403799,131.516232513
 08/27  24:00:00,284.42244263599997,70.4865456241
 08/28  01:00:00,267.926203586,51.353028551099996
 08/28  02:00:00,257.670101901,51.380414070600004
 08/28  03:00:00,255.192525085,57.4020205968
 08/28  04:00:00,258.33960359599996,70.57043385770001
 08/28  05:00:00,288.340977228,117.365151866
 08/28  06:00:00,385.575240362,213.37639945799998
 08/28  07:00:00,402.238590255,300.20893667
 08/28  08:00:00,356.958361398,248.906013507
 08/28  09:00:00,326.251336763,221.619632684
 08/28  10:00:00,276.746116272,213.434773585
 08/28  11:00:00,278.687472404,177.838434818
 08/28  12:00:00,278.291215652,177.754010693
 08/28  13:00:00,268.032493103,169.336264867
 08/28  14:00:00,267.199329737,160.94090233100002
 08/28  15:00:00,267.470452202,169.26379662600002
 08/28  16:00:00,297.808863584,158.99252456899998
 08/28  17:00:00,332.48636139900003,155.656938101
 08/28  18:00:00,384.92454106800005,237.35839753
 08/28  19:00:00,394.34075379300003,178.972355413
 08/28  20:00:00,432.601681869,172.14920088099998
 08/28  21:00:00,408.225955245,228.81891247
 08/28  22:00:00,344.306024255,171.668160133
 08/28  23:00:00,278.080995821,105.902977959
 08/28  24:00:00,266.52167140299997,68.0195177124
 08/29  01:00:00,259.663307565,53.810632739300004
 08/29  02:00:00,239.256916268,51.3622464768
 08/29  03:00:00,242.56278187599997,51.363082497200004
 08/29  04:00:00,252.20583321400002,70.489537228
 08/29  05:00:00,279.36724207599997,123.766893575
 08/29  06:00:00,389.2525021,213.529546915
 08/29  07:00:00,411.64094915,298.49182291700004
 08/29  08:00:00,367.10172297099996,250.520237107
 08/29  09:00:00,335.562189028,223.26528668900002
 08/29  10:00:00,286.70779349400004,213.48398416400002
 08/29  11:00:00,288.240755505,177.882114901
 08/29  12:00:00,285.467769407,177.774418717
 08/29  13:00:00,273.959683045,169.373718042
 08/29  14:00:00,275.723935186,160.97145561
 08/29  15:00:00,278.326550185,169.303842669
 08/29  16:00:00,308.148092552,159.0101734
 08/29  17:00:00,342.844622093,154.830093355
 08/29  18:00:00,395.775698324,239.215222024
 08/29  19:00:00,401.24263476699997,173.737367818
 08/29  20:00:00,436.32122852300006,178.13854194099997
 08/29  21:00:00,410.935702735,229.769855779
 08/29  22:00:00,343.71282265900004,170.82205866700002
 08/29  23:00:00,277.60511173099997,99.0494735218
 08/29  24:00:00,271.02683323599996,70.46593252779999
 08/30  01:00:00,264.01485366400004,51.3678356833
 08/30  02:00:00,247.326621252,57.4256269275
 08/30  03:00:00,248.390751971,51.4170404396
 08/30  04:00:00,239.505965005,70.49035204239999
 08/30  05:00:00,273.981901687,123.810162529
 08/30  06:00:00,384.38106547800004,213.57771726599998
 08/30  07:00:00,414.63806646300003,297.908820402
 08/30  08:00:00,368.267766915,251.98849169099998
 08/30  09:00:00,334.365761759,221.76683300099998
 08/30  10:00:00,283.30479815900003,213.52327056400003
 08/30  11:00:00,282.676602653,177.879798341
 08/30  12:00:00,285.116179535,177.872875471
 08/30  13:00:00,277.342287564,175.63659383200002
 08/30  14:00:00,278.556065929,160.984911011
 08/30  15:00:00,279.43495758,169.319046978
 08/30  16:00:00,309.766724325,159.027928849
 08/30  17:00:00,342.191045635,151.91885101399998
 08/30  18:00:00,393.237577321,233.61263804700002
 08/30  19:00:00,400.08622087699996,178.01329663099997
 08/30  20:00:00,435.24296271699995,172.404814052
 08/30  21:00:00,409.85336977599997,228.73402390200002
 08/30  22:00:00,346.691278864,178.774876207
 08/30  23:00:00,283.748898998,98.9551664609
 08/30  24:00:00,269.111264086,70.4808267923
 08/31  01:00:00,260.660999521,51.3761511178
 08/31  02:00:00,243.526236124,57.440739530100004
 08/31  03:00:00,245.25445188900002,51.42896517770001
 08/31  04:00:00,235.67767564599998,70.5044086247
 08/31  05:00:00,272.078590727,123.85895617799999
 08/31  06:00:00,382.88869985300005,213.732607522
 08/31  07:00:00,415.898404705,300.755541844
 08/31  08:00:00,368.58031334699996,249.98363588
 08/31  09:00:00,335.950420898,227.894657482
 08/31  10:00:00,290.764423485,207.74923834
 08/31  11:00:00,291.031132999,184.22520487
 08/31  12:00:00,285.052569412,177.83595223400002
 08/31  13:00:00,277.993656806,169.439789516
 08/31  14:00:00,279.98411875,161.00841055200002
 08/31  15:00:00,282.21176560099997,169.341067269
 08/31  16:00:00,312.669746621,159.03426969999998
 08/31  17:00:00,343.193717907,151.351958207
 08/31  18:00:00,394.44226018300003,239.164432975
 08/31  19:00:00,401.446690595,170.041896628
 08/31  20:00:00,436.509615234,179.10706391
 08/31  21:00:00,409.94766395199997,230.51831637
 08/31  22:00:00,342.050431052,177.762266963
 08/31  23:00:00,275.384042468,96.2599328882
 08/31  24:00:00,270.300704176,70.4948841734
 09/01  01:00:00,266.34050274,51.3848204383
 09/01  02:00:00,258.346525161,57.389691650100005
 09/01  03:00:00,257.130722342,51.3867555704
 09/01  04:00:00,262.230709964,70.571044865
 09/01  05:00:00,288.71108613900003,123.951492585
 09/01  06:00:00,386.487802797,213.981034439
 09/01  07:00:00,408.32523127900004,306.474885397
 09/01  08:00:00,359.464098859,245.235576033
 09/01  09:00:00,327.449036127,228.66441683
 09/01  10:00:00,281.177710219,213.64208616
 09/01  11:00:00,283.449711112,177.94074319799998
 09/01  12:00:00,283.80588863599996,177.857501404
 09/01  13:00:00,275.428109282,173.189116912
 09/01  14:00:00,270.716478158,163.604032045
 09/01  15:00:00,272.501122725,169.374090929
 09/01  16:00:00,299.912405558,159.05628179200002
 09/01  17:00:00,337.072076482,155.498829003
 09/01  18:00:00,389.42952015199995,237.25207459900003
 09/01  19:00:00,398.26047427699996,178.74497362900001
 09/01  20:00:00,438.128549316,179.61231830900002
 09/01  21:00:00,414.110120516,231.572878994
 09/01  22:00:00,348.17033163699995,179.85530481700002
 09/01  23:00:00,279.73960438,99.6455472239
 09/01  24:00:00,269.93701028,70.5109074336
 09/02  01:00:00,272.21079099,51.424990583
 09/02  02:00:00,245.471657877,57.4416063388
 09/02  03:00:00,249.150857487,51.3945885669
 09/02  04:00:00,244.580176713,70.5250860347
 09/02  05:00:00,264.028388361,95.3449075441
 09/02  06:00:00,355.710295645,132.648030501
 09/02  07:00:00,360.10472938699996,237.642237832
 09/02  08:00:00,396.511489081,330.081486228
 09/02  09:00:00,344.851550555,273.695276685
 09/02  10:00:00,294.24000104,245.46688778700002
 09/02  11:00:00,288.342105218,213.89676482099998
 09/02  12:00:00,290.03012579,184.360054217
 09/02  13:00:00,281.776562762,169.633983117
 09/02  14:00:00,283.557825166,167.527261379
 09/02  15:00:00,284.600365535,169.565703912
 09/02  16:00:00,305.060645669,159.119101964
 09/02  17:00:00,327.01374898299997,141.07521537
 09/02  18:00:00,396.133813245,164.94563171299998
 09/02  19:00:00,393.479755847,173.40996688
 09/02  20:00:00,416.92758477800004,179.918316015
 09/02  21:00:00,406.367789547,171.517399294
 09/02  22:00:00,353.521253781,222.71724721900003
 09/02  23:00:00,283.16015728900004,135.07613672899998
 09/02  24:00:00,272.787504169,70.5400585249
 09/03  01:00:00,282.291271311,54.596786011899994
 09/03  02:00:00,259.644702745,54.418984754200004
 09/03  03:00:00,259.284094158,57.4532044016
 09/03  04:00:00,254.96719448,70.55702004300001
 09/03  05:00:00,270.00236854599996,89.23219425020001
 09/03  06:00:00,355.952675771,139.357273126
 09/03  07:00:00,376.833625876,237.494459378
 09/03  08:00:00,400.205646951,330.582387591
 09/03  09:00:00,337.119845103,279.915958995
 09/03  10:00:00,290.979735812,246.811554927
 09/03  11:00:00,291.749719615,213.95414244900002
 09/03  12:00:00,295.061270999,177.92705904099998
 09/03  13:00:00,277.921666366,169.582984806
 09/03  14:00:00,278.925450252,167.400073512
 09/03  15:00:00,277.881968334,169.427394481
 09/03  16:00:00,309.225527967,159.09013449
 09/03  17:00:00,336.765567041,138.609728333
 09/03  18:00:00,395.41065154300003,155.803102687
 09/03  19:00:00,400.997570485,178.39634656299998
 09/03  20:00:00,429.348128664,173.22902271400002
 09/03  21:00:00,399.55347714699997,169.410453125
 09/03  22:00:00,344.859277463,221.2466497
 09/03  23:00:00,283.079697477,131.354752052
 09/03  24:00:00,283.975507252,71.3459936333
 09/04  01:00:00,286.42676483400004,56.7211603332
 09/04  02:00:00,267.829035848,57.4629408383
 09/04  03:00:00,265.508594357,51.4515856728
 09/04  04:00:00,266.689568837,70.6912106133
 09/04  05:00:00,281.811527831,95.51613117149999
 09/04  06:00:00,354.3764655,139.500700537
 09/04  07:00:00,374.71426595099996,237.70973294799998
 09/04  08:00:00,399.834592805,330.70996543900003
 09/04  09:00:00,337.357790634,280.242933176
 09/04  10:00:00,295.21617751900004,246.769242859
 09/04  11:00:00,293.673685159,214.02302946700001
 09/04  12:00:00,295.67212592,177.953768268
 09/04  13:00:00,278.009415919,175.924581836
 09/04  14:00:00,279.368079254,161.130591226
 09/04  15:00:00,280.35506418299997,169.47156467899998
 09/04  16:00:00,310.967433148,159.09661603799998
 09/04  17:00:00,337.824217116,137.53348964399999
 09/04  18:00:00,395.703070883,160.136242414
 09/04  19:00:00,400.97858250699994,169.693335306
 09/04  20:00:00,429.647364093,178.74125252099998
 09/04  21:00:00,399.41138853900003,170.573207932
 09/04  22:00:00,344.06695925,221.31822188200002
 09/04  23:00:00,282.533000347,130.886950128
 09/04  24:00:00,283.679960124,70.6119700751
 09/05  01:00:00,267.308546688,57.426304163999994
 09/05  02:00:00,258.768995116,51.4194719684
 09/05  03:00:00,257.696820581,57.4301194608
 09/05  04:00:00,266.291620377,70.5997665634
 09/05  05:00:00,292.087313483,124.12936677799999
 09/05  06:00:00,390.416627548,217.76676347
 09/05  07:00:00,410.472034065,305.35318371799997
 09/05  08:00:00,360.379678132,252.15088249599998
 09/05  09:00:00,330.376488423,229.067157988
 09/05  10:00:00,278.787507726,213.849875718
 09/05  11:00:00,281.880038303,184.36332296900002
 09/05  12:00:00,283.154723569,177.97766415799998
 09/05  13:00:00,275.26787348,175.879290795
 09/05  14:00:00,277.28746347,161.163089693
 09/05  15:00:00,275.698382514,169.49336292799998
 09/05  16:00:00,302.088105488,159.10992943600002
 09/05  17:00:00,330.513517228,161.682209787
 09/05  18:00:00,383.66366048599997,240.22475281099997
 09/05  19:00:00,398.65539019199997,180.99753046400002
 09/05  20:00:00,439.40095351400004,173.558981728
 09/05  21:00:00,418.19001098300004,239.34364439900003
 09/05  22:00:00,350.53841899800005,180.376871977
 09/05  23:00:00,281.124007065,99.98137509969999
 09/05  24:00:00,269.281592135,70.57506625100001
 09/06  01:00:00,264.035430863,57.458125927
 09/06  02:00:00,240.324142065,51.4268757116
 09/06  03:00:00,248.276258302,57.532013961400004
 09/06  04:00:00,254.788359526,70.5918967871
 09/06  05:00:00,278.489306618,124.250820921
 09/06  06:00:00,388.627745082,221.824554735
 09/06  07:00:00,410.16017116,308.634367419
 09/06  08:00:00,363.421464053,253.94432972
 09/06  09:00:00,332.900389366,229.16282096700002
 09/06  10:00:00,283.52503998099996,213.927586546
 09/06  11:00:00,285.086444692,178.109401828
 09/06  12:00:00,286.93979565,184.32954384400003
 09/06  13:00:00,280.091238502,169.613129204
 09/06  14:00:00,281.28454735099996,167.497750163
 09/06  15:00:00,280.84219752,169.54679377600002
 09/06  16:00:00,311.413851415,159.152491054
 09/06  17:00:00,350.383949816,164.233564165
 09/06  18:00:00,405.14086709400004,245.560193078
 09/06  19:00:00,420.770566259,182.313467507
 09/06  20:00:00,460.75269527300003,181.73946416400003
 09/06  21:00:00,439.593027715,234.106540902
 09/06  22:00:00,374.00238243800004,181.91496899999999
 09/06  23:00:00,306.319209166,107.537597332
 09/06  24:00:00,246.568617841,70.5957008193
 09/07  01:00:00,196.953739127,53.494528042
 09/07  02:00:00,207.70460022400002,55.498261847200006
 09/07  03:00:00,214.047536622,57.4510459337
 09/07  04:00:00,210.347852717,70.722324016
 09/07  05:00:00,253.021601388,124.343543285
 09/07  06:00:00,382.469002506,222.058495345
 09/07  07:00:00,429.14901303,309.90152469099996
 09/07  08:00:00,383.65518750300004,254.628007998
 09/07  09:00:00,353.066709278,229.279103093
 09/07  10:00:00,301.942738769,214.31980430299998
 09/07  11:00:00,301.19620525700003,184.83997862799998
 09/07  12:00:00,298.879996518,178.583467334
 09/07  13:00:00,287.638588593,176.240419576
 09/07  14:00:00,287.252890906,161.82994708299998
 09/07  15:00:00,287.292117691,169.777215961
 09/07  16:00:00,317.259802359,165.296457172
 09/07  17:00:00,353.942818886,158.650582279
 09/07  18:00:00,407.476163807,247.42274556799998
 09/07  19:00:00,421.463023893,182.22140499900001
 09/07  20:00:00,458.086498372,182.593971311
 09/07  21:00:00,434.16820825,242.07683667
 09/07  22:00:00,368.245453718,182.695822425
 09/07  23:00:00,301.473241527,110.37900876399999
 09/07  24:00:00,245.553531973,70.7031093928
 09/08  01:00:00,192.508982493,51.4423794504
 09/08  02:00:00,209.962683578,57.5909044789
 09/08  03:00:00,212.29420716299998,53.9189442762
 09/08  04:00:00,225.42779970400002,74.3457037355
 09/08  05:00:00,247.84784936,124.388923895
 09/08  06:00:00,380.48479247800003,222.312878265
 09/08  07:00:00,425.46722558,310.519307147
 09/08  08:00:00,379.68101453400004,255.11834994
 09/08  09:00:00,348.614800222,229.51664489900003
 09/08  10:00:00,298.144584478,214.63067204900003
 09/08  11:00:00,294.66301183400003,184.844362574
 09/08  12:00:00,291.172712015,184.707481127
 09/08  13:00:00,280.515682557,169.94328926
 09/08  14:00:00,280.48306895,167.80890521
 09/08  15:00:00,281.37782608599997,169.773217174
 09/08  16:00:00,310.000396319,159.71992719899998
 09/08  17:00:00,346.050347648,163.937778226
 09/08  18:00:00,400.62532942,246.954685068
 09/08  19:00:00,411.89500156400004,181.633315755
 09/08  20:00:00,448.41092179199995,181.943882572
 09/08  21:00:00,425.92442048199996,241.53655574299998
 09/08  22:00:00,361.22367910400004,182.077103873
 09/08  23:00:00,295.603747736,107.50762996200001
 09/08  24:00:00,251.11465189400002,70.62921756600001
 09/09  01:00:00,211.644332805,57.5194073478
 09/09  02:00:00,208.122529965,51.570213466999995
 09/09  03:00:00,206.83577944700002,57.601395316899996
 09/09  04:00:00,215.85618590400003,70.7583432453
 09/09  05:00:00,227.572290325,95.64312961559999
 09/09  06:00:00,340.943429249,139.618811916
 09/09  07:00:00,380.06421044300004,245.026464923
 09/09  08:00:00,416.585666366,335.868610212
 09/09  09:00:00,366.73980912699994,282.150952243
 09/09  10:00:00,308.954489299,246.140776589
 09/09  11:00:00,298.445213674,219.237662499
 09/09  12:00:00,296.069392523,179.87828719
 09/09  13:00:00,285.678082246,176.181366266
 09/09  14:00:00,285.25325973099996,167.770171258
 09/09  15:00:00,284.640922072,175.575131548
 09/09  16:00:00,314.24073592599996,159.772034519
 09/09  17:00:00,343.772420058,142.219551925
 09/09  18:00:00,407.55238567,165.500837069
 09/09  19:00:00,406.769527692,179.92354297900002
 09/09  20:00:00,430.32024681900003,180.486242845
 09/09  21:00:00,421.49838595,179.45964814200002
 09/09  22:00:00,370.039851395,224.89094823099998
 09/09  23:00:00,297.684284014,141.603527404
 09/09  24:00:00,259.296204255,70.6462773005
 09/10  01:00:00,230.11375265599997,57.5222932528
 09/10  02:00:00,225.16322679099997,57.523061111800004
 09/10  03:00:00,218.291774017,51.511837139799994
 09/10  04:00:00,203.66328133599998,76.8922059127
 09/10  05:00:00,216.033415598,95.7267436244
 09/10  06:00:00,348.75056309800004,139.711090297
 09/10  07:00:00,390.36769657199994,245.30037500900002
 09/10  08:00:00,415.949697931,333.071226175
 09/10  09:00:00,355.231952373,282.637351382
 09/10  10:00:00,306.146795513,253.18371687099997
 09/10  11:00:00,301.976400251,214.41572426599998
 09/10  12:00:00,301.897246384,184.474494483
 09/10  13:00:00,286.297799095,176.133537264
 09/10  14:00:00,285.78029912,161.337523006
 09/10  15:00:00,283.440378482,175.96719440599998
 09/10  16:00:00,311.625815601,159.22783165299998
 09/10  17:00:00,342.430013642,141.69414116299998
 09/10  18:00:00,405.042629887,165.00017095200002
 09/10  19:00:00,411.825175974,179.37362337599998
 09/10  20:00:00,446.74510938199995,179.823694925
 09/10  21:00:00,421.10549673599996,173.648151377
 09/10  22:00:00,369.331504142,230.43371092599997
 09/10  23:00:00,306.886471816,141.117503391
 09/10  24:00:00,259.342307018,70.7181343363
 09/11  01:00:00,204.931546262,57.4905960757
 09/11  02:00:00,206.638130404,51.477399937
 09/11  03:00:00,200.847604793,57.587052481
 09/11  04:00:00,206.222756352,70.7875634178
 09/11  05:00:00,236.92504507299998,130.947931222
 09/11  06:00:00,368.38084163699995,222.85453921799999
 09/11  07:00:00,433.30557893599996,310.20941485
 09/11  08:00:00,388.95239047300004,261.587834214
 09/11  09:00:00,358.386372425,229.919262749
 09/11  10:00:00,310.843441691,214.25713450700002
 09/11  11:00:00,313.64437379099996,184.590291089
 09/11  12:00:00,314.00344854900004,184.505515882
 09/11  13:00:00,307.789849565,176.08440491099998
 09/11  14:00:00,311.267017184,161.36997020299998
 09/11  15:00:00,311.526734277,176.00310453900002
 09/11  16:00:00,339.55003685400004,159.24406285700002
 09/11  17:00:00,375.57892614699995,162.409434666
 09/11  18:00:00,425.016918771,245.331938837
 09/11  19:00:00,436.767134979,186.48378762099998
 09/11  20:00:00,468.741513586,180.354174403
 09/11  21:00:00,444.888633185,240.42186316299998
 09/11  22:00:00,379.641732381,180.84007991400003
 09/11  23:00:00,314.725300259,106.201425126
 09/11  24:00:00,233.94167730599997,76.8031023525
 09/12  01:00:00,201.759380995,51.53392653149999
 09/12  02:00:00,206.110937566,57.5292693772
 09/12  03:00:00,222.38264075799998,57.6034281988
 09/12  04:00:00,203.67106985200002,70.7744400047
 09/12  05:00:00,266.25096678299997,131.044377444
 09/12  06:00:00,369.629812051,223.015941445
 09/12  07:00:00,424.15699704300005,310.95474510099996
 09/12  08:00:00,391.250830862,262.253528557
 09/12  09:00:00,361.116050009,229.81603012
 09/12  10:00:00,306.82427857,220.871094795
 09/12  11:00:00,304.205682053,182.051045685
 09/12  12:00:00,300.45417000599997,180.79797371
 09/12  13:00:00,287.998402538,176.12618669900002
 09/12  14:00:00,284.866415853,167.707125427
 09/12  15:00:00,282.929411572,169.733619323
 09/12  16:00:00,311.47643592400004,165.397492631
 09/12  17:00:00,347.273576017,157.819038439
 09/12  18:00:00,398.541822347,250.51249225400002
 09/12  19:00:00,411.96191226300004,179.854879982
 09/12  20:00:00,447.605537207,186.858769329
 09/12  21:00:00,425.267067162,240.432881739
 09/12  22:00:00,359.465649238,180.674934988
 09/12  23:00:00,291.488886997,105.91585439299999
 09/12  24:00:00,268.736452775,76.8254986633
 09/13  01:00:00,255.25147291599998,51.4959512225
 09/13  02:00:00,231.631181577,57.5159447113
 09/13  03:00:00,242.13824202,57.5156739896
 09/13  04:00:00,247.901103988,70.7288782859
 09/13  05:00:00,275.179920467,131.01382326799998
 09/13  06:00:00,375.94798393800005,223.271066468
 09/13  07:00:00,423.860791331,318.685627095
 09/13  08:00:00,376.358198911,254.88232922
 09/13  09:00:00,342.454800161,236.73246320400003
 09/13  10:00:00,290.46309692200003,214.400281307
 09/13  11:00:00,291.118737162,184.66657889900003
 09/13  12:00:00,291.811264642,184.579312922
 09/13  13:00:00,283.233001951,176.158790945
 09/13  14:00:00,283.399131515,161.44066994
 09/13  15:00:00,283.031718937,176.076428843
 09/13  16:00:00,309.566127337,165.409537495
 09/13  17:00:00,345.55671723800003,155.773844071
 09/13  18:00:00,401.823979062,252.20243425900003
 09/13  19:00:00,411.232682717,181.670313005
 09/13  20:00:00,443.976929662,184.478037075
 09/13  21:00:00,421.674298194,240.24943583400002
 09/13  22:00:00,357.128096733,187.184692443
 09/13  23:00:00,291.464162585,105.64755064399999
 09/13  24:00:00,266.268647807,70.72319954550001
 09/14  01:00:00,252.844125086,57.5387859343
 09/14  02:00:00,227.03399502599999,56.1729558293
 09/14  03:00:00,232.398425454,52.8631715294
 09/14  04:00:00,230.41062187,76.9539751353
 09/14  05:00:00,262.062204709,129.29080936100002
 09/14  06:00:00,374.58323104,225.47723795299999
 09/14  07:00:00,418.74150654,317.84916420400003
 09/14  08:00:00,371.660053001,256.160743341
 09/14  09:00:00,337.156806867,236.855232604
 09/14  10:00:00,285.764740349,214.46931327400003
 09/14  11:00:00,292.263581564,184.705284515
 09/14  12:00:00,294.69203606,184.615088852
 09/14  13:00:00,287.08862557599997,176.201450218
 09/14  14:00:00,288.180201097,167.780448609
 09/14  15:00:00,286.743795873,169.805615695
 09/14  16:00:00,318.122787653,165.440611112
 09/14  17:00:00,347.69036188800004,162.325981796
 09/14  18:00:00,395.233990121,247.058984285
 09/14  19:00:00,408.94097700300006,185.025557113
 09/14  20:00:00,442.579100101,186.81723192400003
 09/14  21:00:00,421.72137036199996,240.654540542
 09/14  22:00:00,356.13432920599996,184.677551687
 09/14  23:00:00,288.910772306,108.34084783
 09/14  24:00:00,269.925325139,70.7423090656
 09/15  01:00:00,260.385171846,57.535943217399996
 09/15  02:00:00,242.18497281,57.6071470286
 09/15  03:00:00,240.21080313,51.5187458044
 09/15  04:00:00,230.299900805,76.8929898278
 09/15  05:00:00,262.896669809,131.164448148
 09/15  06:00:00,384.71504729300005,223.642403225
 09/15  07:00:00,424.275947917,319.71045551
 09/15  08:00:00,374.878344607,261.85902880099997
 09/15  09:00:00,340.50106258,230.995275698
 09/15  10:00:00,291.371177376,221.09728918
 09/15  11:00:00,289.514500216,184.744712235
 09/15  12:00:00,288.453193413,184.65508054
 09/15  13:00:00,279.676184971,176.220122629
 09/15  14:00:00,278.074155862,167.23625027399999
 09/15  15:00:00,277.282722486,170.390431817
 09/15  16:00:00,306.35961224,165.466655985
 09/15  17:00:00,341.06042976599997,161.61151100200001
 09/15  18:00:00,393.41005703699994,250.22815281
 09/15  19:00:00,404.488615516,180.128672934
 09/15  20:00:00,435.58583952099997,184.749382472
 09/15  21:00:00,413.319444159,237.779136823
 09/15  22:00:00,348.50635971300005,186.849000585
 09/15  23:00:00,284.246488205,105.83009524
 09/15  24:00:00,274.54804342299997,76.8912031918
 09/16  01:00:00,276.232449541,51.5277208302
 09/16  02:00:00,257.24162643200003,57.553460612600006
 09/16  03:00:00,251.938662872,57.597676793299996
 09/16  04:00:00,250.95501230000002,77.0418614191
 09/16  05:00:00,260.767770854,95.7345902108
 09/16  06:00:00,342.723406382,139.93989033
 09/16  07:00:00,375.260668585,252.36518917900003
 09/16  08:00:00,409.87136035,342.68636324
 09/16  09:00:00,356.10903949,286.79393355400003
 09/16  10:00:00,299.852797495,253.74749192599998
 09/16  11:00:00,289.53997265,221.42224882099998
 09/16  12:00:00,289.19479823,184.853812501
 09/16  13:00:00,280.371765871,176.427672779
 09/16  14:00:00,281.894652567,168.020603855
 09/16  15:00:00,281.269174788,176.343490992
 09/16  16:00:00,311.03120209,165.54218006600001
 09/16  17:00:00,338.120854635,147.100304499
 09/16  18:00:00,404.52413516,163.998498611
 09/16  19:00:00,409.326609475,186.54679145900002
 09/16  20:00:00,430.018180823,180.387252724
 09/16  21:00:00,420.331694321,179.41506592
 09/16  22:00:00,368.076540621,232.765299106
 09/16  23:00:00,294.925820122,141.455337386
 09/16  24:00:00,275.438868148,76.9129510507
 09/17  01:00:00,281.99524092900003,57.606702979
 09/17  02:00:00,260.45436621,57.6102336064
 09/17  03:00:00,255.10378124,57.657833429600004
 09/17  04:00:00,248.555154087,77.0751668865
 09/17  05:00:00,261.428126386,95.84105168090001
 09/17  06:00:00,336.126086958,141.87556213
 09/17  07:00:00,396.70605619099996,252.87596691599998
 09/17  08:00:00,427.243437451,344.750830997
 09/17  09:00:00,369.578313039,291.419307705
 09/17  10:00:00,322.532015758,254.051221318
 09/17  11:00:00,318.19106742400004,221.49393097700002
 09/17  12:00:00,318.644356375,184.73921275700002
 09/17  13:00:00,301.03826755,176.404400835
 09/17  14:00:00,300.01657404,167.89958822100002
 09/17  15:00:00,299.50809163,176.23160874799999
 09/17  16:00:00,331.05478351799997,159.369894407
 09/17  17:00:00,362.01156401,148.171062159
 09/17  18:00:00,422.395829802,165.392384716
 09/17  19:00:00,432.898291958,186.70937711599998
 09/17  20:00:00,463.081783117,180.551911798
 09/17  21:00:00,435.901203432,179.75630007400002
 09/17  22:00:00,384.113815286,237.69924447900001
 09/17  23:00:00,301.729188663,137.88621656799998
 09/17  24:00:00,249.01529966,77.0039982935
 09/18  01:00:00,234.508260064,57.5741316882
 09/18  02:00:00,220.456426827,58.434059473699996
 09/18  03:00:00,216.47730841900002,57.5951108435
 09/18  04:00:00,235.45393484099998,74.8743464196
 09/18  05:00:00,250.488897527,135.84440617799999
 09/18  06:00:00,345.996063285,229.201585219
 09/18  07:00:00,400.40163151,322.09164821
 09/18  08:00:00,359.225199311,262.826354687
 09/18  09:00:00,332.217341795,237.364818493
 09/18  10:00:00,284.135246907,221.314491225
 09/18  11:00:00,285.067500852,184.845043493
 09/18  12:00:00,285.92019498400003,184.99927486
 09/18  13:00:00,277.024176657,177.157461956
 09/18  14:00:00,277.954049138,166.89028245
 09/18  15:00:00,280.32098620200003,176.25480092200002
 09/18  16:00:00,312.100809699,165.529715962
 09/18  17:00:00,348.96638503800006,162.8703185
 09/18  18:00:00,402.569384785,253.741376861
 09/18  19:00:00,417.22096758099997,187.270959828
 09/18  20:00:00,446.21234169,187.72978258700002
 09/18  21:00:00,424.50037606800004,249.16681571
 09/18  22:00:00,361.317798601,184.36693224299998
 09/18  23:00:00,296.863726418,110.209002689
 09/18  24:00:00,230.814801563,70.8167386823
 09/19  01:00:00,228.267308275,57.5838994009
 09/19  02:00:00,187.98288006599998,57.608334058100006
 09/19  03:00:00,190.23446744700001,58.4160213955
 09/19  04:00:00,193.765096541,77.8013831223
 09/19  05:00:00,217.40096579299998,133.197908246
 09/19  06:00:00,338.655987387,236.602011639
 09/19  07:00:00,420.39134785199997,321.170547257
 09/19  08:00:00,377.407541513,263.769726743
 09/19  09:00:00,346.81721830699996,237.504034405
 09/19  10:00:00,298.132823988,221.39101965
 09/19  11:00:00,303.107533627,184.890196273
 09/19  12:00:00,306.01990895,188.698814442
 09/19  13:00:00,295.375189853,178.81432913
 09/19  14:00:00,292.9424535,167.113638326
 09/19  15:00:00,292.25519297,173.224572763
 09/19  16:00:00,321.874409287,163.217963905
 09/19  17:00:00,354.56789659699996,166.596602285
 09/19  18:00:00,403.575831274,254.811008949
 09/19  19:00:00,417.908067609,188.552733465
 09/19  20:00:00,446.268579953,184.44901390200002
 09/19  21:00:00,423.19805901800004,245.160854863
 09/19  22:00:00,359.38901128,188.254226195
 09/19  23:00:00,294.790029847,112.41784116
 09/19  24:00:00,221.79426211700002,70.8482682509
 09/20  01:00:00,203.52299788,58.447496288
 09/20  02:00:00,195.295752583,57.6150960562
 09/20  03:00:00,183.11910645700002,58.448556484499996
 09/20  04:00:00,192.85189746900002,77.0659840007
 09/20  05:00:00,211.68942165200002,132.311731539
 09/20  06:00:00,350.990092769,231.977392553
 09/20  07:00:00,422.66947792800005,323.245220195
 09/20  08:00:00,374.76018443199996,264.555671017
 09/20  09:00:00,345.022314055,242.542605783
 09/20  10:00:00,296.86113123900003,221.021191652
 09/20  11:00:00,299.482471879,185.37440982200002
 09/20  12:00:00,298.575755506,184.84430556
 09/20  13:00:00,287.435817188,176.415891847
 09/20  14:00:00,286.355482146,168.002192906
 09/20  15:00:00,284.512278544,176.33305569400002
 09/20  16:00:00,312.190368987,165.582838641
 09/20  17:00:00,346.423609773,162.912742677
 09/20  18:00:00,397.328928115,258.500571755
 09/20  19:00:00,415.110263173,189.73802143
 09/20  20:00:00,445.034801575,187.666494737
 09/20  21:00:00,419.865676135,249.35020642700002
 09/20  22:00:00,354.530504231,188.32099278200002
 09/20  23:00:00,289.237238671,106.179763515
 09/20  24:00:00,257.21770444599997,77.00220993399999
 09/21  01:00:00,243.362473093,57.830765955100006
 09/21  02:00:00,236.15691118700002,57.7866582006
 09/21  03:00:00,239.94187629200002,57.7873971242
 09/21  04:00:00,245.25821661700002,77.2251207234
 09/21  05:00:00,277.384856038,131.582250483
 09/21  06:00:00,377.94732463099996,232.147954247
 09/21  07:00:00,410.43155910800004,322.318568654
 09/21  08:00:00,362.329600733,267.344486428
 09/21  09:00:00,332.33058027,241.547074457
 09/21  10:00:00,282.830913798,221.575111485
 09/21  11:00:00,286.29080313400004,184.981999903
 09/21  12:00:00,286.818851422,184.880401632
 09/21  13:00:00,276.540041514,182.801055416
 09/21  14:00:00,279.288352548,168.048384597
 09/21  15:00:00,277.08852184,176.38420320900002
 09/21  16:00:00,304.101077831,165.57369419
 09/21  17:00:00,342.370099002,163.09454521799998
 09/21  18:00:00,397.848185965,254.37620994
 09/21  19:00:00,414.458522833,191.788269736
 09/21  20:00:00,443.22803342099996,190.062291545
 09/21  21:00:00,416.818051417,249.99809231900002
 09/21  22:00:00,351.277230255,188.597164625
 09/21  23:00:00,286.80602664400004,106.355774528
 09/21  24:00:00,265.271026287,77.0302821652
 09/22  01:00:00,255.05635645599997,57.6214517143
 09/22  02:00:00,240.94509055900002,57.6251795426
 09/22  03:00:00,241.026576448,57.62949464810001
 09/22  04:00:00,249.75073041099998,77.0611069546
 09/22  05:00:00,265.60491280900004,131.64890238799998
 09/22  06:00:00,376.251712804,232.485275397
 09/22  07:00:00,414.843736812,330.693393097
 09/22  08:00:00,366.73186699400003,264.417996132
 09/22  09:00:00,334.29802248,242.082363803
 09/22  10:00:00,283.789371357,223.002906974
 09/22  11:00:00,285.908098338,186.191054176
 09/22  12:00:00,286.319286403,184.925994887
 09/22  13:00:00,276.67158424400003,182.848707296
 09/22  14:00:00,276.260775137,168.09018959899998
 09/22  15:00:00,276.438351929,176.428434493
 09/22  16:00:00,304.744778961,165.605088991
 09/22  17:00:00,337.054334544,163.063950045
 09/22  18:00:00,391.478360774,259.179252892
 09/22  19:00:00,410.211709419,189.78818212
 09/22  20:00:00,441.43015030099997,187.931234482
 09/22  21:00:00,418.02701831400003,249.99276714200002
 09/22  22:00:00,351.45743291800005,188.75001358900002
 09/22  23:00:00,284.363758405,112.59575474299999
 09/22  24:00:00,264.526734616,77.05703264520001
 09/23  01:00:00,265.17157099400004,57.6396924787
 09/23  02:00:00,244.14251844,57.6436203934
 09/23  03:00:00,244.361526437,57.643308007399995
 09/23  04:00:00,249.17689478,77.0746777284
 09/23  05:00:00,264.28145788,98.79300368450001
 09/23  06:00:00,347.43098080699997,144.04093377
 09/23  07:00:00,365.151606771,255.795915624
 09/23  08:00:00,397.18429738300006,355.94079227300006
 09/23  09:00:00,349.667182881,292.731264595
 09/23  10:00:00,298.105767674,261.58470951099997
 09/23  11:00:00,291.547213582,221.99491758099998
 09/23  12:00:00,290.142152428,191.501676455
 09/23  13:00:00,282.44884099,176.731579426
 09/23  14:00:00,286.044143208,174.649862435
 09/23  15:00:00,288.11544296,176.638820738
 09/23  16:00:00,322.290876058,165.705837918
 09/23  17:00:00,354.081492828,149.153237403
 09/23  18:00:00,416.34778492,172.921802414
 09/23  19:00:00,418.749750866,188.156858085
 09/23  20:00:00,433.558586865,188.731280002
 09/23  21:00:00,423.32516305400003,187.84790609900003
 09/23  22:00:00,371.48884903,242.561888022
 09/23  23:00:00,300.43798663900003,142.950890685
 09/23  24:00:00,224.285176213,77.0831039819
 09/24  01:00:00,227.583848764,58.537962122399996
 09/24  02:00:00,197.51080404099997,63.7335674366
 09/24  03:00:00,187.752899692,57.7015745526
 09/24  04:00:00,211.225040233,77.1371089032
 09/24  05:00:00,209.65231957,102.46059278
 09/24  06:00:00,313.651960604,147.264927853
 09/24  07:00:00,382.553502995,255.969444595
 09/24  08:00:00,406.571353953,356.704364811
 09/24  09:00:00,349.709589774,293.226971568
 09/24  10:00:00,307.3622135,261.887718064
 09/24  11:00:00,305.34864534400003,222.07265200900002
 09/24  12:00:00,303.996907963,191.372369553
 09/24  13:00:00,284.55148086099996,176.694677482
 09/24  14:00:00,284.358859802,168.17169354
 09/24  15:00:00,283.41848033900004,182.84473176400002
 09/24  16:00:00,312.125783844,165.646004037
 09/24  17:00:00,340.872771286,148.573365064
 09/24  18:00:00,402.321524847,169.893854655
 09/24  19:00:00,417.20841059099996,190.059939185
 09/24  20:00:00,444.383488535,187.94364148900002
 09/24  21:00:00,416.04956898300003,180.57349718900002
 09/24  22:00:00,362.75367030800004,242.431341003
 09/24  23:00:00,300.704294705,148.836394138
 09/24  24:00:00,237.01297224200002,77.159075069
 09/25  01:00:00,211.47933088099998,57.668318088599996
 09/25  02:00:00,200.612250719,57.6647094238
 09/25  03:00:00,190.260075195,58.534092308299996
 09/25  04:00:00,205.886192372,77.2107334654
 09/25  05:00:00,226.07647050900002,138.487512441
 09/25  06:00:00,358.253558594,233.229987341
 09/25  07:00:00,419.14819903,332.20985649200003
 09/25  08:00:00,371.945852432,272.694235112
 09/25  09:00:00,341.873870679,238.35107228400003
 09/25  10:00:00,290.978242777,224.915279095
 09/25  11:00:00,292.78687025,188.628963452
 09/25  12:00:00,294.071479035,191.41135974
 09/25  13:00:00,283.595656099,176.643106528
 09/25  14:00:00,282.92928844,168.214019758
 09/25  15:00:00,282.776162206,182.890442234
 09/25  16:00:00,312.940200765,165.67559547
 09/25  17:00:00,348.78261530599997,163.460937476
 09/25  18:00:00,400.278595652,262.516935067
 09/25  19:00:00,419.935414329,194.862451965
 09/25  20:00:00,449.196859679,188.599445775
 09/25  21:00:00,423.32905362300005,252.987459707
 09/25  22:00:00,358.17579139199995,194.57307423400002
 09/25  23:00:00,292.03100547099996,113.105590597
 09/25  24:00:00,260.615125285,77.1261999263
 09/26  01:00:00,240.85170609099998,57.907905113999995
 09/26  02:00:00,228.91268266900002,57.852651933400004
 09/26  03:00:00,227.241636777,57.8740363333
 09/26  04:00:00,228.31253323099997,77.1603462711
 09/26  05:00:00,253.78901806599998,138.473070689
 09/26  06:00:00,368.36390462699995,234.40712626599998
 09/26  07:00:00,419.60764590599996,332.53956713400004
 09/26  08:00:00,373.002752658,272.559786303
 09/26  09:00:00,342.904610405,245.371957852
 09/26  10:00:00,292.523400828,222.010894566
 09/26  11:00:00,291.936815684,191.559270149
 09/26  12:00:00,291.332079743,185.094692565
 09/26  13:00:00,282.03451621700003,183.03598597299998
 09/26  14:00:00,283.261570376,168.262669982
 09/26  15:00:00,285.71768715,182.329568174
 09/26  16:00:00,315.574357739,166.279101316
 09/26  17:00:00,348.47791626099996,163.89860705700002
 09/26  18:00:00,400.335394914,263.130242648
 09/26  19:00:00,421.054257858,195.40709443400002
 09/26  20:00:00,448.171999468,189.06978063
 09/26  21:00:00,422.716440407,258.973881996
 09/26  22:00:00,358.677780531,190.05973577900002
 09/26  23:00:00,294.02117743400004,113.57720910100001
 09/26  24:00:00,229.49074812799998,77.15581625680001
 09/27  01:00:00,229.921693112,57.6887221464
 09/27  02:00:00,205.326985948,63.8325388812
 09/27  03:00:00,213.90558576200002,57.890758210600005
 09/27  04:00:00,224.69927641299998,77.4807532639
 09/27  05:00:00,259.411554631,138.630051345
 09/27  06:00:00,359.38895559400004,234.31063234200002
 09/27  07:00:00,414.47107363099997,336.077163837
 09/27  08:00:00,367.829977499,270.5961319
 09/27  09:00:00,337.883645006,245.522154471
 09/27  10:00:00,289.121335703,222.093656057
 09/27  11:00:00,290.24596960900004,191.616095712
 09/27  12:00:00,289.73522293400003,191.504811337
 09/27  13:00:00,279.819763525,176.72371372799998
 09/27  14:00:00,281.39482522599997,174.658489473
 09/27  15:00:00,281.492130778,176.635095828
 09/27  16:00:00,310.442245037,171.92599125599997
 09/27  17:00:00,347.580285978,163.347691091
 09/27  18:00:00,400.395305413,262.674817362
 09/27  19:00:00,417.044014404,194.83370386299998
 09/27  20:00:00,442.586482375,188.486274826
 09/27  21:00:00,418.62423466300004,258.543150729
 09/27  22:00:00,354.480093849,196.349857842
 09/27  23:00:00,289.652090037,106.647247533
 09/27  24:00:00,243.01159301099997,83.3291423447
 09/28  01:00:00,228.29473809,57.934501351
 09/28  02:00:00,220.518122098,57.90340517520001
 09/28  03:00:00,220.9762114,57.897162079
 09/28  04:00:00,214.54194504400002,83.57323591789999
 09/28  05:00:00,243.033777935,132.352540731
 09/28  06:00:00,362.127753766,241.25349210599998
 09/28  07:00:00,417.854431654,333.918303761
 09/28  08:00:00,369.984928776,273.533749521
 09/28  09:00:00,340.946694642,245.684439143
 09/28  10:00:00,295.81145528,226.467374218
 09/28  11:00:00,302.936299638,187.527486683
 09/28  12:00:00,307.198151211,191.56075058599998
 09/28  13:00:00,298.75143042900004,183.12357304
 09/28  14:00:00,297.857879167,168.358173794
 09/28  15:00:00,297.855259381,183.028369244
 09/28  16:00:00,328.245851331,165.753977607
 09/28  17:00:00,364.571245808,169.685084346
 09/28  18:00:00,417.11421125,262.840531904
 09/28  19:00:00,436.22937088,192.067554943
 09/28  20:00:00,462.61984436,191.713715813
 09/28  21:00:00,438.671400942,259.075337741
 09/28  22:00:00,374.08849559199996,196.72662697799998
 09/28  23:00:00,308.231244102,110.58166714
 09/28  24:00:00,190.64167259099997,79.8324840224
 09/29  01:00:00,183.713444838,57.7170613354
 09/29  02:00:00,162.22926702,58.971828924700006
 09/29  03:00:00,161.44652703399998,81.6052994232
 09/29  04:00:00,186.594723084,112.039760894
 09/29  05:00:00,204.102280129,196.81333892700002
 09/29  06:00:00,341.325421837,322.377220671
 09/29  07:00:00,424.88458300400004,411.626022505
 09/29  08:00:00,376.27807762,310.754086315
 09/29  09:00:00,357.066977264,248.36346798
 09/29  10:00:00,309.398150478,222.27856172
 09/29  11:00:00,311.221027795,191.708683215
 09/29  12:00:00,310.47030208,191.607926065
 09/29  13:00:00,300.806831892,183.17843288900002
 09/29  14:00:00,300.496811605,168.39494332200002
 09/29  15:00:00,300.61944988,183.07994794799998
 09/29  16:00:00,330.43144009400004,165.799871919
 09/29  17:00:00,365.484405625,168.846904484
 09/29  18:00:00,416.96919996800005,261.40342114
 09/29  19:00:00,435.76681752300004,193.53506881599998
 09/29  20:00:00,462.897592106,208.891737497
 09/29  21:00:00,438.606796389,306.31539974
 09/29  22:00:00,354.816986868,263.095835957
 09/29  23:00:00,256.883535602,182.68866521700002
 09/29  24:00:00,138.640911202,172.403224652
 09/30  01:00:00,155.373215865,143.859519523
 09/30  02:00:00,182.86591279700002,135.63199650200002
 09/30  03:00:00,117.32108709399999,129.24413367
 09/30  04:00:00,188.86892577900002,120.938549081
 09/30  05:00:00,133.423544541,139.280553173
 09/30  06:00:00,311.173918998,180.396471483
 09/30  07:00:00,334.386308287,282.147314639
 09/30  08:00:00,410.118089882,374.36881369
 09/30  09:00:00,375.012770221,299.767104125
 09/30  10:00:00,322.535502501,266.665905675
 09/30  11:00:00,315.48730665,223.153567681
 09/30  12:00:00,315.753827235,194.771579887
 09/30  13:00:00,306.17131339900004,180.505244501
 09/30  14:00:00,305.793151255,175.000381848
 09/30  15:00:00,306.028574644,183.32506287099997
 09/30  16:00:00,335.813414712,172.06981091900002
 09/30  17:00:00,363.608886901,145.240522492
 09/30  18:00:00,427.868077685,167.07403632
 09/30  19:00:00,433.894493074,188.689521016
 09/30  20:00:00,446.183133786,188.85188668700002
 09/30  21:00:00,436.21368861800005,182.43507148
 09/30  22:00:00,383.55877033800004,248.36745938599998
 09/30  23:00:00,290.078636947,151.06301692899999
 09/30  24:00:00,144.274626657,93.60895010459998
 10/01  01:00:00,167.510105492,87.73641339129999
 10/01  02:00:00,153.289780955,89.6995244389
 10/01  03:00:00,153.654400088,101.042081397
 10/01  04:00:00,161.655011931,109.997057099
 10/01  05:00:00,175.330959863,129.569138115
 10/01  06:00:00,311.572170706,177.51099474400002
 10/01  07:00:00,333.928431343,319.881842698
 10/01  08:00:00,405.65963349199995,389.50987343800006
 10/01  09:00:00,365.933092564,309.84427672
 10/01  10:00:00,321.861355402,266.57319817
 10/01  11:00:00,319.03810182,229.363178813
 10/01  12:00:00,319.502876989,191.705631213
 10/01  13:00:00,301.286922482,179.023503221
 10/01  14:00:00,300.910643257,172.840517326
 10/01  15:00:00,300.38495107299997,183.18264203
 10/01  16:00:00,330.101908175,165.853637692
 10/01  17:00:00,358.40995579300005,151.568104587
 10/01  18:00:00,418.762642903,167.000059135
 10/01  19:00:00,433.163161386,188.74745336700002
 10/01  20:00:00,455.029744153,192.532966952
 10/01  21:00:00,426.99372384800006,189.349714751
 10/01  22:00:00,358.71757688900004,259.322073944
 10/01  23:00:00,264.77597803099997,184.09057390099997
 10/01  24:00:00,150.682447711,135.323959328
 10/02  01:00:00,142.755617781,98.89125943450001
 10/02  02:00:00,138.024840065,96.52023689290002
 10/02  03:00:00,139.032190961,84.69676361970001
 10/02  04:00:00,177.991330455,106.544062346
 10/02  05:00:00,156.019950729,159.360098759
 10/02  06:00:00,346.80146725199995,260.8960831
 10/02  07:00:00,393.028979789,379.719330626
 10/02  08:00:00,347.879100805,298.730852893
 10/02  09:00:00,351.58087762099996,247.58206660099998
 10/02  10:00:00,310.428765625,229.180418424
 10/02  11:00:00,312.125404781,191.85727987799999
 10/02  12:00:00,312.39941355900004,191.752130343
 10/02  13:00:00,302.783915648,183.326761568
 10/02  14:00:00,302.28905805700003,168.537705174
 10/02  15:00:00,302.228240901,183.229289294
 10/02  16:00:00,331.530930913,172.05889956299998
 10/02  17:00:00,366.78134805,166.344679404
 10/02  18:00:00,418.178978179,257.98753434599996
 10/02  19:00:00,434.87693046699997,189.002403369
 10/02  20:00:00,461.229484489,189.019068145
 10/02  21:00:00,437.371986985,260.095580937
 10/02  22:00:00,374.171618571,193.42036064799998
 10/02  23:00:00,308.641839968,105.362874805
 10/02  24:00:00,144.665328668,82.53760310050001
 10/03  01:00:00,178.516026351,81.1297643772
 10/03  02:00:00,138.26787122,77.93252550609999
 10/03  03:00:00,181.958322948,89.20661291709999
 10/03  04:00:00,122.10267632,107.962319656
 10/03  05:00:00,211.70366025099997,167.407207224
 10/03  06:00:00,328.179299532,271.429631738
 10/03  07:00:00,409.48286345699995,353.092452692
 10/03  08:00:00,362.476557941,290.192027374
 10/03  09:00:00,357.62725668699994,246.709607453
 10/03  10:00:00,309.88833878599996,229.279542543
 10/03  11:00:00,312.665521556,191.90883990700002
 10/03  12:00:00,311.536825066,191.806836566
 10/03  13:00:00,301.49220182,183.380092633
 10/03  14:00:00,301.473988266,174.947336412
 10/03  15:00:00,301.13634921700003,176.917784369
 10/03  16:00:00,330.71562625400003,172.07275494200002
 10/03  17:00:00,365.586558953,166.43079151700002
 10/03  18:00:00,416.734344767,265.356161959
 10/03  19:00:00,433.85536039199997,189.12066136099997
 10/03  20:00:00,461.78359223900003,189.015680323
 10/03  21:00:00,437.39615894199994,253.018579345
 10/03  22:00:00,371.654785001,195.960699391
 10/03  23:00:00,304.993029557,105.31388990399999
 10/03  24:00:00,198.769429824,79.6737942349
 10/04  01:00:00,132.816130625,69.7262427645
 10/04  02:00:00,181.860902056,65.09085712619999
 10/04  03:00:00,120.90563812399999,78.9547816564
 10/04  04:00:00,181.312175371,97.2520703405
 10/04  05:00:00,214.598443065,166.90690335899998
 10/04  06:00:00,319.01795567700003,264.286209337
 10/04  07:00:00,420.84433103099997,353.89026491699997
 10/04  08:00:00,375.295212353,279.802558878
 10/04  09:00:00,351.02194557300004,253.66409874
 10/04  10:00:00,299.839815721,229.39414419099998
 10/04  11:00:00,303.43575005900004,191.965190778
 10/04  12:00:00,305.381861142,191.859487993
 10/04  13:00:00,296.303076212,183.432085393
 10/04  14:00:00,298.262127797,174.99572651
 10/04  15:00:00,298.205052455,183.324970683
 10/04  16:00:00,327.95687534900003,165.936024043
 10/04  17:00:00,362.975107289,168.932365694
 10/04  18:00:00,412.57653168800005,263.255057741
 10/04  19:00:00,433.739641208,189.601704171
 10/04  20:00:00,458.44662892,195.832466465
 10/04  21:00:00,434.59348369699995,253.488709187
 10/04  22:00:00,368.631302086,189.85419707900002
 10/04  23:00:00,302.099419377,111.52210343600001
 10/04  24:00:00,194.398957575,77.5477498025
 10/05  01:00:00,163.344511744,63.8558261425
 10/05  02:00:00,168.327548017,57.8098322004
 10/05  03:00:00,182.91110785900003,63.8761987155
 10/05  04:00:00,192.48663856099998,80.68482181899999
 10/05  05:00:00,206.690077542,142.519412019
 10/05  06:00:00,326.17785552,243.28747526200002
 10/05  07:00:00,424.123063571,334.39667946
 10/05  08:00:00,376.768665281,279.233198853
 10/05  09:00:00,347.786947076,246.82149552
 10/05  10:00:00,299.23685391099997,229.86929938900002
 10/05  11:00:00,299.68060293599996,198.04524193
 10/05  12:00:00,299.460186668,191.91488627900003
 10/05  13:00:00,291.175151145,183.478242143
 10/05  14:00:00,291.727455089,175.048145302
 10/05  15:00:00,291.487777985,183.381471208
 10/05  16:00:00,321.26336252,165.972385674
 10/05  17:00:00,355.41614493599997,173.76540692700002
 10/05  18:00:00,405.315792214,260.35847290099997
 10/05  19:00:00,426.672723123,196.68016141900003
 10/05  20:00:00,451.295371439,190.46046648
 10/05  21:00:00,426.903989311,262.199213291
 10/05  22:00:00,361.33950764800005,191.10410256400002
 10/05  23:00:00,295.07265622200003,107.04022625700001
 10/05  24:00:00,223.008823415,82.9369872125
 10/06  01:00:00,225.987706782,63.8845099329
 10/06  02:00:00,194.056505449,57.863812263
 10/06  03:00:00,197.18354246299998,64.1330670004
 10/06  04:00:00,213.352891725,81.96689897350001
 10/06  05:00:00,252.28632415799999,141.17895045
 10/06  06:00:00,351.11349678199997,249.680060929
 10/06  07:00:00,422.907705351,337.80870056
 10/06  08:00:00,373.642482046,272.654146122
 10/06  09:00:00,343.855683568,253.918436734
 10/06  10:00:00,296.50785752400003,229.593093103
 10/06  11:00:00,297.89821748599996,192.054167839
 10/06  12:00:00,295.554808746,198.347945475
 10/06  13:00:00,280.586582184,183.534662833
 10/06  14:00:00,278.991328435,175.10058458700001
 10/06  15:00:00,277.104572397,183.432880672
 10/06  16:00:00,305.857408745,165.997239225
 10/06  17:00:00,342.980390778,174.46287032700002
 10/06  18:00:00,396.36981298800004,267.002768847
 10/06  19:00:00,419.29433204300005,192.56162066299999
 10/06  20:00:00,444.010902255,195.45205851900002
 10/06  21:00:00,419.86145943800005,259.33073660900004
 10/06  22:00:00,357.98170857699995,199.248345924
 10/06  23:00:00,298.066266047,107.619222406
 10/06  24:00:00,210.97480400700002,83.6016633924
 10/07  01:00:00,145.123379814,57.835837480200006
 10/07  02:00:00,177.066112778,64.8239082707
 10/07  03:00:00,178.321029487,68.1332479313
 10/07  04:00:00,185.312703499,83.4013283068
 10/07  05:00:00,198.23317915400003,115.046935535
 10/07  06:00:00,286.589998613,163.301186094
 10/07  07:00:00,359.320879814,272.941922825
 10/07  08:00:00,409.34500966699994,380.213855282
 10/07  09:00:00,374.651583679,310.384114335
 10/07  10:00:00,321.97652020099997,270.766557591
 10/07  11:00:00,314.367546885,229.958560418
 10/07  12:00:00,313.91867534,198.623812381
 10/07  13:00:00,304.481585595,183.783665675
 10/07  14:00:00,304.34512998900004,176.244008269
 10/07  15:00:00,304.921989806,189.17883691900002
 10/07  16:00:00,334.411582123,172.28081853
 10/07  17:00:00,361.80949236199996,153.346075154
 10/07  18:00:00,426.19820998800003,169.589938974
 10/07  19:00:00,435.80806846800004,198.58643513099997
 10/07  20:00:00,445.91901387400003,196.83573374
 10/07  21:00:00,436.34985626599996,204.153640675
 10/07  22:00:00,380.48769127,274.326916033
 10/07  23:00:00,269.843249682,182.786419088
 10/07  24:00:00,140.844889947,126.59185838299999
 10/08  01:00:00,163.809426252,112.920924754
 10/08  02:00:00,149.92802234200002,123.30648238299999
 10/08  03:00:00,150.928040503,113.395292863
 10/08  04:00:00,160.48853054399999,126.376557485
 10/08  05:00:00,175.45345818299998,143.038859689
 10/08  06:00:00,312.36196586299997,183.428617647
 10/08  07:00:00,347.71588920199997,291.05505190900004
 10/08  08:00:00,411.015564666,385.45441777300005
 10/08  09:00:00,366.94775303,314.953422545
 10/08  10:00:00,323.95032030000004,271.134370071
 10/08  11:00:00,320.25059028,230.08610477099998
 10/08  12:00:00,319.219811375,196.47010385599998
 10/08  13:00:00,300.039747543,185.73433202900003
 10/08  14:00:00,299.72119009200003,175.206893917
 10/08  15:00:00,299.489364299,183.536631789
 10/08  16:00:00,329.001921515,172.24088102
 10/08  17:00:00,356.521965515,151.929886726
 10/08  18:00:00,416.102753486,173.99274747599998
 10/08  19:00:00,435.951304742,189.55634695400002
 10/08  20:00:00,456.035561611,196.05130689700002
 10/08  21:00:00,427.687185994,181.804308495
 10/08  22:00:00,374.817473894,253.37655456
 10/08  23:00:00,303.493024243,145.08832013399999
 10/08  24:00:00,154.88865221700001,89.6892456844
 10/09  01:00:00,169.678824543,71.3826793147
 10/09  02:00:00,155.70082514,76.4988013985
 10/09  03:00:00,156.515932837,79.18750707
 10/09  04:00:00,176.123734042,98.1266202816
 10/09  05:00:00,184.073297118,119.46146313700001
 10/09  06:00:00,307.476311908,179.188738433
 10/09  07:00:00,353.291464566,277.895970093
 10/09  08:00:00,411.68155725400004,383.783759775
 10/09  09:00:00,365.03452965800005,313.958146542
 10/09  10:00:00,321.417299847,271.313184724
 10/09  11:00:00,316.81431838099996,230.175828758
 10/09  12:00:00,314.720614677,198.523707092
 10/09  13:00:00,295.273870812,183.801733042
 10/09  14:00:00,294.704089467,175.254911902
 10/09  15:00:00,292.953779291,183.582766198
 10/09  16:00:00,323.003212716,172.269376973
 10/09  17:00:00,351.98581890400004,152.096733204
 10/09  18:00:00,414.821243055,174.224401347
 10/09  19:00:00,437.005297098,196.614692434
 10/09  20:00:00,456.68283230800006,189.782456831
 10/09  21:00:00,428.093765599,188.751477074
 10/09  22:00:00,375.115455868,253.737821857
 10/09  23:00:00,312.729949638,142.535102752
 10/09  24:00:00,204.908158257,83.9369555503
 10/10  01:00:00,148.65765181,63.942428166400006
 10/10  02:00:00,186.518216792,63.9504467015
 10/10  03:00:00,140.023475414,64.477071056
 10/10  04:00:00,165.75152657700002,80.1214441007
 10/10  05:00:00,202.77924830400002,151.819979332
 10/10  06:00:00,348.41533560199997,258.757021508
 10/10  07:00:00,432.372366919,351.761671243
 10/10  08:00:00,382.290422531,282.821225409
 10/10  09:00:00,352.492614367,254.65226842400003
 10/10  10:00:00,302.594912415,230.06802821
 10/10  11:00:00,300.86774279900004,198.93441966
 10/10  12:00:00,298.457551205,192.195904661
 10/10  13:00:00,289.83211038900004,190.14949371900002
 10/10  14:00:00,290.09340033,175.355945151
 10/10  15:00:00,289.833388797,183.660346788
 10/10  16:00:00,319.76438040700003,172.30344948200002
 10/10  17:00:00,356.511097851,174.25183938599997
 10/10  18:00:00,408.08144627800004,268.333993345
 10/10  19:00:00,431.890504067,198.01836788
 10/10  20:00:00,456.98359866,197.942729846
 10/10  21:00:00,431.825452617,263.917990207
 10/10  22:00:00,367.131581216,198.95129220599998
 10/10  23:00:00,301.4845978,107.906269402
 10/10  24:00:00,179.202918032,83.7247534999
 10/11  01:00:00,186.31945491099998,63.9667542208
 10/11  02:00:00,197.879931324,64.0061031833
 10/11  03:00:00,178.137697238,64.0138601581
 10/11  04:00:00,185.234749655,83.9969590617
 10/11  05:00:00,213.068011297,146.62933487799998
 10/11  06:00:00,338.927777519,252.49545406200002
 10/11  07:00:00,425.14855399699996,340.088710786
 10/11  08:00:00,375.856208691,286.872870397
 10/11  09:00:00,344.851753404,256.677259607
 10/11  10:00:00,295.51942195,230.13749244299999
 10/11  11:00:00,296.5688786,198.780478087
 10/11  12:00:00,298.603483073,192.24345038200002
 10/11  13:00:00,291.099258873,190.21362260400002
 10/11  14:00:00,290.747162832,175.38042709799998
 10/11  15:00:00,289.697575839,183.686071082
 10/11  16:00:00,319.962131177,174.24466649599998
 10/11  17:00:00,355.70514167,172.515671473
 10/11  18:00:00,406.836980799,272.890638746
 10/11  19:00:00,430.47642997400004,201.33786004
 10/11  20:00:00,455.001705871,192.332106856
 10/11  21:00:00,429.746851111,270.774846167
 10/11  22:00:00,364.935357216,199.19628122400002
 10/11  23:00:00,298.873554001,109.034325645
 10/11  24:00:00,213.64332817099998,84.05315804050001
 10/12  01:00:00,206.032595145,63.985939350200006
 10/12  02:00:00,193.912458813,64.2990946542
 10/12  03:00:00,204.92940148,64.0245372271
 10/12  04:00:00,194.811787915,83.8275656918
 10/12  05:00:00,225.009138971,146.58098278
 10/12  06:00:00,356.175086744,252.857300918
 10/12  07:00:00,424.15125506,349.350660123
 10/12  08:00:00,373.973857156,282.512465129
 10/12  09:00:00,343.740095589,254.995533439
 10/12  10:00:00,294.546027822,236.886630868
 10/12  11:00:00,295.951680616,198.775402273
 10/12  12:00:00,295.362735514,192.29819599099997
 10/12  13:00:00,286.683478475,190.242469919
 10/12  14:00:00,289.577043872,175.427925792
 10/12  15:00:00,289.82316755200003,183.73776348200002
 10/12  16:00:00,318.39713804,178.565104039
 10/12  17:00:00,351.35945694099996,168.554324785
 10/12  18:00:00,403.750983471,277.157469835
 10/12  19:00:00,425.795425481,199.398791228
 10/12  20:00:00,451.32342339800005,199.42157515
 10/12  21:00:00,426.693827629,265.866662373
 10/12  22:00:00,362.36815875400004,200.625964263
 10/12  23:00:00,296.870798357,114.60480895799999
 10/12  24:00:00,210.183673007,84.14307543609999
 10/13  01:00:00,187.06160162,64.0064143724
 10/13  02:00:00,192.596259739,64.3718899278
 10/13  03:00:00,195.860979405,64.3691148291
 10/13  04:00:00,211.920911074,83.8593609663
 10/13  05:00:00,249.977681017,146.71477948700002
 10/13  06:00:00,354.277555828,253.185502047
 10/13  07:00:00,421.012801888,350.89487202
 10/13  08:00:00,371.804242111,287.307307972
 10/13  09:00:00,340.911335193,258.360540424
 10/13  10:00:00,293.463770845,234.251635371
 10/13  11:00:00,295.66275356299997,195.119908881
 10/13  12:00:00,295.119647338,198.759295265
 10/13  13:00:00,287.599956901,187.18989654799998
 10/13  14:00:00,286.872629559,178.580269491
 10/13  15:00:00,284.543862773,183.79394378599997
 10/13  16:00:00,315.437022392,178.599189407
 10/13  17:00:00,351.70223176900004,171.300996577
 10/13  18:00:00,405.29147196,275.032693707
 10/13  19:00:00,426.32436567,200.009993729
 10/13  20:00:00,450.941013709,200.106419767
 10/13  21:00:00,425.616628135,274.08178865400004
 10/13  22:00:00,360.158750698,201.34736105099998
 10/13  23:00:00,293.920275615,115.237098587
 10/13  24:00:00,241.10581998799998,84.23172752149999
 10/14  01:00:00,248.532767708,64.021927805
 10/14  02:00:00,231.222083836,64.0334466799
 10/14  03:00:00,229.95413712599998,64.0827439958
 10/14  04:00:00,239.089072028,83.9720237339
 10/14  05:00:00,254.729997731,109.73511032299999
 10/14  06:00:00,344.583142623,155.507889242
 10/14  07:00:00,374.559445648,277.437649829
 10/14  08:00:00,403.46736936300005,378.946993044
 10/14  09:00:00,356.297288166,319.514563147
 10/14  10:00:00,303.055812002,272.050960174
 10/14  11:00:00,293.472336865,237.428352872
 10/14  12:00:00,290.30966439900004,199.052710859
 10/14  13:00:00,280.394262928,190.598480265
 10/14  14:00:00,282.67563899099997,182.141343106
 10/14  15:00:00,284.949230371,189.262029387
 10/14  16:00:00,315.7240711,173.64783319
 10/14  17:00:00,346.03946596699996,154.959366199
 10/14  18:00:00,415.720691586,184.720116972
 10/14  19:00:00,424.821051211,201.179764378
 10/14  20:00:00,438.154091741,201.48748470200002
 10/14  21:00:00,431.012153205,193.74932626
 10/14  22:00:00,379.03961650599996,263.156809692
 10/14  23:00:00,308.23902413,157.560525926
 10/14  24:00:00,151.070575013,83.8446714337
 10/15  01:00:00,207.359125286,64.1326745443
 10/15  02:00:00,144.390041751,64.084692511
 10/15  03:00:00,180.373942801,64.1801504308
 10/15  04:00:00,154.446617384,91.89418938930001
 10/15  05:00:00,157.870003403,160.859713579
 10/15  06:00:00,316.32183561,234.133308822
 10/15  07:00:00,350.547790595,373.133114514
 10/15  08:00:00,410.015594782,418.419044675
 10/15  09:00:00,364.52483818300004,314.93667041
 10/15  10:00:00,321.98695833200003,279.439169613
 10/15  11:00:00,318.900386228,237.532586517
 10/15  12:00:00,319.012730829,198.86360327
 10/15  13:00:00,300.186519355,190.51338228
 10/15  14:00:00,300.079741895,175.590453728
 10/15  15:00:00,300.269986203,190.30972277799998
 10/15  16:00:00,329.80574166400004,172.46607847099997
 10/15  17:00:00,357.757081395,155.167541473
 10/15  18:00:00,419.96466060800003,181.00621052
 10/15  19:00:00,435.714872193,199.17088717200002
 10/15  20:00:00,455.23383589800005,199.206275633
 10/15  21:00:00,427.124722683,191.92495242599998
 10/15  22:00:00,373.988472578,280.967179976
 10/15  23:00:00,275.712998439,186.971582893
 10/15  24:00:00,152.176346287,135.595396052
 10/16  01:00:00,147.671535724,117.623460938
 10/16  02:00:00,171.52106255200002,121.778659871
 10/16  03:00:00,135.73537628100001,118.030417965
 10/16  04:00:00,147.850911241,126.45023227600001
 10/16  05:00:00,191.973550142,187.11655081
 10/16  06:00:00,339.11106669,281.604636114
 10/16  07:00:00,404.60372044,384.461038289
 10/16  08:00:00,354.245636604,308.745450834
 10/16  09:00:00,354.76248150199996,264.624366969
 10/16  10:00:00,304.740691399,237.35314184799998
 10/16  11:00:00,307.43102605400003,199.00840896900002
 10/16  12:00:00,310.829714753,198.88645875400002
 10/16  13:00:00,300.814598407,184.083624975
 10/16  14:00:00,300.86227928,182.052601031
 10/16  15:00:00,300.239052385,189.45776025700002
 10/16  16:00:00,329.606816573,173.364425365
 10/16  17:00:00,364.132009331,173.91591346
 10/16  18:00:00,420.12158354,276.234108707
 10/16  19:00:00,441.337269855,198.90863361
 10/16  20:00:00,466.02178845699996,203.241257161
 10/16  21:00:00,438.65896243300006,269.969060634
 10/16  22:00:00,373.378642615,201.488638057
 10/16  23:00:00,283.5084853,119.68343277299999
 10/16  24:00:00,142.658845842,104.23297504899999
 10/17  01:00:00,147.498578568,93.6463941716
 10/17  02:00:00,185.086497053,111.956668112
 10/17  03:00:00,115.917109792,100.48230850700001
 10/17  04:00:00,169.128681505,113.803196519
 10/17  05:00:00,171.450832161,172.68760519999998
 10/17  06:00:00,343.178720948,284.954665428
 10/17  07:00:00,379.69587101400003,462.024364648
 10/17  08:00:00,328.60923011200003,398.21382660300003
 10/17  09:00:00,307.853465998,304.171672772
 10/17  10:00:00,257.358899672,254.189466275
 10/17  11:00:00,283.492452621,203.65157600900002
 10/17  12:00:00,306.82526648099997,200.268368054
 10/17  13:00:00,298.054543956,190.583841602
 10/17  14:00:00,297.654287576,175.68300672599997
 10/17  15:00:00,297.31287400900004,190.448708922
 10/17  16:00:00,326.779283901,177.350651405
 10/17  17:00:00,361.460430761,175.544329212
 10/17  18:00:00,416.78387061300003,277.683412579
 10/17  19:00:00,424.336717481,217.717208567
 10/17  20:00:00,432.033918855,262.309097093
 10/17  21:00:00,415.534936624,388.381151075
 10/17  22:00:00,330.006948153,350.124901852
 10/17  23:00:00,232.089318376,255.89914222599998
 10/17  24:00:00,127.89686586100001,121.477628473
 10/18  01:00:00,128.367584765,91.1672388224
 10/18  02:00:00,123.79703564299999,88.36974351100001
 10/18  03:00:00,125.586073324,86.45980518649999
 10/18  04:00:00,134.37323911,105.135343745
 10/18  05:00:00,170.48032642200002,174.27694271099998
 10/18  06:00:00,323.807623728,282.307142286
 10/18  07:00:00,385.67177266,454.887838681
 10/18  08:00:00,315.165221698,371.98925303
 10/18  09:00:00,302.81039213400004,285.827728212
 10/18  10:00:00,285.785743152,239.80214108
 10/18  11:00:00,310.286733303,199.462781615
 10/18  12:00:00,311.433047529,199.12595587
 10/18  13:00:00,301.03653058099997,190.64401956700002
 10/18  14:00:00,300.385433159,182.184366909
 10/18  15:00:00,300.011020642,188.88584766
 10/18  16:00:00,329.160657562,174.107602916
 10/18  17:00:00,363.876301964,174.23435600000002
 10/18  18:00:00,418.85769549599996,276.994543543
 10/18  19:00:00,439.821895025,205.57160429799998
 10/18  20:00:00,465.327565092,205.595142482
 10/18  21:00:00,440.22938488,274.17462558200003
 10/18  22:00:00,369.481231733,204.91883863299998
 10/18  23:00:00,271.058661077,127.60926158299999
 10/18  24:00:00,138.27747184,91.33501947180001
 10/19  01:00:00,144.53334578,71.7558416335
 10/19  02:00:00,171.307125657,72.7582527141
 10/19  03:00:00,136.839611075,80.1103590562
 10/19  04:00:00,186.27348659,96.48016594879999
 10/19  05:00:00,172.456333564,166.05183212
 10/19  06:00:00,354.80935154900004,284.611373051
 10/19  07:00:00,409.69226488,383.94499496099996
 10/19  08:00:00,354.596670529,305.311538279
 10/19  09:00:00,354.373575179,264.039481377
 10/19  10:00:00,308.037554103,237.70550590599998
 10/19  11:00:00,305.897974165,199.23878539900002
 10/19  12:00:00,302.780267337,199.12974608599998
 10/19  13:00:00,293.24657324,190.686166918
 10/19  14:00:00,296.066274544,182.23634463099998
 10/19  15:00:00,297.322317779,190.538595883
 10/19  16:00:00,326.766751257,172.601976857
 10/19  17:00:00,360.67951240400004,180.937322188
 10/19  18:00:00,413.98132404300003,277.505104685
 10/19  19:00:00,434.02129009,205.439714747
 10/19  20:00:00,458.428669669,198.516611031
 10/19  21:00:00,432.925108831,275.43357583700003
 10/19  22:00:00,369.02300874300005,205.21193648
 10/19  23:00:00,305.152113713,119.94821397
 10/19  24:00:00,141.349752464,88.5754099251
 10/20  01:00:00,176.123499132,75.6302289652
 10/20  02:00:00,137.070723897,78.6213855726
 10/20  03:00:00,178.26005211,86.5114214351
 10/20  04:00:00,123.93319063,104.59562200200001
 10/20  05:00:00,210.93215430599997,169.77034431
 10/20  06:00:00,339.873793481,276.701725849
 10/20  07:00:00,433.28104099,370.871849014
 10/20  08:00:00,383.68735142400004,300.59843172
 10/20  09:00:00,352.429386612,263.450951072
 10/20  10:00:00,302.099158715,238.071117423
 10/20  11:00:00,303.701117207,199.27390510799998
 10/20  12:00:00,303.802002896,199.177096898
 10/20  13:00:00,293.48316225400004,190.74044253
 10/20  14:00:00,293.25801417599996,182.291386005
 10/20  15:00:00,292.959333562,190.60833451099998
 10/20  16:00:00,322.364633663,178.856393368
 10/20  17:00:00,358.306486292,174.466703385
 10/20  18:00:00,414.874891124,277.777144835
 10/20  19:00:00,431.95067461800005,205.54986787599998
 10/20  20:00:00,457.808839254,205.42958418900002
 10/20  21:00:00,433.28242005,273.984319965
 10/20  22:00:00,367.749024403,206.86199031900003
 10/20  23:00:00,303.309167518,118.52514485200001
 10/20  24:00:00,177.08278082900003,91.58603013860001
 10/21  01:00:00,159.723570628,75.77013448619999
 10/21  02:00:00,165.722248439,84.8733486413
 10/21  03:00:00,137.26537257299998,80.63417421
 10/21  04:00:00,185.016015594,104.84731646200001
 10/21  05:00:00,155.311931007,134.603071852
 10/21  06:00:00,321.625191126,177.99204273900003
 10/21  07:00:00,365.13122018400003,289.373691635
 10/21  08:00:00,416.575033422,400.496233647
 10/21  09:00:00,368.30434544199994,327.83674258
 10/21  10:00:00,313.606080709,280.424275407
 10/21  11:00:00,305.410126773,238.241012268
 10/21  12:00:00,304.329537172,205.90382705
 10/21  13:00:00,293.722707798,190.98768562900003
 10/21  14:00:00,293.610918881,182.572313207
 10/21  15:00:00,293.379041266,190.923202209
 10/21  16:00:00,322.849907964,178.972833843
 10/21  17:00:00,351.135843059,159.247699691
 10/21  18:00:00,418.99709616300004,182.033662104
 10/21  19:00:00,423.426078402,205.55311094
 10/21  20:00:00,435.854628928,205.63218046
 10/21  21:00:00,426.16550139699996,197.716603618
 10/21  22:00:00,373.005115295,265.456213477
 10/21  23:00:00,301.094458544,156.143819313
 10/21  24:00:00,212.85494354,84.9991574428
 10/22  01:00:00,240.508548038,65.3103906301
 10/22  02:00:00,190.822285288,69.21251485229999
 10/22  03:00:00,231.80981765200002,66.0460074785
 10/22  04:00:00,217.74234050099997,88.4578240921
 10/22  05:00:00,247.89038374400002,116.40668855700001
 10/22  06:00:00,330.97948608400003,163.27027121
 10/22  07:00:00,385.72538513300003,278.033388893
 10/22  08:00:00,403.41296367900003,396.80879498900003
 10/22  09:00:00,346.86966474800005,324.808739791
 10/22  10:00:00,302.534730561,283.400539258
 10/22  11:00:00,299.751255546,242.675849212
 10/22  12:00:00,299.516523027,199.316302995
 10/22  13:00:00,280.159493033,197.37815313099998
 10/22  14:00:00,279.285894714,182.36001927
 10/22  15:00:00,279.477665346,190.69160492400002
 10/22  16:00:00,310.85965474200003,172.69721670400003
 10/22  17:00:00,341.327380517,159.946857147
 10/22  18:00:00,406.04746105099997,182.858330112
 10/22  19:00:00,418.90344739,206.440163625
 10/22  20:00:00,439.19707184,206.370439183
 10/22  21:00:00,409.90586836800003,198.668186182
 10/22  22:00:00,356.91495564699994,266.85650270599996
 10/22  23:00:00,295.842464067,158.01834374
 10/22  24:00:00,241.22886718700002,84.20935847300001
 10/23  01:00:00,231.08894595599998,70.2666220457
 10/23  02:00:00,214.10103910799998,64.4646312724
 10/23  03:00:00,219.732217544,64.22457958369999
 10/23  04:00:00,211.36642298799998,90.40514645639999
 10/23  05:00:00,245.979755449,154.343985917
 10/23  06:00:00,366.453032595,264.457295361
 10/23  07:00:00,420.913700867,364.22521454300005
 10/23  08:00:00,369.448684908,301.446111185
 10/23  09:00:00,340.355735182,264.177719382
 10/23  10:00:00,291.774346447,239.82690691099998
 10/23  11:00:00,292.74993211099996,204.259106331
 10/23  12:00:00,291.025125535,199.35036766
 10/23  13:00:00,280.531559163,191.887095035
 10/23  14:00:00,280.571430565,186.90501234400003
 10/23  15:00:00,280.875145179,191.76920177099998
 10/23  16:00:00,310.44444317,172.73521536599998
 10/23  17:00:00,349.127628725,182.355032255
 10/23  18:00:00,406.40243098,287.549103805
 10/23  19:00:00,423.257425114,207.67850918
 10/23  20:00:00,448.696307905,207.643292425
 10/23  21:00:00,426.161240211,278.193704154
 10/23  22:00:00,362.874025129,215.108724859
 10/23  23:00:00,295.673853416,114.846682412
 10/23  24:00:00,225.697221449,90.688045421
 10/24  01:00:00,204.71681458400002,64.2281042497
 10/24  02:00:00,185.551549315,70.6226641482
 10/24  03:00:00,188.07075236400001,64.5365777343
 10/24  04:00:00,216.26740714299999,90.4501701842
 10/24  05:00:00,240.80467101099998,154.479795118
 10/24  06:00:00,355.151522074,264.774385542
 10/24  07:00:00,424.56159358800005,366.20772891800004
 10/24  08:00:00,371.56656712800003,302.338581633
 10/24  09:00:00,339.070464808,264.363141748
 10/24  10:00:00,290.711325568,245.015420036
 10/24  11:00:00,293.13782158,199.53610266099997
 10/24  12:00:00,293.25993527099996,205.83508457099998
 10/24  13:00:00,284.255520004,190.94776695
 10/24  14:00:00,282.56611777,182.526470855
 10/24  15:00:00,281.228081314,190.871625532
 10/24  16:00:00,309.168162503,178.99178843599998
 10/24  17:00:00,344.201007574,182.41362093700002
 10/24  18:00:00,402.208600785,288.00761981200003
 10/24  19:00:00,418.38366537900004,208.00379574299998
 10/24  20:00:00,442.285521405,207.9839048
 10/24  21:00:00,417.334589079,285.00983173599997
 10/24  22:00:00,352.21764896,209.761033867
 10/24  23:00:00,285.709284428,121.522925488
 10/24  24:00:00,262.887738754,84.17671404720001
 10/25  01:00:00,254.992906958,70.4145854757
 10/25  02:00:00,244.356781883,64.3279853381
 10/25  03:00:00,243.066888397,70.3064491391
 10/25  04:00:00,243.931783018,86.2855289457
 10/25  05:00:00,275.747909789,158.922007566
 10/25  06:00:00,377.655150148,264.869292937
 10/25  07:00:00,417.819480816,368.636020301
 10/25  08:00:00,364.100004281,302.153956629
 10/25  09:00:00,334.80956949299997,268.07031574
 10/25  10:00:00,289.292604375,241.822809783
 10/25  11:00:00,292.40362735599996,206.042236423
 10/25  12:00:00,293.224223718,199.462342734
 10/25  13:00:00,292.645119391,197.480628156
 10/25  14:00:00,301.193415973,182.537808305
 10/25  15:00:00,300.60289104099996,190.889786835
 10/25  16:00:00,329.939270671,179.034309573
 10/25  17:00:00,363.972971326,182.742404698
 10/25  18:00:00,421.67649734800005,288.732009387
 10/25  19:00:00,438.015409243,208.676351417
 10/25  20:00:00,462.49439203599997,208.751684556
 10/25  21:00:00,437.070295941,286.343164033
 10/25  22:00:00,372.124666884,210.929060862
 10/25  23:00:00,300.991957325,128.661491658
 10/25  24:00:00,150.047796575,104.852956667
 10/26  01:00:00,202.348737503,81.8887450732
 10/26  02:00:00,123.793631345,90.03039784200001
 10/26  03:00:00,178.456280503,87.96758766030001
 10/26  04:00:00,190.01506627,121.03059303299999
 10/26  05:00:00,174.036460293,177.27264394099998
 10/26  06:00:00,356.18671117,302.025645518
 10/26  07:00:00,419.30666529800004,438.050063098
 10/26  08:00:00,343.73803580099997,365.011461601
 10/26  09:00:00,342.009108508,282.00475057200003
 10/26  10:00:00,308.249169649,238.531686431
 10/26  11:00:00,308.90788454,206.093796511
 10/26  12:00:00,307.95102111799997,205.996921199
 10/26  13:00:00,298.401231345,191.05572487
 10/26  14:00:00,298.046250599,182.640775551
 10/26  15:00:00,298.086110912,194.70076600299998
 10/26  16:00:00,327.864659652,178.62141305
 10/26  17:00:00,362.59204579,178.90639022099998
 10/26  18:00:00,420.25283781900004,287.975800599
 10/26  19:00:00,438.94641357300003,214.483814009
 10/26  20:00:00,463.171659075,213.569171497
 10/26  21:00:00,435.23590059199995,341.26099784900003
 10/26  22:00:00,340.517446305,300.56996969200003
 10/26  23:00:00,247.41129089400002,178.505343718
 10/26  24:00:00,140.867316264,132.12028102899998
 10/27  01:00:00,144.683813655,114.759575326
 10/27  02:00:00,139.440602026,110.008323178
 10/27  03:00:00,139.320239697,112.053058384
 10/27  04:00:00,147.096309686,123.772241645
 10/27  05:00:00,215.612536129,182.352682042
 10/27  06:00:00,324.777387304,297.513258905
 10/27  07:00:00,373.01432469900004,485.121630186
 10/27  08:00:00,327.36481518,422.694330569
 10/27  09:00:00,302.273891281,312.93374831
 10/27  10:00:00,246.41075351799998,257.917423246
 10/27  11:00:00,258.51195188,210.664104613
 10/27  12:00:00,281.48746964400004,209.457218162
 10/27  13:00:00,293.834151064,192.367700341
 10/27  14:00:00,298.23625087700003,189.331907707
 10/27  15:00:00,298.034700692,191.005317336
 10/27  16:00:00,327.104306991,179.397300679
 10/27  17:00:00,358.188334722,183.64050180700002
 10/27  18:00:00,393.73278578699995,298.955670358
 10/27  19:00:00,390.139531753,254.800915273
 10/27  20:00:00,414.795139997,274.084276714
 10/27  21:00:00,401.38607978699997,371.11688485
 10/27  22:00:00,321.43309198,317.967274135
 10/27  23:00:00,225.67865480700002,265.60863030900003
 10/27  24:00:00,122.80373726799999,134.004794231
 10/28  01:00:00,129.047265947,106.04925007899999
 10/28  02:00:00,112.859689372,101.076942281
 10/28  03:00:00,113.891644984,92.81800678540002
 10/28  04:00:00,140.099508434,116.575474015
 10/28  05:00:00,152.084805662,141.459273957
 10/28  06:00:00,283.659787199,194.87064895700001
 10/28  07:00:00,279.33150193299997,444.114126866
 10/28  08:00:00,362.385984285,575.53483481
 10/28  09:00:00,328.47814375400003,467.556283785
 10/28  10:00:00,264.649694673,340.844669247
 10/28  11:00:00,253.422867713,285.98738390799997
 10/28  12:00:00,256.578370843,217.668563035
 10/28  13:00:00,261.3808444,206.544135052
 10/28  14:00:00,286.437859254,192.84876641900001
 10/28  15:00:00,303.294106589,198.887589631
 10/28  16:00:00,330.375237325,180.517367168
 10/28  17:00:00,347.53226733300005,162.538128532
 10/28  18:00:00,385.630230746,213.36197541099997
 10/28  19:00:00,371.849313395,323.210569925
 10/28  20:00:00,383.230943851,399.709838653
 10/28  21:00:00,369.922458856,355.952657299
 10/28  22:00:00,312.007240598,439.235439011
 10/28  23:00:00,225.829798047,336.668471626
 10/28  24:00:00,129.625389611,123.94424960100001
 10/29  01:00:00,150.461011872,103.065650977
 10/29  02:00:00,130.338212154,99.9366112842
 10/29  03:00:00,128.41375383,98.215558211
 10/29  04:00:00,135.87500108700002,117.55196159799999
 10/29  05:00:00,150.245578282,143.216150869
 10/29  06:00:00,230.82011003099998,196.481745731
 10/29  07:00:00,352.946485488,423.97276304
 10/29  08:00:00,369.78573784800005,556.479930596
 10/29  09:00:00,324.194625769,415.495786224
 10/29  10:00:00,274.32429960400003,304.94804004
 10/29  11:00:00,307.719895613,250.500570235
 10/29  12:00:00,318.836001745,205.232967354
 10/29  13:00:00,299.237189028,199.122273097
 10/29  14:00:00,299.193681472,183.977232022
 10/29  15:00:00,298.999012747,198.67596864900003
 10/29  16:00:00,328.64521335,180.419862803
 10/29  17:00:00,356.342757881,162.833040054
 10/29  18:00:00,417.465766225,192.158651392
 10/29  19:00:00,394.257281609,244.91650309099998
 10/29  20:00:00,408.737388871,301.375690217
 10/29  21:00:00,377.173121005,385.91021196
 10/29  22:00:00,315.750080879,439.905860609
 10/29  23:00:00,228.20594666,321.368398424
 10/29  24:00:00,143.79618214799999,125.913264904
 10/30  01:00:00,127.791167948,94.81657889899999
 10/30  02:00:00,120.270450794,97.9373335843
 10/30  03:00:00,119.91310379,96.22980660440001
 10/30  04:00:00,127.938280454,115.41495944200001
 10/30  05:00:00,163.27797474,179.46975412
 10/30  06:00:00,322.345279004,303.90428232200003
 10/30  07:00:00,356.36389549300003,511.527385474
 10/30  08:00:00,311.881109255,454.910556601
 10/30  09:00:00,294.37244762,324.333852962
 10/30  10:00:00,261.714564221,252.491012187
 10/30  11:00:00,310.33271570700003,207.876061558
 10/30  12:00:00,310.35926781,207.418380125
 10/30  13:00:00,300.35504337599997,198.763997807
 10/30  14:00:00,300.280478162,183.593962475
 10/30  15:00:00,299.66044523,198.252029967
 10/30  16:00:00,329.45825897099996,179.278100289
 10/30  17:00:00,364.23686737199995,182.172299075
 10/30  18:00:00,423.388403415,297.32311150099997
 10/30  19:00:00,406.49168865300004,237.14519314
 10/30  20:00:00,431.419010495,236.543054035
 10/30  21:00:00,422.735104596,311.323367249
 10/30  22:00:00,325.361494176,272.18817023
 10/30  23:00:00,227.37288401200001,249.045764475
 10/30  24:00:00,127.863934821,145.884461576
 10/31  01:00:00,127.76473438200001,113.63998347299999
 10/31  02:00:00,122.71729985799999,106.35890795899999
 10/31  03:00:00,123.64477648799999,100.822574895
 10/31  04:00:00,133.286046166,117.430456336
 10/31  05:00:00,170.698237817,182.900775888
 10/31  06:00:00,323.76481387900003,300.014725234
 10/31  07:00:00,389.91817578300004,455.654616934
 10/31  08:00:00,330.239404357,356.869659644
 10/31  09:00:00,307.696215973,288.882037643
 10/31  10:00:00,303.530414115,247.05336033
 10/31  11:00:00,311.135164782,207.10658242099998
 10/31  12:00:00,309.20257650599996,206.578359234
 10/31  13:00:00,299.799699266,196.73508683900002
 10/31  14:00:00,300.463428525,184.175106667
 10/31  15:00:00,301.021481274,197.771351097
 10/31  16:00:00,330.889618936,179.26643576799998
 10/31  17:00:00,365.94019954,181.98209409900002
 10/31  18:00:00,425.85683734400004,295.952570116
 10/31  19:00:00,439.53078793199995,214.188400355
 10/31  20:00:00,463.44076825300004,209.80711511299998
 10/31  21:00:00,438.12810561099997,290.347996358
 10/31  22:00:00,373.04078916699996,216.305984079
 10/31  23:00:00,306.486310813,121.344776764
 10/31  24:00:00,139.538317962,91.38881404969999
 11/01  01:00:00,144.204973744,73.5715021933
 11/01  02:00:00,187.27727171799998,76.5516160535
 11/01  03:00:00,114.11489497,74.6331017075
 11/01  04:00:00,184.704972766,108.671228427
 11/01  05:00:00,170.223703607,177.226082415
 11/01  06:00:00,353.49523395800003,315.187536272
 11/01  07:00:00,405.62676102,420.29515744699995
 11/01  08:00:00,350.288184554,336.250033181
 11/01  09:00:00,353.28660452199995,276.374338717
 11/01  10:00:00,303.258096638,246.04864257900002
 11/01  11:00:00,304.008890355,206.53677359
 11/01  12:00:00,302.232753172,206.39455171900002
 11/01  13:00:00,293.494340529,197.929370176
 11/01  14:00:00,295.22848627900004,189.481217159
 11/01  15:00:00,297.476363826,191.32201781
 11/01  16:00:00,326.046654959,185.538529053
 11/01  17:00:00,359.51316640699997,182.08541546900003
 11/01  18:00:00,418.592233383,296.38109781599996
 11/01  19:00:00,434.244232486,214.482258573
 11/01  20:00:00,460.868935695,214.32410902700002
 11/01  21:00:00,438.05029482699996,286.218033915
 11/01  22:00:00,374.100260095,216.406756038
 11/01  23:00:00,308.622118093,122.225211181
 11/01  24:00:00,142.472886733,96.2950137039
 11/02  01:00:00,162.546546777,69.3507657701
 11/02  02:00:00,157.87786245700002,80.2889362433
 11/02  03:00:00,161.361254202,86.16000056610001
 11/02  04:00:00,142.883003277,114.029388378
 11/02  05:00:00,212.94573173400002,193.050576265
 11/02  06:00:00,327.321057736,325.042910465
 11/02  07:00:00,410.79356218099997,426.57737903699996
 11/02  08:00:00,349.367758775,349.317737675
 11/02  09:00:00,347.62017645300006,280.253017811
 11/02  10:00:00,304.084166865,251.175718015
 11/02  11:00:00,301.98296736599997,208.24574982200002
 11/02  12:00:00,300.967554093,206.427383834
 11/02  13:00:00,293.275988519,195.619525998
 11/02  14:00:00,294.348905336,185.388914534
 11/02  15:00:00,294.00619834599996,197.84031173900001
 11/02  16:00:00,324.08162338,179.32481970599997
 11/02  17:00:00,360.577952956,188.67471272400002
 11/02  18:00:00,417.19401882,295.080944854
 11/02  19:00:00,430.856930438,215.981173132
 11/02  20:00:00,456.689163515,214.384432937
 11/02  21:00:00,433.898528931,286.491651956
 11/02  22:00:00,368.962973026,219.34192406
 11/02  23:00:00,303.00585066,124.042341011
 11/02  24:00:00,160.037649504,93.5276106906
 11/03  01:00:00,168.823147515,75.34439951579999
 11/03  02:00:00,147.225791839,77.6191565979
 11/03  03:00:00,157.132124293,80.65936248050001
 11/03  04:00:00,188.29826546900003,103.774391129
 11/03  05:00:00,155.10534469799998,177.86265938900002
 11/03  06:00:00,350.159845284,299.214205643
 11/03  07:00:00,429.492793703,402.641071287
 11/03  08:00:00,371.525291654,323.59764915200003
 11/03  09:00:00,353.746652836,274.117620021
 11/03  10:00:00,301.527889581,253.03859585
 11/03  11:00:00,301.10547613,206.618939631
 11/03  12:00:00,298.686526807,206.492458312
 11/03  13:00:00,288.28497625299997,198.03484357099998
 11/03  14:00:00,289.411465493,189.583472862
 11/03  15:00:00,290.340674257,193.646926422
 11/03  16:00:00,321.251829365,183.48233430000002
 11/03  17:00:00,356.68663092800006,187.104994529
 11/03  18:00:00,413.014690975,291.643669028
 11/03  19:00:00,427.000160909,221.769422438
 11/03  20:00:00,452.64826840300003,214.701985645
 11/03  21:00:00,428.262603436,287.028760215
 11/03  22:00:00,365.92749580599997,223.95088731
 11/03  23:00:00,302.76642055900004,120.29062035700001
 11/03  24:00:00,178.24621485400002,92.7319716824
 11/04  01:00:00,160.946654706,74.0973911357
 11/04  02:00:00,167.261879609,75.652788557
 11/04  03:00:00,138.489673549,77.3401860817
 11/04  04:00:00,183.706759494,99.78181078120001
 11/04  05:00:00,177.780069924,134.115314988
 11/04  06:00:00,295.77936842099996,185.759671394
 11/04  07:00:00,365.589350386,318.97976979599997
 11/04  08:00:00,412.565950444,429.77259500400004
 11/04  09:00:00,368.621556606,343.125623486
 11/04  10:00:00,312.14933538,291.67460497
 11/04  11:00:00,304.361833757,252.295992197
 11/04  12:00:00,303.560009007,213.32596547
 11/04  13:00:00,293.04998645,198.350330277
 11/04  14:00:00,291.376305264,189.894170394
 11/04  15:00:00,290.304486369,198.220940804
 11/04  16:00:00,321.9689608,185.75523208599998
 11/04  17:00:00,351.169613181,166.714041026
 11/04  18:00:00,421.466238878,190.189479567
 11/04  19:00:00,424.032818487,215.05532019700001
 11/04  20:00:00,435.895152519,215.11895996400003
 11/04  21:00:00,425.140378891,207.25442381099998
 11/04  22:00:00,373.84109432300005,286.338037134
 11/04  23:00:00,304.897924806,165.914778351
 11/04  24:00:00,231.290140088,90.78896328719999
 11/05  01:00:00,247.09538054900003,70.5920611802
 11/05  02:00:00,187.396929152,70.5788711313
 11/05  03:00:00,227.33801990799998,76.7176608828
 11/05  04:00:00,179.428179387,90.8147506447
 11/05  05:00:00,222.362165572,122.683062029
 11/05  06:00:00,321.796864294,172.595606309
 11/05  07:00:00,396.447599669,297.304939318
 11/05  08:00:00,412.02308161699995,420.726209041
 11/05  09:00:00,356.650483145,338.1475869
 11/05  10:00:00,313.31659305799997,297.909623871
 11/05  11:00:00,309.775189735,253.673736144
 11/05  12:00:00,310.108103817,206.628411113
 11/05  13:00:00,291.344686872,198.291718251
 11/05  14:00:00,291.460168334,189.701076548
 11/05  15:00:00,292.061330728,198.04241699
 11/05  16:00:00,321.001243288,185.70062363
 11/05  17:00:00,348.391304237,167.58640414799999
 11/05  18:00:00,417.09091886199997,191.17018017400002
 11/05  19:00:00,429.657174636,216.120599733
 11/05  20:00:00,449.118675919,216.04038081599998
 11/05  21:00:00,420.846221057,208.401962266
 11/05  22:00:00,370.048073895,288.639513374
 11/05  23:00:00,308.895071395,168.565992648
 11/05  24:00:00,159.974051545,91.5440502565
 11/06  01:00:00,186.40210166900002,91.180390748
 11/06  02:00:00,175.103260854,70.5940077938
 11/06  03:00:00,140.730802617,73.0876223127
 11/06  04:00:00,177.87103978,74.17284505800001
 11/06  05:00:00,186.78804830099998,90.9284732868
 11/06  06:00:00,202.63863872299999,162.822713101
 11/06  07:00:00,330.040511032,287.805402605
 11/06  08:00:00,421.925595115,386.4015839
 11/06  09:00:00,380.812651187,315.600856256
 11/06  10:00:00,351.930304425,281.342286562
 11/06  11:00:00,301.021595328,246.69439197900002
 11/06  12:00:00,300.74230260400003,213.39374431299998
 11/06  13:00:00,299.235482236,207.196667023
 11/06  14:00:00,289.11604405099996,199.368786565
 11/06  15:00:00,287.69178814,191.035264832
 11/06  16:00:00,287.366280914,199.32500763299998
 11/06  17:00:00,315.161132762,185.78635901799998
 11/06  18:00:00,357.682725409,190.89428036299998
 11/06  19:00:00,418.66796521599997,300.335843204
 11/06  20:00:00,427.083238273,217.766052755
 11/06  21:00:00,452.90956615,223.851232802
 11/06  22:00:00,428.06900436800004,298.83996944
 11/06  23:00:00,362.880517139,221.78312352700001
 11/06  24:00:00,297.408678547,132.88443294
 11/07  01:00:00,201.214148341,90.9059484736
 11/07  02:00:00,175.49493772099999,70.5682261228
 11/07  03:00:00,194.165881625,70.6397245432
 11/07  04:00:00,193.23186849,70.630198524
 11/07  05:00:00,189.961529292,97.5248956376
 11/07  06:00:00,213.830276398,162.729947638
 11/07  07:00:00,351.80141486300005,285.13221986900004
 11/07  08:00:00,416.515259553,390.39489866199995
 11/07  09:00:00,372.98192203,313.940107282
 11/07  10:00:00,342.706731475,281.035059623
 11/07  11:00:00,295.399654449,253.688142169
 11/07  12:00:00,296.45389674,207.019199149
 11/07  13:00:00,297.328018716,213.346211843
 11/07  14:00:00,290.751116755,198.344425393
 11/07  15:00:00,291.967946192,189.86138135
 11/07  16:00:00,292.77543022099997,198.15946757400002
 11/07  17:00:00,321.837798266,185.77798870599997
 11/07  18:00:00,362.85942168199995,190.22534864
 11/07  19:00:00,421.928436299,301.767164822
 11/07  20:00:00,428.580962784,218.218098481
 11/07  21:00:00,453.752879495,225.15468379200001
 11/07  22:00:00,429.385564797,299.280150763
 11/07  23:00:00,365.179302414,226.870121813
 11/07  24:00:00,299.99562676700003,125.01742647100001
 11/08  01:00:00,209.26351725,97.1866129827
 11/08  02:00:00,148.247896515,70.5822768339
 11/08  03:00:00,180.94974235799998,70.6469461014
 11/08  04:00:00,180.593639191,70.641653367
 11/08  05:00:00,186.27736143200002,97.34658802530001
 11/08  06:00:00,202.586911734,167.814903533
 11/08  07:00:00,329.771561375,293.587613378
 11/08  08:00:00,418.651594956,392.8859045
 11/08  09:00:00,372.874077271,317.45416811900003
 11/08  10:00:00,342.184851391,278.260257281
 11/08  11:00:00,293.835120398,253.67112475599998
 11/08  12:00:00,297.12785997,213.46316250599997
 11/08  13:00:00,296.939712417,206.803589917
 11/08  14:00:00,285.503420748,198.35573127400002
 11/08  15:00:00,286.39553609,189.895438327
 11/08  16:00:00,285.325901709,203.86915113
 11/08  17:00:00,315.421495003,180.366133293
 11/08  18:00:00,360.90784373699995,191.04657468099998
 11/08  19:00:00,421.58226709800005,304.886455942
 11/08  20:00:00,429.016893245,222.19846369299998
 11/08  21:00:00,452.13831779300006,225.464056642
 11/08  22:00:00,424.81685422,299.877246215
 11/08  23:00:00,358.371130786,228.31168486
 11/08  24:00:00,292.970747987,123.87093775299999
 11/09  01:00:00,237.84645820400002,97.20906952530001
 11/09  02:00:00,237.685051485,70.6074934661
 11/09  03:00:00,217.39093579599998,70.6410847488
 11/09  04:00:00,213.977669685,70.6528449242
 11/09  05:00:00,208.107226335,97.3133589246
 11/09  06:00:00,238.779489762,163.050118101
 11/09  07:00:00,358.45211417800004,292.700665313
 11/09  08:00:00,412.577063063,390.82897715900003
 11/09  09:00:00,371.730217617,317.49546317700003
 11/09  10:00:00,343.395301759,282.036742187
 11/09  11:00:00,296.94555660000003,253.808940915
 11/09  12:00:00,300.05748965099997,213.524036322
 11/09  13:00:00,298.024399631,206.86808640799998
 11/09  14:00:00,286.532954344,198.416651
 11/09  15:00:00,286.364141052,196.44558943799998
 11/09  16:00:00,285.10420108,198.276925843
 11/09  17:00:00,313.236993822,185.849819852
 11/09  18:00:00,356.903812693,191.54591127900002
 11/09  19:00:00,417.76097204800004,302.242820801
 11/09  20:00:00,424.279878675,226.24612132099998
 11/09  21:00:00,447.113233308,220.59377553099998
 11/09  22:00:00,421.89286504800003,307.209352267
 11/09  23:00:00,358.089025756,228.047836635
 11/09  24:00:00,296.337872661,125.721923796
 11/10  01:00:00,210.01835968400002,97.74417372069999
 11/10  02:00:00,186.651449807,70.6607035719
 11/10  03:00:00,162.017430293,70.6725474888
 11/10  04:00:00,159.1121745,80.6155503522
 11/10  05:00:00,184.843713963,109.980514105
 11/10  06:00:00,212.973497774,217.56959675099998
 11/10  07:00:00,321.277524203,366.584235383
 11/10  08:00:00,417.380656938,479.123328867
 11/10  09:00:00,367.05975286,391.85411866699997
 11/10  10:00:00,338.472357217,335.023341998
 11/10  11:00:00,296.706676581,273.821383066
 11/10  12:00:00,308.239625862,210.35264568099998
 11/10  13:00:00,307.21379718,213.45297970200002
 11/10  14:00:00,297.443222015,198.487147544
 11/10  15:00:00,297.734541357,196.524663573
 11/10  16:00:00,297.67758827,198.33911282
 11/10  17:00:00,327.906501782,185.893025378
 11/10  18:00:00,370.54415497699995,191.31086095
 11/10  19:00:00,431.117131122,309.174864313
 11/10  20:00:00,419.464748751,249.571271605
 11/10  21:00:00,435.81458517,272.70773086599996
 11/10  22:00:00,423.698739306,354.170892126
 11/10  23:00:00,339.756125043,288.208245632
 11/10  24:00:00,241.56814718099997,206.56892401599998
 11/11  01:00:00,142.582363691,167.440574356
 11/11  02:00:00,152.238552811,123.562672972
 11/11  03:00:00,137.679038305,117.960752585
 11/11  04:00:00,138.76096482399998,103.87910391
 11/11  05:00:00,147.667218599,125.145693862
 11/11  06:00:00,161.898516186,148.33068474200002
 11/11  07:00:00,291.755004463,201.38958046599998
 11/11  08:00:00,318.907155813,410.111276839
 11/11  09:00:00,403.326007245,507.564102569
 11/11  10:00:00,358.56993025099996,371.50390506599996
 11/11  11:00:00,320.887687475,302.51494393
 11/11  12:00:00,318.641842663,254.470805983
 11/11  13:00:00,318.49946798599996,213.53373877099997
 11/11  14:00:00,299.870843413,205.21948767
 11/11  15:00:00,300.114882162,190.11938895400002
 11/11  16:00:00,300.411050391,198.45234303799998
 11/11  17:00:00,330.578367463,186.040357825
 11/11  18:00:00,365.96460942199997,167.46175894200002
 11/11  19:00:00,420.073701776,202.033365664
 11/11  20:00:00,401.536647626,244.268147777
 11/11  21:00:00,427.035701706,259.18205862400004
 11/11  22:00:00,397.76395603300006,273.034102175
 11/11  23:00:00,336.510132624,368.413268929
 11/11  24:00:00,247.125039345,295.814876442
 11/12  01:00:00,141.76147706700002,148.652733308
 11/12  02:00:00,150.350013784,119.325784936
 11/12  03:00:00,135.582384088,106.12393505700001
 11/12  04:00:00,136.655867219,106.664907037
 11/12  05:00:00,145.35548252799998,123.500737416
 11/12  06:00:00,159.499535275,147.938614887
 11/12  07:00:00,283.31880561400004,201.952401405
 11/12  08:00:00,317.43720164,419.71788472800006
 11/12  09:00:00,402.11477245599997,501.30057864599996
 11/12  10:00:00,364.227731222,360.61211387599997
 11/12  11:00:00,321.862481843,300.00901462
 11/12  12:00:00,318.737006761,261.6131992
 11/12  13:00:00,319.57412151200003,207.14079015299998
 11/12  14:00:00,299.33997437799997,205.57297142099998
 11/12  15:00:00,298.07862472,190.31637091599998
 11/12  16:00:00,298.857951704,205.364451393
 11/12  17:00:00,328.454089193,186.52930324
 11/12  18:00:00,366.158354093,168.066701176
 11/12  19:00:00,419.44069015,202.95109192700002
 11/12  20:00:00,398.876378143,243.894208371
 11/12  21:00:00,427.943537793,255.26211480400002
 11/12  22:00:00,400.66383524800005,254.112185532
 11/12  23:00:00,340.495051667,339.163547671
 11/12  24:00:00,252.270288415,242.328511155
 11/13  01:00:00,133.525021181,160.004364196
 11/13  02:00:00,134.810964345,118.33936495299999
 11/13  03:00:00,129.91797044700002,108.117801219
 11/13  04:00:00,131.104063448,107.36873656600001
 11/13  05:00:00,140.09082167100001,122.965483894
 11/13  06:00:00,175.646819876,186.791492454
 11/13  07:00:00,334.643308167,316.425668404
 11/13  08:00:00,380.155946381,460.910529081
 11/13  09:00:00,334.966400916,345.629867641
 11/13  10:00:00,317.797498334,291.37466483400004
 11/13  11:00:00,308.673984973,262.314735242
 11/13  12:00:00,311.78886956900004,212.04916775799998
 11/13  13:00:00,311.877090542,212.388721279
 11/13  14:00:00,301.194919943,207.711988085
 11/13  15:00:00,300.405958175,192.847391855
 11/13  16:00:00,300.503673952,207.604469789
 11/13  17:00:00,326.943969042,187.176094099
 11/13  18:00:00,371.679122437,191.933913293
 11/13  19:00:00,430.332880605,310.825261093
 11/13  20:00:00,436.665012292,225.712415666
 11/13  21:00:00,461.46208804400004,225.293722298
 11/13  22:00:00,437.480508605,307.01616327700003
 11/13  23:00:00,372.022514782,231.892503419
 11/13  24:00:00,305.76023002700003,133.513654384
 11/14  01:00:00,142.566400871,97.3896256854
 11/14  02:00:00,151.426491441,70.7007994509
 11/14  03:00:00,187.711123775,70.7229906834
 11/14  04:00:00,143.365526606,76.86990597329999
 11/14  05:00:00,171.282410314,97.41207668770001
 11/14  06:00:00,208.225029566,167.97681109200002
 11/14  07:00:00,351.548767921,290.777628023
 11/14  08:00:00,422.57433751300005,404.52991818099997
 11/14  09:00:00,368.45257011300004,346.451892522
 11/14  10:00:00,311.517004537,307.80392496400003
 11/14  11:00:00,265.725782459,267.42926744
 11/14  12:00:00,305.260467965,215.64588823900002
 11/14  13:00:00,308.459611449,214.508042843
 11/14  14:00:00,299.66120131900004,205.796865895
 11/14  15:00:00,298.474583067,190.82088865
 11/14  16:00:00,298.009458302,205.974571618
 11/14  17:00:00,327.98395286,186.131901639
 11/14  18:00:00,353.465903412,200.251712367
 11/14  19:00:00,383.77160466,353.60930365300004
 11/14  20:00:00,388.472974994,301.330552324
 11/14  21:00:00,416.01013539,311.854726697
 11/14  22:00:00,401.322537712,416.246112604
 11/14  23:00:00,319.590017875,370.359771669
 11/14  24:00:00,224.700403395,297.951201347
 11/15  01:00:00,128.225588215,142.93175289299998
 11/15  02:00:00,126.500877995,113.471885377
 11/15  03:00:00,120.80362404899999,101.28388442299999
 11/15  04:00:00,121.650787131,103.439739156
 11/15  05:00:00,130.318815172,121.544496729
 11/15  06:00:00,165.413534839,191.187870003
 11/15  07:00:00,313.496968254,312.253874014
 11/15  08:00:00,360.42739591800006,523.379474758
 11/15  09:00:00,316.879792226,463.47053772
 11/15  10:00:00,298.740228302,360.732666349
 11/15  11:00:00,250.41703459299998,292.419920882
 11/15  12:00:00,254.828435382,228.301133198
 11/15  13:00:00,271.108085969,222.15478927400002
 11/15  14:00:00,290.363564957,201.275670723
 11/15  15:00:00,298.362837673,197.60714556599999
 11/15  16:00:00,298.377021392,199.577981745
 11/15  17:00:00,318.61367327799996,194.976160065
 11/15  18:00:00,335.02398900099996,196.867158184
 11/15  19:00:00,381.04062555699994,357.62103344900004
 11/15  20:00:00,381.02946599800003,383.58860456699995
 11/15  21:00:00,407.20061644,382.266444391
 11/15  22:00:00,379.18062728300004,449.75740778
 11/15  23:00:00,304.42772767099996,383.840881405
 11/15  24:00:00,217.166640106,286.214280198
 11/16  01:00:00,129.31206059299998,133.019249997
 11/16  02:00:00,125.81325726700001,101.31210140299999
 11/16  03:00:00,119.32142344,104.134511441
 11/16  04:00:00,119.863475455,95.8514385399
 11/16  05:00:00,128.500185978,121.22039954700001
 11/16  06:00:00,163.901935935,193.39414690599997
 11/16  07:00:00,328.82726198,318.771506955
 11/16  08:00:00,361.052743311,523.104853089
 11/16  09:00:00,324.79423521,424.29617130599996
 11/16  10:00:00,290.365310592,308.949248277
 11/16  11:00:00,275.497087186,266.471539927
 11/16  12:00:00,311.50647654,216.095405607
 11/16  13:00:00,312.014558624,215.457790197
 11/16  14:00:00,300.876699504,202.744681983
 11/16  15:00:00,303.632032495,196.095417242
 11/16  16:00:00,304.31938713,207.31557203
 11/16  17:00:00,333.88891209,187.054715018
 11/16  18:00:00,379.42954865,194.610833518
 11/16  19:00:00,436.75107519,313.083908622
 11/16  20:00:00,435.36710718800003,232.32876469400003
 11/16  21:00:00,424.82941117400003,259.16544824
 11/16  22:00:00,412.35571437,346.996596613
 11/16  23:00:00,331.168600997,267.84366649599997
 11/16  24:00:00,233.967006756,165.769562944
 11/17  01:00:00,127.959149485,132.652681541
 11/17  02:00:00,130.402028526,102.86249603600001
 11/17  03:00:00,127.45027872700001,106.828772558
 11/17  04:00:00,130.584322715,98.639099559
 11/17  05:00:00,190.921189144,122.82168660299999
 11/17  06:00:00,148.78934842799998,196.247060525
 11/17  07:00:00,330.07781376,316.18168802400004
 11/17  08:00:00,390.221681713,417.15298409300004
 11/17  09:00:00,330.21277662,337.831295005
 11/17  10:00:00,298.621482535,302.87075338799997
 11/17  11:00:00,265.338447277,263.042049632
 11/17  12:00:00,299.376230031,222.34865322099998
 11/17  13:00:00,276.709120775,218.94317694400002
 11/17  14:00:00,242.987075033,213.339755225
 11/17  15:00:00,258.522293752,203.013373257
 11/17  16:00:00,249.11312799799998,212.64731895900002
 11/17  17:00:00,250.043753265,201.58224584400003
 11/17  18:00:00,288.479155101,218.671357919
 11/17  19:00:00,366.101453214,336.401955057
 11/17  20:00:00,379.73835471300004,248.598472816
 11/17  21:00:00,409.924236333,249.47065792200002
 11/17  22:00:00,395.42298454300004,342.65374271900004
 11/17  23:00:00,316.099153445,276.88223457
 11/17  24:00:00,221.77223515400001,187.579553896
 11/18  01:00:00,125.090033239,156.34016921399999
 11/18  02:00:00,132.490783263,133.38603758600001
 11/18  03:00:00,118.69196322399999,129.476883493
 11/18  04:00:00,121.093191781,112.421575976
 11/18  05:00:00,131.151216246,130.625384303
 11/18  06:00:00,146.696717665,157.294215985
 11/18  07:00:00,297.573103938,203.95912835599998
 11/18  08:00:00,306.286272023,363.89470865199996
 11/18  09:00:00,373.640744829,501.112399019
 11/18  10:00:00,301.775470765,417.88486705400004
 11/18  11:00:00,237.592238885,375.043516731
 11/18  12:00:00,217.74775511200002,322.280531353
 11/18  13:00:00,209.262204227,268.895115203
 11/18  14:00:00,195.065571085,278.45650628
 11/18  15:00:00,201.74870509,292.434186673
 11/18  16:00:00,193.159340916,393.248142589
 11/18  17:00:00,221.644537095,379.263362401
 11/18  18:00:00,262.631229095,318.293739399
 11/18  19:00:00,343.950790569,355.13741355900004
 11/18  20:00:00,351.817680946,360.687168068
 11/18  21:00:00,372.814980869,360.64834778
 11/18  22:00:00,353.756351097,375.864730225
 11/18  23:00:00,294.007663203,457.90962601300004
 11/18  24:00:00,216.77453950400002,331.568415807
 11/19  01:00:00,131.776304253,136.38952403
 11/19  02:00:00,135.996098158,104.734952746
 11/19  03:00:00,120.722348232,104.074095949
 11/19  04:00:00,122.314070197,101.699264646
 11/19  05:00:00,131.877694034,120.693931891
 11/19  06:00:00,147.323163234,148.26149444200001
 11/19  07:00:00,215.05205420400003,208.32842587
 11/19  08:00:00,334.89189096,427.781432356
 11/19  09:00:00,356.853212397,578.650182397
 11/19  10:00:00,295.825810426,489.11540165300005
 11/19  11:00:00,225.94720877,454.116684075
 11/19  12:00:00,209.619433614,419.90541572800004
 11/19  13:00:00,187.04039445799998,386.612059971
 11/19  14:00:00,159.90941984100002,385.92964153199995
 11/19  15:00:00,173.76429618900002,364.07494478800004
 11/19  16:00:00,163.536421935,386.17899131900003
 11/19  17:00:00,186.535177578,361.328502198
 11/19  18:00:00,240.684308904,333.940526894
 11/19  19:00:00,310.155693569,393.45213571
 11/19  20:00:00,321.563334404,408.113870536
 11/19  21:00:00,364.59210785199997,392.70456783599997
 11/19  22:00:00,341.905809523,384.07894134400004
 11/19  23:00:00,288.659854064,465.637769947
 11/19  24:00:00,210.019878737,349.810678198
 11/20  01:00:00,117.055575154,140.426210509
 11/20  02:00:00,110.761053051,115.725580076
 11/20  03:00:00,103.062307406,107.26166425299999
 11/20  04:00:00,103.04294831700001,112.227547489
 11/20  05:00:00,110.820581678,132.341728397
 11/20  06:00:00,143.870409136,210.528477159
 11/20  07:00:00,263.396130087,332.497556973
 11/20  08:00:00,390.19677347,548.841455194
 11/20  09:00:00,312.71903222099996,482.09915567
 11/20  10:00:00,261.46428148,402.351579417
 11/20  11:00:00,220.34613418900003,320.450446165
 11/20  12:00:00,223.27265311,253.823930128
 11/20  13:00:00,230.019083988,237.07664256700002
 11/20  14:00:00,234.079343546,220.989716268
 11/20  15:00:00,252.64185322,206.045690207
 11/20  16:00:00,269.937836908,211.232710719
 11/20  17:00:00,283.315459039,197.65869628299998
 11/20  18:00:00,304.922552532,230.83291546200002
 11/20  19:00:00,347.532595642,379.74367919199995
 11/20  20:00:00,374.971645845,328.26340068900004
 11/20  21:00:00,392.82355309699994,410.542590845
 11/20  22:00:00,381.37908679699996,477.409798697
 11/20  23:00:00,293.86742520900003,395.37633863699995
 11/20  24:00:00,204.392485591,292.047595393
 11/21  01:00:00,122.473240478,132.78240895
 11/21  02:00:00,117.853539949,107.28496031600001
 11/21  03:00:00,110.79650939700001,98.3694959085
 11/21  04:00:00,111.10766850799999,103.088533885
 11/21  05:00:00,120.10967363799999,123.46558617
 11/21  06:00:00,154.782041745,202.161309233
 11/21  07:00:00,290.41245674099997,326.3224139
 11/21  08:00:00,354.01601839,545.606404758
 11/21  09:00:00,306.575662265,491.80837271900003
 11/21  10:00:00,281.105270291,431.787375734
 11/21  11:00:00,226.207648388,393.030624115
 11/21  12:00:00,226.61055217900002,314.784724842
 11/21  13:00:00,227.510780942,279.455370396
 11/21  14:00:00,222.99190168,267.53394465599996
 11/21  15:00:00,221.82966905700002,262.352955912
 11/21  16:00:00,219.00838460900002,274.19319497
 11/21  17:00:00,240.445742265,259.073929818
 11/21  18:00:00,277.772051949,295.565861181
 11/21  19:00:00,340.107856202,533.679739498
 11/21  20:00:00,348.54892449199997,404.715794486
 11/21  21:00:00,376.65541819199996,403.670041463
 11/21  22:00:00,364.78771525900004,486.23206996
 11/21  23:00:00,293.165348194,416.66830986699995
 11/21  24:00:00,205.391475635,334.742669868
 11/22  01:00:00,120.78820679299999,141.63501155
 11/22  02:00:00,113.19062352799999,116.450781228
 11/22  03:00:00,104.670505305,114.480619845
 11/22  04:00:00,104.026724284,107.876143163
 11/22  05:00:00,111.252935493,141.495259003
 11/22  06:00:00,143.273588295,209.57560207900002
 11/22  07:00:00,258.792496555,342.643071587
 11/22  08:00:00,338.593269791,622.675939087
 11/22  09:00:00,331.313507334,557.6047860130001
 11/22  10:00:00,323.466333931,481.622346381
 11/22  11:00:00,244.375335541,423.08278187
 11/22  12:00:00,232.900796852,287.31089261
 11/22  13:00:00,234.67637918900002,249.946070416
 11/22  14:00:00,225.943562928,233.120169572
 11/22  15:00:00,234.546662134,215.00655832400003
 11/22  16:00:00,254.54443340400002,214.11973205599998
 11/22  17:00:00,270.756881423,205.314430235
 11/22  18:00:00,283.39825915299997,269.19462995
 11/22  19:00:00,346.637130511,516.086168124
 11/22  20:00:00,361.418347744,403.884063904
 11/22  21:00:00,378.76519648,388.999730295
 11/22  22:00:00,361.890594168,481.83719492
 11/22  23:00:00,295.552806757,415.71661492
 11/22  24:00:00,210.92040801099998,325.74024558400004
 11/23  01:00:00,139.730127564,142.621442602
 11/23  02:00:00,141.975031291,110.94601470100001
 11/23  03:00:00,123.454412411,110.46429814700001
 11/23  04:00:00,122.940482831,108.68180291799999
 11/23  05:00:00,131.190891235,134.716123641
 11/23  06:00:00,145.53140262,155.07536021
 11/23  07:00:00,225.85437051099998,222.115944329
 11/23  08:00:00,343.80230912,468.02552952699995
 11/23  09:00:00,362.985001291,610.907427754
 11/23  10:00:00,314.76390214599996,456.36308187099996
 11/23  11:00:00,255.872445543,348.31315564
 11/23  12:00:00,243.754410468,282.430236391
 11/23  13:00:00,249.80843755599997,225.516413417
 11/23  14:00:00,252.57102110099999,212.85598935
 11/23  15:00:00,273.560780992,203.262251058
 11/23  16:00:00,269.674749169,213.062263855
 11/23  17:00:00,282.893992745,201.117386384
 11/23  18:00:00,300.52874573400004,202.805166026
 11/23  19:00:00,354.60675042400004,243.507757317
 11/23  20:00:00,367.52860649699994,304.94314963799997
 11/23  21:00:00,391.324009524,386.805287024
 11/23  22:00:00,364.712934844,414.48389565199994
 11/23  23:00:00,309.343027021,477.148116332
 11/23  24:00:00,227.321635278,337.010662141
 11/24  01:00:00,123.94692313700001,132.724509193
 11/24  02:00:00,121.185405505,106.73776001200001
 11/24  03:00:00,115.16386052600001,103.37078343
 11/24  04:00:00,115.936045259,101.394515684
 11/24  05:00:00,125.19214340100001,121.20058349700001
 11/24  06:00:00,160.100183343,201.447908372
 11/24  07:00:00,325.567924508,325.247358416
 11/24  08:00:00,364.01584072599996,526.232570836
 11/24  09:00:00,327.41728338400003,400.01026775
 11/24  10:00:00,288.74183090900004,323.005717156
 11/24  11:00:00,268.91965069099996,269.275435474
 11/24  12:00:00,311.175066914,217.61618698900003
 11/24  13:00:00,313.216145212,224.011504467
 11/24  14:00:00,303.66814500099997,209.743118915
 11/24  15:00:00,303.906482595,202.19935876099998
 11/24  16:00:00,302.96300844,210.07290185099998
 11/24  17:00:00,311.856695485,195.691406356
 11/24  18:00:00,363.146866784,201.927298852
 11/24  19:00:00,435.274023429,322.17025053
 11/24  20:00:00,436.700180571,238.99807484599998
 11/24  21:00:00,464.062984351,235.781937385
 11/24  22:00:00,437.52673078199996,339.67474878900003
 11/24  23:00:00,350.959149881,260.414007474
 11/24  24:00:00,281.07232273,154.676560826
 11/25  01:00:00,130.55626594,106.216658329
 11/25  02:00:00,140.442137286,79.748537484
 11/25  03:00:00,130.153307315,77.2086503396
 11/25  04:00:00,157.465116828,77.0868766496
 11/25  05:00:00,170.358268584,99.0376344384
 11/25  06:00:00,209.45587497900001,129.854881249
 11/25  07:00:00,294.322152185,187.262072074
 11/25  08:00:00,373.31605023,323.944841076
 11/25  09:00:00,408.315883436,450.410780588
 11/25  10:00:00,360.42831235,362.065254112
 11/25  11:00:00,308.12267222,321.875196072
 11/25  12:00:00,299.709997401,269.537265992
 11/25  13:00:00,298.09440607700003,228.216325922
 11/25  14:00:00,292.364739941,213.883983866
 11/25  15:00:00,294.56266814599996,211.94896839999998
 11/25  16:00:00,294.343162615,213.57031951
 11/25  17:00:00,324.999408352,200.35049762
 11/25  18:00:00,365.542792562,185.185507415
 11/25  19:00:00,438.545427551,214.540135805
 11/25  20:00:00,433.17985033,241.004889607
 11/25  21:00:00,444.215164221,243.182969188
 11/25  22:00:00,435.178323112,238.624548038
 11/25  23:00:00,382.70026424900004,321.839181664
 11/25  24:00:00,303.841280663,211.423909623
 11/26  01:00:00,140.249721033,128.091576146
 11/26  02:00:00,149.284913752,106.636181371
 11/26  03:00:00,136.12272078700002,113.75372690299999
 11/26  04:00:00,138.91274179200002,119.472885373
 11/26  05:00:00,149.270449439,144.417863345
 11/26  06:00:00,165.089937056,188.23669480900003
 11/26  07:00:00,292.371417237,264.785662523
 11/26  08:00:00,313.817656183,390.83106746199996
 11/26  09:00:00,376.905561644,525.468317363
 11/26  10:00:00,336.659394831,421.6224813
 11/26  11:00:00,282.559678961,338.478391466
 11/26  12:00:00,301.280620153,277.292048636
 11/26  13:00:00,318.131451783,215.429308296
 11/26  14:00:00,298.666576464,213.665271229
 11/26  15:00:00,298.54644661099996,198.588019247
 11/26  16:00:00,299.059191246,207.27648285
 11/26  17:00:00,329.315396552,194.620920068
 11/26  18:00:00,346.072525664,180.921522988
 11/26  19:00:00,377.403330609,238.040051782
 11/26  20:00:00,383.59812505300005,300.376041291
 11/26  21:00:00,412.707401506,309.299377737
 11/26  22:00:00,385.796894515,306.32125792799997
 11/26  23:00:00,326.476771079,404.972761199
 11/26  24:00:00,240.68833298,324.679485922
 11/27  01:00:00,127.48753259200001,161.269202826
 11/27  02:00:00,126.78050136700001,125.934263069
 11/27  03:00:00,121.80600289700001,116.012504796
 11/27  04:00:00,123.201491435,109.374393256
 11/27  05:00:00,132.263405463,132.127662695
 11/27  06:00:00,167.686100626,197.68475674599998
 11/27  07:00:00,320.367534735,331.35468533
 11/27  08:00:00,377.230771732,535.8526326719999
 11/27  09:00:00,339.87211066599997,412.565903585
 11/27  10:00:00,309.624690971,312.869118115
 11/27  11:00:00,281.970766442,268.537402368
 11/27  12:00:00,310.679920649,222.454695776
 11/27  13:00:00,310.004308635,220.884947887
 11/27  14:00:00,299.586522776,207.80191209900002
 11/27  15:00:00,299.972373355,198.361428523
 11/27  16:00:00,298.369276738,207.818797292
 11/27  17:00:00,328.823806854,191.971824167
 11/27  18:00:00,361.459959454,206.259235935
 11/27  19:00:00,386.218681947,343.122537064
 11/27  20:00:00,385.60475831699995,290.638925198
 11/27  21:00:00,414.868027542,320.86332850900004
 11/27  22:00:00,401.37480916199996,426.77108465199996
 11/27  23:00:00,317.84626502,364.306414408
 11/27  24:00:00,224.31767705200002,307.920007542
 11/28  01:00:00,125.322179316,144.17892140799998
 11/28  02:00:00,124.762412397,109.972511092
 11/28  03:00:00,119.65626264,105.30005837600001
 11/28  04:00:00,120.83044206299999,102.34463870100001
 11/28  05:00:00,130.248827326,121.39064743200001
 11/28  06:00:00,165.50031795,201.178309993
 11/28  07:00:00,313.832403748,331.28269873
 11/28  08:00:00,359.78775623900003,548.066152121
 11/28  09:00:00,326.839977616,475.55612294900004
 11/28  10:00:00,326.036512176,324.767079393
 11/28  11:00:00,297.172778307,268.3942886
 11/28  12:00:00,305.943279398,220.114031909
 11/28  13:00:00,308.148111832,222.021349978
 11/28  14:00:00,298.822234977,206.987823079
 11/28  15:00:00,299.770093005,205.29612875400002
 11/28  16:00:00,300.401728171,207.788190737
 11/28  17:00:00,326.159095703,193.394084155
 11/28  18:00:00,333.47813291,204.52017381599998
 11/28  19:00:00,379.042011712,348.119098132
 11/28  20:00:00,386.375681215,292.34591889999996
 11/28  21:00:00,415.892722803,297.759886852
 11/28  22:00:00,403.132309249,388.73617020300003
 11/28  23:00:00,322.17048355,313.019267643
 11/28  24:00:00,227.845518824,229.12217928099997
 11/29  01:00:00,127.59891973200001,173.724418416
 11/29  02:00:00,128.279681312,129.71450318799998
 11/29  03:00:00,124.25413252,118.042581085
 11/29  04:00:00,126.41496703899999,110.023842836
 11/29  05:00:00,136.186047401,130.268822461
 11/29  06:00:00,172.378110144,200.389257996
 11/29  07:00:00,332.827418526,330.89722921599997
 11/29  08:00:00,378.18495493300003,466.02734973199995
 11/29  09:00:00,322.206468745,391.230690728
 11/29  10:00:00,281.02925958599997,356.88748951599996
 11/29  11:00:00,228.401274499,288.998188318
 11/29  12:00:00,262.110096825,226.936569497
 11/29  13:00:00,306.89158378400003,223.68555663900003
 11/29  14:00:00,301.46921131700003,207.91667423599998
 11/29  15:00:00,302.085548906,203.593914378
 11/29  16:00:00,301.466196179,209.728708872
 11/29  17:00:00,331.541613857,193.233980471
 11/29  18:00:00,361.6905573,202.00430478599998
 11/29  19:00:00,390.460505318,340.504891419
 11/29  20:00:00,388.44649357599997,269.52018800400003
 11/29  21:00:00,415.372383924,290.265993123
 11/29  22:00:00,407.39931729,381.87465613
 11/29  23:00:00,324.342612542,303.480963964
 11/29  24:00:00,228.38001376,213.035421512
 11/30  01:00:00,125.804729668,168.48590657
 11/30  02:00:00,126.47140106,130.231810398
 11/30  03:00:00,122.12176189799999,121.90617390700001
 11/30  04:00:00,123.785028021,112.612575778
 11/30  05:00:00,132.931432008,125.51534349399999
 11/30  06:00:00,168.404095695,202.857990498
 11/30  07:00:00,315.632598161,331.713615773
 11/30  08:00:00,372.562255625,538.413925182
 11/30  09:00:00,317.548113127,454.238505219
 11/30  10:00:00,300.2839133,339.794839913
 11/30  11:00:00,252.20478286099998,281.406181066
 11/30  12:00:00,265.198641875,230.15612743
 11/30  13:00:00,287.590369678,225.52528061400002
 11/30  14:00:00,298.054204629,207.214810313
 11/30  15:00:00,298.39427233,205.156152048
 11/30  16:00:00,298.654670754,207.160852097
 11/30  17:00:00,324.643371552,193.12886398
 11/30  18:00:00,325.970335777,220.449469974
 11/30  19:00:00,376.40873448300005,388.72432126300004
 11/30  20:00:00,381.199130986,408.11600041400004
 11/30  21:00:00,396.643668159,397.360321479
 11/30  22:00:00,374.493501925,471.777019036
 11/30  23:00:00,304.54085505,400.4951587
 11/30  24:00:00,214.932376304,301.25012320900004
 12/01  01:00:00,129.089834615,134.875693649
 12/01  02:00:00,124.367508932,109.14556007700001
 12/01  03:00:00,117.086652303,111.83369401799999
 12/01  04:00:00,117.02895436899999,104.308443883
 12/01  05:00:00,125.36121020200001,124.314114768
 12/01  06:00:00,160.40698245299998,205.451538424
 12/01  07:00:00,285.661291435,340.306369054
 12/01  08:00:00,401.111469352,550.623685745
 12/01  09:00:00,329.837161309,434.133413917
 12/01  10:00:00,302.828840599,322.306301186
 12/01  11:00:00,272.371304041,276.02449064
 12/01  12:00:00,307.214940635,223.663936637
 12/01  13:00:00,309.028163037,216.817666581
 12/01  14:00:00,299.040785805,214.970395467
 12/01  15:00:00,298.91079809400003,200.105813737
 12/01  16:00:00,299.181305885,214.87900430000002
 12/01  17:00:00,329.128716602,194.13660481099998
 12/01  18:00:00,360.68067122699995,204.644611551
 12/01  19:00:00,395.058870432,360.277572551
 12/01  20:00:00,382.989125026,306.847469045
 12/01  21:00:00,411.530492794,333.745145802
 12/01  22:00:00,400.514607916,424.82244137199996
 12/01  23:00:00,311.737625572,312.918227088
 12/01  24:00:00,226.82229689099998,191.76421425
 12/02  01:00:00,132.10505323700002,171.960213102
 12/02  02:00:00,139.435381315,130.44230278700002
 12/02  03:00:00,123.697921689,118.736844419
 12/02  04:00:00,123.776225141,110.99078491899999
 12/02  05:00:00,132.26061672,133.072430408
 12/02  06:00:00,146.89825788299999,156.729024086
 12/02  07:00:00,273.487875691,211.933993133
 12/02  08:00:00,298.14336324,454.512139426
 12/02  09:00:00,380.476990217,560.136277686
 12/02  10:00:00,345.869765951,418.30322115800004
 12/02  11:00:00,283.15074896,348.084528201
 12/02  12:00:00,281.717887565,282.47441535
 12/02  13:00:00,300.181373569,229.482644007
 12/02  14:00:00,302.464593031,215.37323108599998
 12/02  15:00:00,302.096751106,201.023877249
 12/02  16:00:00,302.227555549,215.812398452
 12/02  17:00:00,328.232936812,197.08416568299998
 12/02  18:00:00,309.79520807299997,228.67433360200002
 12/02  19:00:00,364.105184175,390.593138128
 12/02  20:00:00,364.726111945,417.846602284
 12/02  21:00:00,382.613894765,389.913192946
 12/02  22:00:00,378.397936405,385.34642401900004
 12/02  23:00:00,326.164775162,480.95121985599997
 12/02  24:00:00,229.915743799,363.58768561
 12/03  01:00:00,146.879421703,143.501103004
 12/03  02:00:00,149.80218052200001,110.33021651
 12/03  03:00:00,131.75376539,106.448913366
 12/03  04:00:00,130.974923846,110.10235630700001
 12/03  05:00:00,139.367553061,128.73657558600001
 12/03  06:00:00,154.316165733,155.977717387
 12/03  07:00:00,278.49070117400004,217.981103385
 12/03  08:00:00,311.090205475,435.72667214
 12/03  09:00:00,374.536826338,519.581481147
 12/03  10:00:00,324.886327454,410.198753333
 12/03  11:00:00,270.82999396400004,330.84274903200003
 12/03  12:00:00,289.779567691,274.618400142
 12/03  13:00:00,302.582689006,225.79006785099998
 12/03  14:00:00,293.870251654,217.67800188299998
 12/03  15:00:00,300.930372099,209.213512769
 12/03  16:00:00,301.25823272599996,211.728663311
 12/03  17:00:00,300.50493022,202.173129241
 12/03  18:00:00,305.880062801,205.091873878
 12/03  19:00:00,369.677214063,235.644052938
 12/03  20:00:00,382.89943225800005,274.35059394900003
 12/03  21:00:00,412.803607441,284.692723693
 12/03  22:00:00,386.31843013400004,272.409876672
 12/03  23:00:00,330.161010882,362.143458259
 12/03  24:00:00,244.626306752,263.13284851
 12/04  01:00:00,129.144089102,182.93430578299999
 12/04  02:00:00,130.17273745399999,144.860348811
 12/04  03:00:00,126.221635374,123.94286847
 12/04  04:00:00,127.902155152,113.87001371299999
 12/04  05:00:00,137.608842364,134.205989228
 12/04  06:00:00,174.52888220900002,204.33230679099998
 12/04  07:00:00,333.696121139,336.784676263
 12/04  08:00:00,382.740123536,456.33640031199997
 12/04  09:00:00,325.800616655,382.632926949
 12/04  10:00:00,281.602543034,338.295323193
 12/04  11:00:00,217.693502018,300.963499658
 12/04  12:00:00,211.59209663099998,252.833384905
 12/04  13:00:00,213.881094732,241.709074688
 12/04  14:00:00,217.76396436099998,230.703769432
 12/04  15:00:00,223.77563384,222.75611126299998
 12/04  16:00:00,215.53060503900002,230.603405875
 12/04  17:00:00,234.021032334,232.21283064099998
 12/04  18:00:00,280.73473731400003,246.224876747
 12/04  19:00:00,357.534428501,382.486732264
 12/04  20:00:00,366.159426,307.742348842
 12/04  21:00:00,397.94632087,321.209044293
 12/04  22:00:00,388.367053379,422.054791692
 12/04  23:00:00,309.002193371,337.47396568799996
 12/04  24:00:00,218.15403208900003,236.83902819
 12/05  01:00:00,122.87687407600001,184.182762387
 12/05  02:00:00,120.99730977799999,137.126813175
 12/05  03:00:00,115.653255575,123.562633317
 12/05  04:00:00,117.33835147299999,114.346390607
 12/05  05:00:00,127.162508695,135.343201668
 12/05  06:00:00,163.64041275399998,212.92712928400002
 12/05  07:00:00,315.44479945,335.236416645
 12/05  08:00:00,372.01997818800004,536.984595805
 12/05  09:00:00,315.441407774,469.636128469
 12/05  10:00:00,270.620703707,420.341618231
 12/05  11:00:00,208.167421981,362.653250908
 12/05  12:00:00,199.005043207,321.502234938
 12/05  13:00:00,196.45450950400001,319.028520975
 12/05  14:00:00,191.658415508,293.241554395
 12/05  15:00:00,190.524110247,270.369100112
 12/05  16:00:00,190.78329767900001,277.076176416
 12/05  17:00:00,220.446025523,255.999943941
 12/05  18:00:00,273.29306436,276.840185814
 12/05  19:00:00,350.5847661,403.385415776
 12/05  20:00:00,360.999554527,328.955806957
 12/05  21:00:00,390.884556631,333.278647981
 12/05  22:00:00,378.31526273800006,425.300629422
 12/05  23:00:00,285.566828944,387.711436363
 12/05  24:00:00,204.842813699,342.663339385
 12/06  01:00:00,120.369293934,157.89616036200002
 12/06  02:00:00,115.129861949,121.41969314
 12/06  03:00:00,107.634005212,116.065458726
 12/06  04:00:00,107.33536896700001,115.683906651
 12/06  05:00:00,115.11271372200001,137.02817363
 12/06  06:00:00,149.017783471,220.86189366099998
 12/06  07:00:00,270.538565407,345.236619215
 12/06  08:00:00,387.21292243199997,600.380386829
 12/06  09:00:00,309.197818506,525.4584922509999
 12/06  10:00:00,280.311845862,466.028960288
 12/06  11:00:00,225.54902100599998,399.640400147
 12/06  12:00:00,223.81117168,295.753723166
 12/06  13:00:00,225.58117116,289.31796650900003
 12/06  14:00:00,222.20553077,280.285114251
 12/06  15:00:00,222.657088815,261.207461971
 12/06  16:00:00,217.67340240599998,282.98472393599997
 12/06  17:00:00,238.58728522299998,275.203764642
 12/06  18:00:00,275.678666906,338.96243183900003
 12/06  19:00:00,344.537961586,547.288248454
 12/06  20:00:00,355.27632153300004,408.82622815699995
 12/06  21:00:00,383.192003576,399.21262704099996
 12/06  22:00:00,367.71042212599997,487.127773574
 12/06  23:00:00,293.721292881,420.29270545599996
 12/06  24:00:00,205.42935228,328.89589689900004
 12/07  01:00:00,123.17327494799999,146.72969962
 12/07  02:00:00,116.600681181,114.602036485
 12/07  03:00:00,108.32425034100001,112.17628793
 12/07  04:00:00,107.845229101,117.57225843100001
 12/07  05:00:00,116.064487409,138.583680948
 12/07  06:00:00,150.558874918,214.134283882
 12/07  07:00:00,272.864439151,354.128745265
 12/07  08:00:00,377.550630726,615.3316859390001
 12/07  09:00:00,319.694153443,554.071624141
 12/07  10:00:00,296.108397338,473.84699010800006
 12/07  11:00:00,236.21533370400002,365.556648447
 12/07  12:00:00,236.216545683,283.54742384599996
 12/07  13:00:00,241.102671978,272.689195391
 12/07  14:00:00,232.913280657,253.677334676
 12/07  15:00:00,235.398681735,228.451456636
 12/07  16:00:00,234.035122248,236.779503508
 12/07  17:00:00,252.05467290200002,226.531167808
 12/07  18:00:00,281.99943993200003,332.894212546
 12/07  19:00:00,344.56385590400004,550.230070369
 12/07  20:00:00,355.558542169,416.767228951
 12/07  21:00:00,386.22904527,417.31841759
 12/07  22:00:00,369.327629115,516.358197945
 12/07  23:00:00,291.430739498,446.21062810800004
 12/07  24:00:00,202.151861117,355.795535828
 12/08  01:00:00,128.458947444,150.62398888799999
 12/08  02:00:00,119.46966425,122.459208997
 12/08  03:00:00,110.086988762,117.834829418
 12/08  04:00:00,108.961020635,114.819300684
 12/08  05:00:00,117.356931824,141.849003745
 12/08  06:00:00,152.34688761200002,223.87124690299999
 12/08  07:00:00,275.823890794,351.031983804
 12/08  08:00:00,376.662001879,633.773156545
 12/08  09:00:00,335.25828944200003,543.4292008880001
 12/08  10:00:00,302.725081992,435.05799295800006
 12/08  11:00:00,243.120783578,317.32909179
 12/08  12:00:00,245.55417176900002,254.460278406
 12/08  13:00:00,258.491899845,237.44711132
 12/08  14:00:00,266.411103048,225.12603885400003
 12/08  15:00:00,275.506604647,214.141694757
 12/08  16:00:00,281.336240809,214.90452658599997
 12/08  17:00:00,285.998642167,213.61546143599998
 12/08  18:00:00,296.107886001,281.76630992400004
 12/08  19:00:00,355.735983416,548.923330977
 12/08  20:00:00,363.02153255900004,430.520117171
 12/08  21:00:00,388.74858898300005,400.497899686
 12/08  22:00:00,375.50636781099996,492.733893974
 12/08  23:00:00,297.89100728299996,426.148132511
 12/08  24:00:00,210.15922090700002,330.197180505
 12/09  01:00:00,130.106475749,146.30038436200002
 12/09  02:00:00,132.33369458299998,113.311641726
 12/09  03:00:00,114.449175598,115.74158760600001
 12/09  04:00:00,113.658612116,107.69641633299999
 12/09  05:00:00,121.449220286,134.3999533
 12/09  06:00:00,135.464703563,168.47998919399998
 12/09  07:00:00,225.03244720400002,225.810490271
 12/09  08:00:00,336.002271149,496.19078516699994
 12/09  09:00:00,377.63631649800004,636.16606589
 12/09  10:00:00,341.06242038799996,453.386285023
 12/09  11:00:00,246.8937494,347.973488591
 12/09  12:00:00,247.006282099,286.902759193
 12/09  13:00:00,288.709136729,231.028805709
 12/09  14:00:00,306.393820914,224.639087766
 12/09  15:00:00,306.48432668099997,212.01980890099998
 12/09  16:00:00,306.688743419,221.275287114
 12/09  17:00:00,322.386902059,207.62624460900003
 12/09  18:00:00,320.019315704,200.725353693
 12/09  19:00:00,365.18933920800004,283.05841277
 12/09  20:00:00,372.61472178699995,298.61907077
 12/09  21:00:00,391.70410255699994,284.519111629
 12/09  22:00:00,384.442495155,294.053231845
 12/09  23:00:00,329.555070768,386.36226521300006
 12/09  24:00:00,236.601135818,265.101062672
 12/10  01:00:00,138.782942464,167.423501848
 12/10  02:00:00,146.297050529,122.01965899
 12/10  03:00:00,132.82469133799998,110.834778425
 12/10  04:00:00,135.900475871,99.7735861705
 12/10  05:00:00,147.29952912299999,122.071166105
 12/10  06:00:00,164.797653898,148.828077979
 12/10  07:00:00,298.589786004,202.21354102200002
 12/10  08:00:00,395.031725512,336.18990594400003
 12/10  09:00:00,420.556656486,474.2575251
 12/10  10:00:00,364.831854487,378.822519123
 12/10  11:00:00,320.31116064599996,332.994164863
 12/10  12:00:00,315.892050449,277.33952748900003
 12/10  13:00:00,315.195665686,229.03890200900003
 12/10  14:00:00,266.653401262,231.690419153
 12/10  15:00:00,193.96775886900002,241.17977738599998
 12/10  16:00:00,216.812079713,236.333399341
 12/10  17:00:00,294.708017319,210.034233057
 12/10  18:00:00,323.010933913,201.29964320099998
 12/10  19:00:00,367.20843680400003,238.09603329599997
 12/10  20:00:00,369.713719328,320.277663002
 12/10  21:00:00,380.792594294,389.59149521300003
 12/10  22:00:00,354.703111366,439.313803619
 12/10  23:00:00,301.08430443599997,535.24269254
 12/10  24:00:00,222.755766016,366.312044819
 12/11  01:00:00,123.912779756,141.623072497
 12/11  02:00:00,119.31846670200001,108.41219171600001
 12/11  03:00:00,113.09890144200001,110.74572615700001
 12/11  04:00:00,114.675185945,102.140314501
 12/11  05:00:00,124.11186601,128.266989552
 12/11  06:00:00,159.63435372799998,209.74994175
 12/11  07:00:00,316.75510847,343.73950587900003
 12/11  08:00:00,357.994287525,557.010168068
 12/11  09:00:00,303.482709861,493.302895916
 12/11  10:00:00,272.18840428,450.24081303599996
 12/11  11:00:00,216.08952554299998,420.83295658699996
 12/11  12:00:00,208.964765422,339.43993971
 12/11  13:00:00,216.901638189,300.540916873
 12/11  14:00:00,219.20668128,282.830948829
 12/11  15:00:00,222.761061667,273.305805361
 12/11  16:00:00,220.67913235400002,274.087396243
 12/11  17:00:00,242.384673334,269.792942192
 12/11  18:00:00,280.012518696,297.81670257900004
 12/11  19:00:00,345.43050538,555.147327601
 12/11  20:00:00,354.715900185,426.52232851599996
 12/11  21:00:00,383.134785741,409.73505672199997
 12/11  22:00:00,370.513599843,502.851761479
 12/11  23:00:00,295.860590512,431.19029876400003
 12/11  24:00:00,210.778680445,323.5342359
 12/12  01:00:00,125.972141672,145.647755286
 12/12  02:00:00,120.203371395,119.17427852700001
 12/12  03:00:00,112.60239866,109.91610352
 12/12  04:00:00,112.70476324399999,114.523048843
 12/12  05:00:00,120.431875638,135.817692192
 12/12  06:00:00,154.77423808700001,219.177815595
 12/12  07:00:00,279.291504977,353.420875104
 12/12  08:00:00,389.07877553,603.768548213
 12/12  09:00:00,318.035730982,542.747666688
 12/12  10:00:00,289.132544167,478.082367318
 12/12  11:00:00,235.634875822,410.42765472900004
 12/12  12:00:00,235.140797017,287.365532034
 12/12  13:00:00,240.823672995,268.297810383
 12/12  14:00:00,241.67219406599997,240.044928434
 12/12  15:00:00,256.075900101,220.12572349099997
 12/12  16:00:00,263.902559655,225.498623984
 12/12  17:00:00,274.433268158,212.153104372
 12/12  18:00:00,289.57698442099996,288.007084647
 12/12  19:00:00,353.091519635,552.919228742
 12/12  20:00:00,361.86506469,423.36510375
 12/12  21:00:00,387.733746909,401.50520662099996
 12/12  22:00:00,376.437042174,495.782252754
 12/12  23:00:00,299.95681108400004,417.04133845
 12/12  24:00:00,215.028327839,321.792120252
 12/13  01:00:00,127.876924718,143.85897689
 12/13  02:00:00,123.90316798299999,116.805780398
 12/13  03:00:00,117.95883548799999,106.407132926
 12/13  04:00:00,119.187744042,109.59744928399999
 12/13  05:00:00,128.663523942,128.58523095200002
 12/13  06:00:00,164.21835596399998,209.41279449200002
 12/13  07:00:00,319.233439438,343.50680717299997
 12/13  08:00:00,375.6514849,542.90074747
 12/13  09:00:00,315.367989169,466.222442335
 12/13  10:00:00,274.34571824299996,376.62877258599997
 12/13  11:00:00,213.82283430599998,323.968062802
 12/13  12:00:00,208.83372053,260.01795201
 12/13  13:00:00,217.069895203,252.006461105
 12/13  14:00:00,228.357974403,228.552262748
 12/13  15:00:00,236.219962735,219.16001328299998
 12/13  16:00:00,229.758027536,230.93179424299998
 12/13  17:00:00,249.565202675,212.886683169
 12/13  18:00:00,291.328301913,244.55743176599998
 12/13  19:00:00,357.96523713199997,377.338868655
 12/13  20:00:00,368.18765809800004,295.74522848
 12/13  21:00:00,397.372758472,309.177242789
 12/13  22:00:00,387.832388754,405.726164751
 12/13  23:00:00,309.09933633099996,329.255070353
 12/13  24:00:00,217.131711658,239.36513685
 12/14  01:00:00,123.288247776,190.509318014
 12/14  02:00:00,122.294882218,147.313737342
 12/14  03:00:00,118.329523348,125.499102361
 12/14  04:00:00,114.425511396,121.93384093600001
 12/14  05:00:00,119.00288623,137.188981102
 12/14  06:00:00,156.285891589,215.22131626599997
 12/14  07:00:00,297.32836400400004,346.515714428
 12/14  08:00:00,383.74825611800003,467.110896956
 12/14  09:00:00,312.28114946200003,393.854959209
 12/14  10:00:00,268.209960751,371.820768371
 12/14  11:00:00,206.90286090799998,358.241159824
 12/14  12:00:00,198.479790026,344.817717217
 12/14  13:00:00,193.223360411,355.53690081199994
 12/14  14:00:00,184.12117061700002,347.758928207
 12/14  15:00:00,182.777421703,341.261250227
 12/14  16:00:00,181.165843235,373.230569141
 12/14  17:00:00,209.149782922,374.80734940300005
 12/14  18:00:00,263.793237913,333.564344124
 12/14  19:00:00,341.824216536,458.831047086
 12/14  20:00:00,350.538528998,371.913276005
 12/14  21:00:00,373.178722629,366.30623436
 12/14  22:00:00,368.41423407,456.972985587
 12/14  23:00:00,293.509409899,403.153769086
 12/14  24:00:00,204.670445354,324.854868591
 12/15  01:00:00,119.70922876,152.72287223
 12/15  02:00:00,113.653817321,123.80661743
 12/15  03:00:00,105.734488059,118.579990833
 12/15  04:00:00,105.38935987200001,121.72385296700001
 12/15  05:00:00,113.304356426,142.896594824
 12/15  06:00:00,146.803167444,225.726912478
 12/15  07:00:00,267.873382386,360.133945275
 12/15  08:00:00,384.254743973,622.0612295980001
 12/15  09:00:00,310.168552049,547.436542859
 12/15  10:00:00,283.396755649,472.07745731
 12/15  11:00:00,226.16475440099998,400.576617234
 12/15  12:00:00,225.759374739,295.108489896
 12/15  13:00:00,235.31295320400002,272.220705393
 12/15  14:00:00,232.521307751,245.902721978
 12/15  15:00:00,244.544376745,222.742555312
 12/15  16:00:00,253.17004543,228.402036641
 12/15  17:00:00,268.855887698,216.51143016
 12/15  18:00:00,295.781909105,287.765143798
 12/15  19:00:00,350.83405278,560.203753451
 12/15  20:00:00,348.96298387699994,429.102322118
 12/15  21:00:00,382.55259842699996,407.27328445800003
 12/15  22:00:00,375.17640540800005,495.618657088
 12/15  23:00:00,299.726376497,415.075164874
 12/15  24:00:00,207.879882025,316.479939062
 12/16  01:00:00,126.59089342700001,144.905797695
 12/16  02:00:00,129.799892505,118.356173315
 12/16  03:00:00,114.04573566399999,108.565530004
 12/16  04:00:00,115.981975979,111.92250735200001
 12/16  05:00:00,125.70817421,130.945022188
 12/16  06:00:00,141.057597977,163.481563984
 12/16  07:00:00,245.923977302,220.055152085
 12/16  08:00:00,319.55473418099996,464.490828365
 12/16  09:00:00,367.71043216199996,583.208922525
 12/16  10:00:00,317.06138736099996,441.012654925
 12/16  11:00:00,241.91632422400002,367.86182256300003
 12/16  12:00:00,225.45890309799998,300.141316237
 12/16  13:00:00,258.675464811,238.889884375
 12/16  14:00:00,296.37289689,226.948237599
 12/16  15:00:00,305.498754568,211.950518801
 12/16  16:00:00,305.341548273,227.26709353200002
 12/16  17:00:00,335.11608866299997,203.89100984900003
 12/16  18:00:00,336.10196229900004,203.642845728
 12/16  19:00:00,378.45244538099996,241.888417541
 12/16  20:00:00,385.68228312699995,270.205639382
 12/16  21:00:00,409.930644518,270.23366432299997
 12/16  22:00:00,399.405423662,273.634699718
 12/16  23:00:00,338.604823146,362.199966911
 12/16  24:00:00,253.898136771,221.728830343
 12/17  01:00:00,138.97593422399999,125.76746047700001
 12/17  02:00:00,147.893287557,105.05751149700001
 12/17  03:00:00,135.019149674,104.63628765899999
 12/17  04:00:00,139.081653188,97.24326939
 12/17  05:00:00,151.141944822,111.50293381200001
 12/17  06:00:00,164.653392157,180.31778876599998
 12/17  07:00:00,296.832226959,276.743292397
 12/17  08:00:00,321.230292834,454.327215229
 12/17  09:00:00,372.961739675,640.335629581
 12/17  10:00:00,286.660679836,539.980653097
 12/17  11:00:00,228.676395542,480.71218841300004
 12/17  12:00:00,213.087792066,436.168326832
 12/17  13:00:00,223.186335374,376.856104849
 12/17  14:00:00,218.218526564,304.75964965
 12/17  15:00:00,224.768945265,285.293161594
 12/17  16:00:00,222.57080471,285.550206072
 12/17  17:00:00,242.704199937,278.926680011
 12/17  18:00:00,267.81985709099996,352.40033269199995
 12/17  19:00:00,336.619771227,424.78356998
 12/17  20:00:00,350.25564208,413.31126023800005
 12/17  21:00:00,377.403861287,408.44584585800004
 12/17  22:00:00,352.329474624,412.565621546
 12/17  23:00:00,300.05090542,505.41838875800005
 12/17  24:00:00,217.807416693,375.197189612
 12/18  01:00:00,126.652309678,150.977599511
 12/18  02:00:00,119.67055334700001,120.73840387799999
 12/18  03:00:00,111.62785270299999,112.76231945
 12/18  04:00:00,111.26386256200001,117.715115065
 12/18  05:00:00,119.30762360899999,138.85935769600002
 12/18  06:00:00,154.067313093,222.027443216
 12/18  07:00:00,277.28372125,363.23489764199996
 12/18  08:00:00,384.340991319,627.6135443530001
 12/18  09:00:00,322.096356784,557.320445871
 12/18  10:00:00,297.281394292,470.285866138
 12/18  11:00:00,236.07067825299998,343.998288141
 12/18  12:00:00,235.601586713,259.14247588
 12/18  13:00:00,249.197262447,244.573277058
 12/18  14:00:00,272.598469337,221.340271342
 12/18  15:00:00,291.21577718599997,217.235506167
 12/18  16:00:00,293.939036704,221.219567943
 12/18  17:00:00,304.045342822,200.114672125
 12/18  18:00:00,319.07197212299997,228.349181734
 12/18  19:00:00,368.30310671800004,373.276973416
 12/18  20:00:00,373.228846231,322.662019285
 12/18  21:00:00,396.434907393,365.57101446300004
 12/18  22:00:00,383.826662909,484.727315921
 12/18  23:00:00,308.900650326,387.096574005
 12/18  24:00:00,217.68882661,295.807509418
 12/19  01:00:00,127.57086991,159.246635048
 12/19  02:00:00,125.62731916799999,126.343892071
 12/19  03:00:00,118.61239557200001,112.30500414299999
 12/19  04:00:00,118.77584918299999,113.350779503
 12/19  05:00:00,127.957692681,137.801918415
 12/19  06:00:00,163.489938002,212.46443967099998
 12/19  07:00:00,321.039854477,347.86652213
 12/19  08:00:00,358.23186035699996,571.3322881319999
 12/19  09:00:00,313.91356485200004,501.90068910300005
 12/19  10:00:00,289.377022856,424.262141041
 12/19  11:00:00,239.171931452,326.275535528
 12/19  12:00:00,235.32711459200002,277.94141816900003
 12/19  13:00:00,240.33046039400003,273.213609038
 12/19  14:00:00,235.61228951299998,258.000389717
 12/19  15:00:00,235.68370534599998,246.147669215
 12/19  16:00:00,232.574085473,258.16372745900003
 12/19  17:00:00,252.654360992,242.99151463099997
 12/19  18:00:00,287.743486703,291.594024511
 12/19  19:00:00,354.115983961,477.337368967
 12/19  20:00:00,360.711527946,459.738796723
 12/19  21:00:00,387.34429950300006,413.753759137
 12/19  22:00:00,374.444318071,489.993378914
 12/19  23:00:00,301.234169672,415.234004692
 12/19  24:00:00,213.965320885,313.538913917
 12/20  01:00:00,120.33531469,146.52587435700002
 12/20  02:00:00,114.135783733,115.532179396
 12/20  03:00:00,106.12498462299999,115.52018661299999
 12/20  04:00:00,106.00430858700001,114.756644594
 12/20  05:00:00,113.526010755,136.212683959
 12/20  06:00:00,146.306047374,219.81424827900003
 12/20  07:00:00,264.007679985,363.38419813699994
 12/20  08:00:00,381.65716700800004,625.791567035
 12/20  09:00:00,326.260690744,563.736001246
 12/20  10:00:00,299.942845474,495.73724872099996
 12/20  11:00:00,232.99114259599997,452.95686097099997
 12/20  12:00:00,224.741286436,394.805627791
 12/20  13:00:00,227.403184671,370.583139259
 12/20  14:00:00,221.017128855,328.3135547
 12/20  15:00:00,222.41441615,301.589422748
 12/20  16:00:00,219.216165324,319.757268658
 12/20  17:00:00,238.61311649299998,330.86125380000004
 12/20  18:00:00,270.536001702,403.11533402599997
 12/20  19:00:00,330.141296446,528.807231748
 12/20  20:00:00,332.174600801,466.289146416
 12/20  21:00:00,354.833903431,488.175752152
 12/20  22:00:00,333.784418778,584.795603802
 12/20  23:00:00,261.099155095,520.61902136
 12/20  24:00:00,179.23393156400002,424.853634685
 12/21  01:00:00,128.119926769,167.868230983
 12/21  02:00:00,116.037420561,135.15846755799998
 12/21  03:00:00,106.82625376200001,126.603295195
 12/21  04:00:00,105.76389516799999,131.234642945
 12/21  05:00:00,112.50646562899999,156.70144384
 12/21  06:00:00,144.198105924,237.235590435
 12/21  07:00:00,265.834914626,369.804105585
 12/21  08:00:00,347.058182011,700.6753828860001
 12/21  09:00:00,323.439152135,627.975776711
 12/21  10:00:00,349.16281169800004,521.540855854
 12/21  11:00:00,251.913742943,457.801359275
 12/21  12:00:00,232.35858816400003,323.730378357
 12/21  13:00:00,235.55528456,288.446290145
 12/21  14:00:00,231.976895888,270.90729318
 12/21  15:00:00,230.666172149,246.722147094
 12/21  16:00:00,228.77343307799998,258.506620047
 12/21  17:00:00,248.146817244,245.186315889
 12/21  18:00:00,276.944791175,397.99131757
 12/21  19:00:00,334.524357265,564.661005921
 12/21  20:00:00,347.618522157,440.83971605
 12/21  21:00:00,378.31506769,440.35664273199995
 12/21  22:00:00,356.542624531,541.256334835
 12/21  23:00:00,274.70423791,484.16875867199997
 12/21  24:00:00,191.391518442,399.157682809
 12/22  01:00:00,123.675615891,155.732780071
 12/22  02:00:00,113.82548161,129.804889357
 12/22  03:00:00,104.860013529,127.57726621100001
 12/22  04:00:00,104.687485305,120.236422115
 12/22  05:00:00,112.590271445,153.556485057
 12/22  06:00:00,145.187879567,229.93154075700002
 12/22  07:00:00,278.660259419,373.04618635400004
 12/22  08:00:00,361.400830294,667.044469908
 12/22  09:00:00,348.918625759,573.4009604969999
 12/22  10:00:00,318.60411880099997,442.94553108900004
 12/22  11:00:00,242.55345962799998,314.027045946
 12/22  12:00:00,250.71128540900003,245.26825016599997
 12/22  13:00:00,284.21666701,237.278759668
 12/22  14:00:00,298.357758464,224.953789152
 12/22  15:00:00,299.023258463,216.246324985
 12/22  16:00:00,299.23440951099997,220.916427838
 12/22  17:00:00,328.732145598,205.00555650400003
 12/22  18:00:00,333.215965324,249.04885785
 12/22  19:00:00,365.026883077,464.901109681
 12/22  20:00:00,371.37320372,484.445903036
 12/22  21:00:00,389.511473837,427.99222019900003
 12/22  22:00:00,378.546603,490.758111634
 12/22  23:00:00,302.74743587,410.459800594
 12/22  24:00:00,212.980177192,310.809867345
 12/23  01:00:00,129.680420894,143.096611761
 12/23  02:00:00,133.263576914,116.31732898899999
 12/23  03:00:00,116.37929773299999,112.92076913700001
 12/23  04:00:00,116.303052909,110.841582601
 12/23  05:00:00,124.36617594399999,131.227112766
 12/23  06:00:00,139.302651856,164.798254224
 12/23  07:00:00,245.49826365,228.763428817
 12/23  08:00:00,323.49458821400003,467.54680101199995
 12/23  09:00:00,377.09250328699994,552.8500772169999
 12/23  10:00:00,333.513617769,404.70512137
 12/23  11:00:00,312.714354539,333.909981788
 12/23  12:00:00,315.115445444,284.388712547
 12/23  13:00:00,314.569491754,233.99892916099998
 12/23  14:00:00,305.095779444,219.01179349900002
 12/23  15:00:00,305.652945752,216.68215448799998
 12/23  16:00:00,307.021550751,226.535479518
 12/23  17:00:00,336.701686629,206.660293975
 12/23  18:00:00,374.61937161,191.27331271900002
 12/23  19:00:00,445.689518627,226.63726850700002
 12/23  20:00:00,439.163895772,248.989380956
 12/23  21:00:00,448.39582194900004,256.213153104
 12/23  22:00:00,437.362724389,249.00845345599998
 12/23  23:00:00,384.294859982,338.10421333200003
 12/23  24:00:00,276.498924821,228.637977585
 12/24  01:00:00,141.498850846,127.279605494
 12/24  02:00:00,153.131529977,100.842314354
 12/24  03:00:00,140.509231695,107.38593887
 12/24  04:00:00,143.929080556,101.392545074
 12/24  05:00:00,155.223851894,125.79154748399999
 12/24  06:00:00,171.81068827,153.523636196
 12/24  07:00:00,307.8582818,218.35243990400002
 12/24  08:00:00,395.225793794,359.12303568
 12/24  09:00:00,420.415935361,492.471654565
 12/24  10:00:00,365.477358397,394.115373189
 12/24  11:00:00,322.896196935,336.782738838
 12/24  12:00:00,319.657863111,285.852933048
 12/24  13:00:00,297.22128862799997,236.638407043
 12/24  14:00:00,274.209087971,231.398255758
 12/24  15:00:00,266.025694568,218.069589527
 12/24  16:00:00,232.88880689400003,250.873156327
 12/24  17:00:00,234.98430945200002,256.837401468
 12/24  18:00:00,274.347829463,270.03414399400003
 12/24  19:00:00,353.016820426,322.79297493
 12/24  20:00:00,365.40383630900004,387.84329236599996
 12/24  21:00:00,392.42475783199995,472.500834871
 12/24  22:00:00,363.971511611,432.217849745
 12/24  23:00:00,295.62450521200003,499.25829874
 12/24  24:00:00,217.385263816,361.140722009
 12/25  01:00:00,136.30797012600001,149.69206782700002
 12/25  02:00:00,138.40310246299998,116.78831522899999
 12/25  03:00:00,121.119494123,114.06514642200001
 12/25  04:00:00,120.914905804,113.360744849
 12/25  05:00:00,129.314762441,135.009766852
 12/25  06:00:00,143.097998478,176.982079077
 12/25  07:00:00,222.543181133,236.848451727
 12/25  08:00:00,324.645067303,532.784930787
 12/25  09:00:00,369.627714485,700.8748881260001
 12/25  10:00:00,320.54345472,584.4552077769999
 12/25  11:00:00,256.74470873900003,505.860658213
 12/25  12:00:00,236.130024807,450.6945091
 12/25  13:00:00,223.00131142700002,393.23212109900004
 12/25  14:00:00,201.18658976900002,369.49168869199997
 12/25  15:00:00,199.746161838,326.86658563099996
 12/25  16:00:00,198.01742287099998,340.77120793
 12/25  17:00:00,223.293218261,321.047111727
 12/25  18:00:00,256.794098382,388.815006392
 12/25  19:00:00,326.639385397,409.99702804599997
 12/25  20:00:00,341.876703107,446.097546674
 12/25  21:00:00,373.629911355,436.157594183
 12/25  22:00:00,347.198567715,432.50279362
 12/25  23:00:00,289.445189376,543.4903776269999
 12/25  24:00:00,206.65776318599998,426.79275071
 12/26  01:00:00,127.072976598,160.125079234
 12/26  02:00:00,116.96646533100001,126.032094515
 12/26  03:00:00,107.51963285,128.221838488
 12/26  04:00:00,106.19055344,127.46961263799999
 12/26  05:00:00,113.960891407,155.224772114
 12/26  06:00:00,147.377824615,232.43881132200002
 12/26  07:00:00,269.57189291,377.26090526300004
 12/26  08:00:00,354.612116062,690.065039847
 12/26  09:00:00,320.13694141900004,611.189706894
 12/26  10:00:00,308.272436734,508.196632865
 12/26  11:00:00,235.215357056,354.33658887900003
 12/26  12:00:00,229.628698695,274.24709253599997
 12/26  13:00:00,246.366127243,249.40306578599998
 12/26  14:00:00,268.733280471,231.48403512299998
 12/26  15:00:00,278.310383385,215.75147791400002
 12/26  16:00:00,281.924887088,229.347954262
 12/26  17:00:00,292.84867056900003,211.847812322
 12/26  18:00:00,291.347734758,305.938441586
 12/26  19:00:00,346.396833641,604.859065176
 12/26  20:00:00,354.04493774900004,443.053274392
 12/26  21:00:00,377.159419134,424.962623074
 12/26  22:00:00,361.41481369699994,530.8164377859999
 12/26  23:00:00,298.550337539,460.412820002
 12/26  24:00:00,205.38370170099998,370.130932976
 12/27  01:00:00,129.038840391,152.025097773
 12/27  02:00:00,119.58515279299999,125.854780533
 12/27  03:00:00,109.332008392,123.774462396
 12/27  04:00:00,107.95485643100001,123.116235353
 12/27  05:00:00,115.885370101,150.654284921
 12/27  06:00:00,150.39197795799998,227.7017443
 12/27  07:00:00,273.67708488799997,372.75232298099996
 12/27  08:00:00,365.493623484,664.469248551
 12/27  09:00:00,330.217965304,586.591203547
 12/27  10:00:00,310.442819241,446.142675802
 12/27  11:00:00,243.01505961400002,310.109700417
 12/27  12:00:00,259.60375528,241.218809724
 12/27  13:00:00,290.525320179,231.663698005
 12/27  14:00:00,298.440150548,227.321755436
 12/27  15:00:00,298.77493987099996,218.985630414
 12/27  16:00:00,299.073544264,220.157690385
 12/27  17:00:00,327.151999004,204.30789817
 12/27  18:00:00,314.618339565,265.364465405
 12/27  19:00:00,355.28911281,561.108155179
 12/27  20:00:00,361.542745299,455.83629876599997
 12/27  21:00:00,385.819975119,421.097738807
 12/27  22:00:00,371.183587149,517.2144795080001
 12/27  23:00:00,306.61527117099996,438.716650871
 12/27  24:00:00,210.00852338400003,343.828701686
 12/28  01:00:00,129.379955192,154.72733828100002
 12/28  02:00:00,121.667224641,121.957500664
 12/28  03:00:00,112.884591633,119.05275566700001
 12/28  04:00:00,111.8394379,117.877189067
 12/28  05:00:00,119.08432720100001,139.318700336
 12/28  06:00:00,153.859385609,229.965964015
 12/28  07:00:00,277.745125868,368.07711885
 12/28  08:00:00,378.727916871,643.911464056
 12/28  09:00:00,336.835194804,551.493042112
 12/28  10:00:00,301.31024855,428.224112646
 12/28  11:00:00,250.39555953599998,301.305666746
 12/28  12:00:00,284.75620227,236.987786085
 12/28  13:00:00,308.596513598,231.46699539
 12/28  14:00:00,299.473760685,226.207136151
 12/28  15:00:00,300.802753497,218.53295060599999
 12/28  16:00:00,302.890799515,219.899325772
 12/28  17:00:00,331.140755321,204.025346568
 12/28  18:00:00,337.292403558,230.870648385
 12/28  19:00:00,370.517476498,420.032467004
 12/28  20:00:00,383.898376025,313.5653539
 12/28  21:00:00,412.634024614,290.769542343
 12/28  22:00:00,401.03845842,397.82126306099997
 12/28  23:00:00,319.965417818,322.002033418
 12/28  24:00:00,225.04271670400001,242.130734647
 12/29  01:00:00,125.451900905,183.419076504
 12/29  02:00:00,125.547512321,142.473162936
 12/29  03:00:00,120.743350493,128.91882181
 12/29  04:00:00,121.63294030600001,120.024793163
 12/29  05:00:00,131.844638703,141.84568531
 12/29  06:00:00,167.633594166,216.155096023
 12/29  07:00:00,319.849157418,356.73126952800004
 12/29  08:00:00,388.972940545,491.148097848
 12/29  09:00:00,322.256652988,412.853223828
 12/29  10:00:00,280.453800916,347.468065618
 12/29  11:00:00,239.87258609900002,293.910592419
 12/29  12:00:00,266.99597010599996,237.282489752
 12/29  13:00:00,293.496065423,237.696460275
 12/29  14:00:00,302.410800588,230.25302763
 12/29  15:00:00,303.74288105700003,215.842091664
 12/29  16:00:00,303.596873921,228.303170317
 12/29  17:00:00,332.158579257,205.61208697
 12/29  18:00:00,352.80416126,225.452962645
 12/29  19:00:00,372.809690612,380.483828276
 12/29  20:00:00,370.980327466,312.919462743
 12/29  21:00:00,401.88330935,341.581321867
 12/29  22:00:00,392.767328756,424.865025945
 12/29  23:00:00,320.581342004,299.732084278
 12/29  24:00:00,238.875230808,174.907660815
 12/30  01:00:00,128.015627424,118.853571774
 12/30  02:00:00,137.57412539799998,88.5751189489
 12/30  03:00:00,125.33892474,88.8889942633
 12/30  04:00:00,129.808730299,85.4262330339
 12/30  05:00:00,155.073231281,112.19655330200001
 12/30  06:00:00,173.362071127,145.359756463
 12/30  07:00:00,307.981848087,213.26180526299999
 12/30  08:00:00,353.036364065,374.167176709
 12/30  09:00:00,378.35581940099996,525.002859261
 12/30  10:00:00,319.12138888,444.384891749
 12/30  11:00:00,251.799736483,378.549209839
 12/30  12:00:00,264.202017438,302.224108919
 12/30  13:00:00,308.073242702,242.638351572
 12/30  14:00:00,296.62260413900003,226.656871999
 12/30  15:00:00,302.905825105,217.48594969400003
 12/30  16:00:00,303.250854895,223.969129229
 12/30  17:00:00,328.802124135,208.82645210299998
 12/30  18:00:00,310.745694322,234.894771944
 12/30  19:00:00,366.21344664099996,374.015087236
 12/30  20:00:00,366.146331525,500.004077765
 12/30  21:00:00,384.758125514,419.421186109
 12/30  22:00:00,376.045968189,394.600576354
 12/30  23:00:00,317.028148579,496.503345567
 12/30  24:00:00,225.920112725,371.42442441199995
 12/31  01:00:00,142.996148903,148.861047588
 12/31  02:00:00,146.598828859,122.60117502700001
 12/31  03:00:00,130.086365823,112.28702379999999
 12/31  04:00:00,130.37717845,109.67483857200001
 12/31  05:00:00,138.642652741,135.778446735
 12/31  06:00:00,153.48239624299998,163.05099141899998
 12/31  07:00:00,277.73795776099996,228.973700378
 12/31  08:00:00,302.930574367,489.273520356
 12/31  09:00:00,371.05293985,642.629395433
 12/31  10:00:00,333.260129952,455.276685381
 12/31  11:00:00,283.596340245,354.27943083900004
 12/31  12:00:00,306.057819629,292.873736979
 12/31  13:00:00,317.377096808,231.96039645
 12/31  14:00:00,297.884214814,224.265804993
 12/31  15:00:00,297.914781048,209.117778234
 12/31  16:00:00,297.977300215,224.41644844900003
 12/31  17:00:00,328.20406153,204.30522629200001
 12/31  18:00:00,338.461243014,206.77451584099998
 12/31  19:00:00,381.52042510900003,286.125657862
 12/31  20:00:00,367.16491738199994,411.503822371
 12/31  21:00:00,395.161254825,452.803161153
 12/31  22:00:00,369.970260346,401.765691072
 12/31  23:00:00,311.019271345,499.38776359900004
 12/31  24:00:00,229.52762772,366.168881063
