Date/Time,Electricity:Facility [kW](Hourly),Gas:Facility [kW](Hourly)
 01/01  01:00:00,80.0178065941,11.559402533399998
 01/01  02:00:00,88.8433542078,27.9473097509
 01/01  03:00:00,84.4843069755,22.900623616100003
 01/01  04:00:00,88.76061210799999,35.6288916723
 01/01  05:00:00,95.692305535,36.2350021672
 01/01  06:00:00,92.6068529792,29.4712500654
 01/01  07:00:00,125.60587966700001,496.633117161
 01/01  08:00:00,131.45337679899998,444.60672605800005
 01/01  09:00:00,156.55882108,383.316006865
 01/01  10:00:00,129.497727833,362.219773468
 01/01  11:00:00,164.309045817,328.394025071
 01/01  12:00:00,196.141518362,305.566651855
 01/01  13:00:00,204.53073891,280.16412185900003
 01/01  14:00:00,203.272974769,261.337717166
 01/01  15:00:00,199.637955667,257.431135527
 01/01  16:00:00,195.912077125,259.122356471
 01/01  17:00:00,202.469711904,261.339851215
 01/01  18:00:00,180.378121873,303.279553593
 01/01  19:00:00,185.509640913,325.169496198
 01/01  20:00:00,164.475286445,336.386223125
 01/01  21:00:00,155.27657033,347.59960560300004
 01/01  22:00:00,140.848120814,308.319750407
 01/01  23:00:00,77.4302572022,1.77125
 01/01  24:00:00,113.038957346,1.77125
 01/02  01:00:00,84.01029898979999,3.49927785264
 01/02  02:00:00,90.94989646209999,28.6466011234
 01/02  03:00:00,90.948366065,30.977391825999998
 01/02  04:00:00,86.5031407795,26.627423906300002
 01/02  05:00:00,99.3040958052,46.736998767299994
 01/02  06:00:00,101.28606361,53.27575459609999
 01/02  07:00:00,139.621392031,500.283305895
 01/02  08:00:00,145.062295005,463.28652864300005
 01/02  09:00:00,211.113961653,425.87062886900003
 01/02  10:00:00,235.016325227,381.064221189
 01/02  11:00:00,225.345192483,359.598572524
 01/02  12:00:00,256.273319442,337.370478314
 01/02  13:00:00,235.87810408599998,326.73653156299997
 01/02  14:00:00,232.62688868900003,317.618585532
 01/02  15:00:00,228.841083976,313.474031525
 01/02  16:00:00,225.42234336400003,314.50933987400003
 01/02  17:00:00,232.19160296,327.777035298
 01/02  18:00:00,238.928873201,346.91334196199995
 01/02  19:00:00,238.422143309,379.2744747
 01/02  20:00:00,222.114306471,406.96822196
 01/02  21:00:00,197.16041562200002,424.947147728
 01/02  22:00:00,140.419737243,409.97406955099996
 01/02  23:00:00,80.8980260182,9.59865217127
 01/02  24:00:00,129.592741461,58.2096087314
 01/03  01:00:00,98.341496437,55.0890184615
 01/03  02:00:00,94.32223433360001,91.7662597625
 01/03  03:00:00,96.12544931219999,103.62080210399999
 01/03  04:00:00,91.9119868036,86.6699983159
 01/03  05:00:00,117.75991261600001,130.045514914
 01/03  06:00:00,120.953243483,148.624610316
 01/03  07:00:00,155.954982452,667.850033258
 01/03  08:00:00,153.894796796,627.722156459
 01/03  09:00:00,211.08406941099997,570.535213585
 01/03  10:00:00,234.95686255,499.69755422400004
 01/03  11:00:00,225.150313734,446.348875243
 01/03  12:00:00,256.19126590900004,408.980694318
 01/03  13:00:00,235.974867792,395.234491279
 01/03  14:00:00,232.510944079,369.482251419
 01/03  15:00:00,228.716545635,358.152163105
 01/03  16:00:00,225.32141139799998,371.53997885
 01/03  17:00:00,232.109978162,377.34464317699997
 01/03  18:00:00,238.873138412,378.298649479
 01/03  19:00:00,238.413525516,386.945433014
 01/03  20:00:00,215.613101704,391.724093957
 01/03  21:00:00,191.02703288700002,410.293343649
 01/03  22:00:00,135.693612999,395.014421702
 01/03  23:00:00,78.81422014479999,2.355
 01/03  24:00:00,123.913721289,31.1125952382
 01/04  01:00:00,100.880965035,59.3709801284
 01/04  02:00:00,96.30687357219999,68.2441301751
 01/04  03:00:00,91.1893140071,56.978156129300004
 01/04  04:00:00,95.2814984103,88.55131870459999
 01/04  05:00:00,102.80769908399999,89.8648419683
 01/04  06:00:00,97.2785415527,71.57666548819999
 01/04  07:00:00,139.231134859,594.0970451109999
 01/04  08:00:00,144.905624001,533.566655486
 01/04  09:00:00,211.048904981,495.60022583800003
 01/04  10:00:00,235.09010863700001,444.59883268
 01/04  11:00:00,225.246685888,407.725297709
 01/04  12:00:00,256.240811661,371.43555013599996
 01/04  13:00:00,236.05335426099998,344.834131331
 01/04  14:00:00,232.633789253,326.213536916
 01/04  15:00:00,228.82340774099998,315.595981143
 01/04  16:00:00,225.394723095,311.715280752
 01/04  17:00:00,232.181176868,337.458098552
 01/04  18:00:00,238.922456851,372.63677801
 01/04  19:00:00,238.41722233,404.632624619
 01/04  20:00:00,222.112556189,414.664575971
 01/04  21:00:00,197.151288766,427.603683471
 01/04  22:00:00,140.417082364,414.96749987
 01/04  23:00:00,78.6843644592,2.355
 01/04  24:00:00,130.684932353,58.2227735795
 01/05  01:00:00,101.682439685,78.4955809968
 01/05  02:00:00,91.04377222229999,71.28793395390001
 01/05  03:00:00,95.84524231549999,113.97574715
 01/05  04:00:00,96.4963993025,121.39563371700001
 01/05  05:00:00,99.74849563299999,115.48547739600001
 01/05  06:00:00,104.81962427799999,173.93061002599998
 01/05  07:00:00,139.435975349,683.333234844
 01/05  08:00:00,144.767940184,642.377564467
 01/05  09:00:00,211.000967567,591.807025831
 01/05  10:00:00,234.94032286400002,527.04912861
 01/05  11:00:00,225.120704578,489.28867294599996
 01/05  12:00:00,256.163856616,458.485856095
 01/05  13:00:00,235.93646022,427.77167647
 01/05  14:00:00,232.43229453900003,409.45752189
 01/05  15:00:00,228.633423903,398.51417918
 01/05  16:00:00,225.214572938,401.08252089800004
 01/05  17:00:00,231.999706903,421.274485425
 01/05  18:00:00,238.762458277,443.936525925
 01/05  19:00:00,238.355898402,474.515808096
 01/05  20:00:00,222.056568008,494.44810591099997
 01/05  21:00:00,197.046971769,503.544786861
 01/05  22:00:00,140.380458387,486.97338278800004
 01/05  23:00:00,85.21514572390001,31.4346149359
 01/05  24:00:00,129.244213649,63.40306163020001
 01/06  01:00:00,102.21730671899999,112.22481496700001
 01/06  02:00:00,95.54204989850001,122.83478355700001
 01/06  03:00:00,94.0494669722,124.430358875
 01/06  04:00:00,98.6541470092,177.745056246
 01/06  05:00:00,120.42101451399999,171.474252334
 01/06  06:00:00,117.227081258,149.832214996
 01/06  07:00:00,155.534221226,730.094630338
 01/06  08:00:00,150.442840865,679.0888027369999
 01/06  09:00:00,211.067046685,627.131061316
 01/06  10:00:00,234.923775378,556.5409015419999
 01/06  11:00:00,225.064560025,517.002349265
 01/06  12:00:00,256.11682621200003,481.22507300000007
 01/06  13:00:00,235.883632163,457.03987805300005
 01/06  14:00:00,232.347190565,436.74377733
 01/06  15:00:00,228.57998363299998,421.031803764
 01/06  16:00:00,225.17505385599998,410.622581394
 01/06  17:00:00,231.97520983,422.352235066
 01/06  18:00:00,238.75124542700001,444.48832537699997
 01/06  19:00:00,238.354386424,471.020237698
 01/06  20:00:00,215.504792664,489.402414134
 01/06  21:00:00,190.884903375,501.003648601
 01/06  22:00:00,135.639459638,478.314754445
 01/06  23:00:00,85.2375883479,30.5646930055
 01/06  24:00:00,129.248965422,60.859896445
 01/07  01:00:00,99.98096451219999,109.87937838399999
 01/07  02:00:00,93.97552354850001,124.935614988
 01/07  03:00:00,93.16316945870001,132.414965535
 01/07  04:00:00,95.7924981278,167.67071694700002
 01/07  05:00:00,102.231356391,169.459809309
 01/07  06:00:00,99.2299903754,157.41146717
 01/07  07:00:00,124.800207635,737.943755532
 01/07  08:00:00,127.10436566700001,686.529597351
 01/07  09:00:00,183.49910891599998,628.525431613
 01/07  10:00:00,200.382761004,561.661360163
 01/07  11:00:00,225.068314082,510.07789282199997
 01/07  12:00:00,256.12569212,467.14393252400004
 01/07  13:00:00,235.89891030599998,440.235432079
 01/07  14:00:00,232.37102962400002,421.67827872099997
 01/07  15:00:00,228.58965162599998,406.317776825
 01/07  16:00:00,225.170665847,396.054990474
 01/07  17:00:00,231.95712977,411.478411577
 01/07  18:00:00,238.733322549,433.18232906599997
 01/07  19:00:00,224.6019462,476.109509413
 01/07  20:00:00,178.895845861,512.483910109
 01/07  21:00:00,168.58065639,522.200114259
 01/07  22:00:00,126.151897638,486.552438147
 01/07  23:00:00,80.7103052328,21.400693169700002
 01/07  24:00:00,129.947213852,62.525983777700006
 01/08  01:00:00,95.5772734594,60.264093846899996
 01/08  02:00:00,94.0771340511,102.360588708
 01/08  03:00:00,93.70110900290001,102.146955757
 01/08  04:00:00,91.82988682879999,97.6487397578
 01/08  05:00:00,103.114031967,131.138161315
 01/08  06:00:00,101.82479576200001,120.72191918700001
 01/08  07:00:00,125.20974080200001,651.472504381
 01/08  08:00:00,127.223523192,597.424896601
 01/08  09:00:00,156.057447112,522.108299504
 01/08  10:00:00,128.496276741,492.23483879300005
 01/08  11:00:00,163.165606116,437.711022681
 01/08  12:00:00,194.695213326,404.65441700900004
 01/08  13:00:00,201.93021289700002,364.43952676099997
 01/08  14:00:00,199.004486589,356.59060562199994
 01/08  15:00:00,195.228849118,346.83128794699996
 01/08  16:00:00,191.83303439099998,340.213444338
 01/08  17:00:00,198.659095973,344.124252755
 01/08  18:00:00,177.0299258,397.22248059699996
 01/08  19:00:00,183.56305595,410.718744284
 01/08  20:00:00,163.635379108,412.209221178
 01/08  21:00:00,154.77092950899998,408.263167431
 01/08  22:00:00,140.602513755,362.638508913
 01/08  23:00:00,76.973853801,2.9156972465099997
 01/08  24:00:00,112.834469467,1.77125
 01/09  01:00:00,97.3020047282,32.7044255374
 01/09  02:00:00,91.31755275190001,37.8304574735
 01/09  03:00:00,90.620804044,33.2726947891
 01/09  04:00:00,96.6139212113,58.5220449209
 01/09  05:00:00,102.43664296600001,56.629691000600005
 01/09  06:00:00,97.4517641069,38.3965879467
 01/09  07:00:00,139.595405185,474.32298593300004
 01/09  08:00:00,142.049498433,426.001797554
 01/09  09:00:00,211.36377350700002,387.774261051
 01/09  10:00:00,235.622102263,343.64050954199996
 01/09  11:00:00,225.76730673400002,327.54335048400003
 01/09  12:00:00,256.480694056,307.43949844400004
 01/09  13:00:00,236.31904628900003,286.650294324
 01/09  14:00:00,233.140466778,272.879696199
 01/09  15:00:00,229.287338308,265.756993356
 01/09  16:00:00,225.85596305200002,266.550926334
 01/09  17:00:00,232.619799847,281.00687941900003
 01/09  18:00:00,239.33113066099997,312.567613632
 01/09  19:00:00,238.634494525,335.226636499
 01/09  20:00:00,222.35801609799998,356.611172066
 01/09  21:00:00,197.48371291200002,372.97313563
 01/09  22:00:00,140.588409189,362.97508726
 01/09  23:00:00,79.05053759229999,2.355
 01/09  24:00:00,123.774048505,32.4648031654
 01/10  01:00:00,96.15982497030001,38.7575194758
 01/10  02:00:00,94.5123419297,77.59756841560001
 01/10  03:00:00,96.27050667110001,88.6623429914
 01/10  04:00:00,92.0342652608,72.2898267327
 01/10  05:00:00,116.786783929,99.0518541308
 01/10  06:00:00,118.64817157,105.07475613700001
 01/10  07:00:00,156.006803482,604.6247027759999
 01/10  08:00:00,150.628624446,550.0025775409999
 01/10  09:00:00,211.129362928,505.12387853
 01/10  10:00:00,235.05398334900002,454.693434655
 01/10  11:00:00,225.315290964,424.14435121699995
 01/10  12:00:00,256.28844675700003,390.591422754
 01/10  13:00:00,236.149263117,358.159243688
 01/10  14:00:00,232.777920939,330.69512880599996
 01/10  15:00:00,228.979250413,317.840477779
 01/10  16:00:00,225.586588457,307.790450582
 01/10  17:00:00,232.39018773799998,307.304472666
 01/10  18:00:00,239.16177878099998,310.105975362
 01/10  19:00:00,238.585240937,321.806413218
 01/10  20:00:00,215.886205986,335.990087136
 01/10  21:00:00,191.423337855,345.390703615
 01/10  22:00:00,135.960715906,317.517908315
 01/10  23:00:00,79.405057822,2.355
 01/10  24:00:00,115.16674638200001,3.49935691674
 01/11  01:00:00,92.8780838188,21.0613165394
 01/11  02:00:00,91.1995824397,36.423492284299996
 01/11  03:00:00,91.2664673091,38.7765443049
 01/11  04:00:00,89.6830887704,29.1752323509
 01/11  05:00:00,101.74482833399999,47.8977264122
 01/11  06:00:00,102.962372445,48.7014311998
 01/11  07:00:00,139.851399506,465.33716963
 01/11  08:00:00,142.112549389,425.86091866199996
 01/11  09:00:00,211.40848336599998,384.367638839
 01/11  10:00:00,235.66858710900001,340.235240954
 01/11  11:00:00,225.830991812,320.69246281799997
 01/11  12:00:00,256.501751469,302.701974844
 01/11  13:00:00,236.27047562799999,295.44870301599997
 01/11  14:00:00,233.19679787200002,289.834407447
 01/11  15:00:00,229.37579998200002,282.966989578
 01/11  16:00:00,225.98165486099998,277.547069174
 01/11  17:00:00,232.78328254299998,280.780475898
 01/11  18:00:00,239.55128506900002,290.783760737
 01/11  19:00:00,238.80612239,308.924072184
 01/11  20:00:00,222.647575977,319.95194522
 01/11  21:00:00,197.771598654,322.064361405
 01/11  22:00:00,140.777855681,295.275758213
 01/11  23:00:00,79.566908376,3.49953009454
 01/11  24:00:00,115.25019425299999,2.355
 01/12  01:00:00,88.4023640872,11.8444976688
 01/12  02:00:00,91.01744453549999,27.3500579906
 01/12  03:00:00,86.5935420771,22.4104925713
 01/12  04:00:00,91.3497094822,37.9833872588
 01/12  05:00:00,99.42757881889999,39.826603927600004
 01/12  06:00:00,95.3704171039,29.6125359263
 01/12  07:00:00,139.712731616,454.594983749
 01/12  08:00:00,142.181441951,404.17868602199997
 01/12  09:00:00,211.487496447,363.460946039
 01/12  10:00:00,235.87671198799998,315.535624229
 01/12  11:00:00,226.721074301,278.34996640099996
 01/12  12:00:00,258.637161095,236.486048557
 01/12  13:00:00,239.648306974,219.60138443
 01/12  14:00:00,237.027390756,212.490517706
 01/12  15:00:00,233.393643936,208.65189416400003
 01/12  16:00:00,230.35043315299998,212.127122376
 01/12  17:00:00,237.371022496,215.795698443
 01/12  18:00:00,243.633754022,229.064840162
 01/12  19:00:00,241.668532336,245.693081287
 01/12  20:00:00,225.301538935,252.51095692200002
 01/12  21:00:00,199.798485573,256.52869554299997
 01/12  22:00:00,141.983855488,239.803277877
 01/12  23:00:00,81.1667681341,2.355
 01/12  24:00:00,116.620773574,3.49938507761
 01/13  01:00:00,84.5916005113,2.355
 01/13  02:00:00,91.11520916200001,30.4104191073
 01/13  03:00:00,91.10306732139999,35.2308759349
 01/13  04:00:00,87.1174143972,27.7827415206
 01/13  05:00:00,113.823158171,43.8367175425
 01/13  06:00:00,116.55303130200001,42.6175167723
 01/13  07:00:00,156.441129006,457.87047771199997
 01/13  08:00:00,151.40220314200002,410.39551598099996
 01/13  09:00:00,211.55934772900002,365.369992525
 01/13  10:00:00,235.71304590900002,314.388911893
 01/13  11:00:00,226.16739456,280.362772873
 01/13  12:00:00,257.716833678,241.661956723
 01/13  13:00:00,239.45134594700002,207.526206823
 01/13  14:00:00,237.61263557900003,186.15744997299998
 01/13  15:00:00,234.753675667,174.68617388299998
 01/13  16:00:00,231.82529473900001,170.8980123
 01/13  17:00:00,238.593986887,180.568719058
 01/13  18:00:00,244.278194738,204.36732535599998
 01/13  19:00:00,241.95013469,232.887273439
 01/13  20:00:00,218.623479168,247.795959592
 01/13  21:00:00,192.87647964599998,260.060365198
 01/13  22:00:00,136.920029467,233.91022924
 01/13  23:00:00,81.8069002121,3.4995005196499998
 01/13  24:00:00,117.21901788,2.355
 01/14  01:00:00,83.3972353063,1.77125
 01/14  02:00:00,80.2752846831,12.5367618843
 01/14  03:00:00,88.9308050149,30.9936995454
 01/14  04:00:00,84.5929547505,28.501120669699997
 01/14  05:00:00,97.91468765219999,51.2945244547
 01/14  06:00:00,99.448429514,55.0226725977
 01/14  07:00:00,125.51661793,490.99201899400003
 01/14  08:00:00,127.75209060600001,445.66624710300005
 01/14  09:00:00,183.863578399,400.225911351
 01/14  10:00:00,201.092947305,339.55664841
 01/14  11:00:00,226.056257056,300.885208825
 01/14  12:00:00,257.381351426,277.627778215
 01/14  13:00:00,237.779019384,268.800179974
 01/14  14:00:00,234.92046113,261.638044552
 01/14  15:00:00,230.43197209599998,258.681636856
 01/14  16:00:00,226.24143108299998,261.855714456
 01/14  17:00:00,229.41824342200002,266.913229781
 01/14  18:00:00,239.51092248900002,278.30075492099996
 01/14  19:00:00,224.962161129,308.954606588
 01/14  20:00:00,179.170147905,340.965890571
 01/14  21:00:00,169.054061342,360.548607715
 01/14  22:00:00,126.35178150700001,342.720756036
 01/14  23:00:00,76.84990868050001,1.7863515355000001
 01/14  24:00:00,117.155612106,14.347273004100002
 01/15  01:00:00,94.3365016484,39.367203465500005
 01/15  02:00:00,86.58634976889999,37.2867059327
 01/15  03:00:00,93.1344255849,70.3876658816
 01/15  04:00:00,93.0777619941,78.2390021234
 01/15  05:00:00,96.3364301519,70.7156200134
 01/15  06:00:00,100.048554469,110.63285976899999
 01/15  07:00:00,125.22540662,675.223046875
 01/15  08:00:00,127.21255214,634.9943224
 01/15  09:00:00,156.047141589,533.888063903
 01/15  10:00:00,128.308067239,497.99365906699995
 01/15  11:00:00,163.120091489,446.104814019
 01/15  12:00:00,194.66065825,413.294243665
 01/15  13:00:00,201.80103960900001,371.177998005
 01/15  14:00:00,198.90341470099997,350.636679546
 01/15  15:00:00,195.148741618,342.734259871
 01/15  16:00:00,191.727910265,341.66574881
 01/15  17:00:00,195.110202811,346.78273216400004
 01/15  18:00:00,176.82062055400002,407.07917750400003
 01/15  19:00:00,183.41944114400002,424.41855879599996
 01/15  20:00:00,163.39585696700001,431.705326343
 01/15  21:00:00,154.590701231,430.863709158
 01/15  22:00:00,140.51517894399998,382.081208654
 01/15  23:00:00,76.839218749,2.9156916738599996
 01/15  24:00:00,117.17197333200001,11.110200788399998
 01/16  01:00:00,94.91403171270001,30.8189238724
 01/16  02:00:00,84.50808424680001,23.5772806826
 01/16  03:00:00,88.7613326109,38.2714301256
 01/16  04:00:00,90.0090014832,39.749318136999996
 01/16  05:00:00,95.01217936329999,30.0860819128
 01/16  06:00:00,99.8379101468,47.018625491099996
 01/16  07:00:00,125.65904410899999,491.62519607
 01/16  08:00:00,128.043711675,444.077170881
 01/16  09:00:00,156.556932164,393.480491666
 01/16  10:00:00,129.473084161,379.492241757
 01/16  11:00:00,164.74737534,346.656144576
 01/16  12:00:00,196.82676363,325.965245718
 01/16  13:00:00,205.29449819099997,293.740990576
 01/16  14:00:00,203.4043278,283.579619511
 01/16  15:00:00,200.190156438,271.446759512
 01/16  16:00:00,197.308869689,257.38543429099997
 01/16  17:00:00,200.86901542,253.73200333
 01/16  18:00:00,182.47691975799998,291.053017726
 01/16  19:00:00,187.92276158,310.678657172
 01/16  20:00:00,167.686412943,326.67313382099996
 01/16  21:00:00,157.943349351,333.752832205
 01/16  22:00:00,142.642074431,304.45977729599997
 01/16  23:00:00,79.5919929093,1.77125
 01/16  24:00:00,114.957264036,1.77125
 01/17  01:00:00,93.6798158932,22.2369803196
 01/17  02:00:00,86.88331011870001,25.8820614123
 01/17  03:00:00,91.451492645,43.489555816499994
 01/17  04:00:00,95.2673173833,53.2849468703
 01/17  05:00:00,114.055476843,39.7335423133
 01/17  06:00:00,117.77831615299999,55.9923302362
 01/17  07:00:00,156.345066001,479.911133572
 01/17  08:00:00,151.29682709899998,433.67254348800003
 01/17  09:00:00,211.515414503,390.315721195
 01/17  10:00:00,235.62845393599997,338.658979779
 01/17  11:00:00,225.942456392,313.19223759700003
 01/17  12:00:00,256.567784043,288.129672319
 01/17  13:00:00,236.462092834,277.409712732
 01/17  14:00:00,234.085026121,269.396564839
 01/17  15:00:00,230.737237224,263.447791843
 01/17  16:00:00,228.1168042,255.46012693400002
 01/17  17:00:00,232.76577467200002,249.30611332900003
 01/17  18:00:00,243.790108965,245.380719075
 01/17  19:00:00,243.17606261,246.82163899900002
 01/17  20:00:00,221.53598822900003,248.157613586
 01/17  21:00:00,196.84302896,243.64685442799998
 01/17  22:00:00,141.389499486,190.57184389
 01/17  23:00:00,86.8019195423,2.355
 01/17  24:00:00,121.753124842,3.4993924752999996
 01/18  01:00:00,92.03128734180001,2.355
 01/18  02:00:00,84.4940635648,2.355
 01/18  03:00:00,83.4769681084,3.4992560983199996
 01/18  04:00:00,82.6905452102,2.355
 01/18  05:00:00,88.95475363,2.355
 01/18  06:00:00,88.0964435614,3.4992571663099996
 01/18  07:00:00,141.90907032299998,334.09457225200003
 01/18  08:00:00,144.27721403200002,353.57370327300004
 01/18  09:00:00,211.908159136,348.645584659
 01/18  10:00:00,235.73322465299998,334.356687508
 01/18  11:00:00,225.854361477,339.295548188
 01/18  12:00:00,256.433232512,342.398101156
 01/18  13:00:00,235.809233396,349.99234322300003
 01/18  14:00:00,232.766790545,368.453913255
 01/18  15:00:00,228.907633188,379.250474983
 01/18  16:00:00,225.42335787,386.558218222
 01/18  17:00:00,228.77633280400002,397.42707216199994
 01/18  18:00:00,238.89661752900003,418.350077858
 01/18  19:00:00,238.404095015,440.374456319
 01/18  20:00:00,221.96233004400003,456.30080593300005
 01/18  21:00:00,197.12767969400002,467.485396028
 01/18  22:00:00,140.40539866,444.499340785
 01/18  23:00:00,82.9299391442,20.033473440999998
 01/18  24:00:00,130.181874113,57.986181694799996
 01/19  01:00:00,98.15569265059999,62.0465539648
 01/19  02:00:00,94.24603515129999,96.21562513479999
 01/19  03:00:00,96.082418945,109.596049666
 01/19  04:00:00,92.9921546134,100.715888283
 01/19  05:00:00,102.61677396399999,145.900096547
 01/19  06:00:00,105.57771979999998,167.437732279
 01/19  07:00:00,139.424148751,688.9487252560001
 01/19  08:00:00,141.33127218299998,653.935864698
 01/19  09:00:00,210.98397226,616.588785672
 01/19  10:00:00,234.869058713,569.593881381
 01/19  11:00:00,225.03784498299999,545.032570669
 01/19  12:00:00,256.093292677,520.197366926
 01/19  13:00:00,235.845320746,501.33648188
 01/19  14:00:00,232.274974862,476.563885549
 01/19  15:00:00,228.51627831599998,462.883255974
 01/19  16:00:00,225.104643799,462.186928251
 01/19  17:00:00,228.5054598,475.691102203
 01/19  18:00:00,238.68161545200002,491.161597873
 01/19  19:00:00,238.33248291,510.351645927
 01/19  20:00:00,222.040350724,523.701429882
 01/19  21:00:00,196.993323642,537.946634305
 01/19  22:00:00,140.36319121,515.425641616
 01/19  23:00:00,85.6545677474,34.0632762746
 01/19  24:00:00,129.504831296,72.5309634969
 01/20  01:00:00,101.65989735,120.24520205299999
 01/20  02:00:00,97.11257989040001,143.145409035
 01/20  03:00:00,94.5936962703,136.238163222
 01/20  04:00:00,98.4884683301,188.68137823200001
 01/20  05:00:00,120.70889787600001,186.324033119
 01/20  06:00:00,117.008389127,164.971339771
 01/20  07:00:00,155.493713776,758.670603477
 01/20  08:00:00,150.428501917,685.28950844
 01/20  09:00:00,211.066098317,629.00784594
 01/20  10:00:00,234.946899172,573.9682824409999
 01/20  11:00:00,225.061362757,547.758638869
 01/20  12:00:00,256.112014586,508.467424003
 01/20  13:00:00,235.878031557,478.796217295
 01/20  14:00:00,232.336332585,462.78894058300006
 01/20  15:00:00,228.566505162,441.50535172
 01/20  16:00:00,225.156625843,430.09580764699996
 01/20  17:00:00,228.56334731799998,429.374501221
 01/20  18:00:00,238.74932332900002,430.68372915
 01/20  19:00:00,238.359743425,445.93732205699996
 01/20  20:00:00,215.551291677,461.73116156300006
 01/20  21:00:00,190.923169772,480.269346441
 01/20  22:00:00,135.653828375,446.371151151
 01/20  23:00:00,80.7768540965,9.9801599984
 01/20  24:00:00,131.438177804,56.491287480299995
 01/21  01:00:00,95.2017314572,54.221312677
 01/21  02:00:00,93.73809847,85.0943576527
 01/21  03:00:00,93.22707466969999,79.6976377474
 01/21  04:00:00,88.8470526764,61.8716594295
 01/21  05:00:00,101.36525895700001,96.8090214108
 01/21  06:00:00,100.682350499,91.74610060219999
 01/21  07:00:00,125.326724225,564.1772175230001
 01/21  08:00:00,127.42631326700001,519.922954685
 01/21  09:00:00,183.646705932,473.334455076
 01/21  10:00:00,200.8006095,425.87358059699994
 01/21  11:00:00,225.489400793,387.17077160900004
 01/21  12:00:00,256.36473871,349.806554511
 01/21  13:00:00,236.30155318099997,332.49032081900003
 01/21  14:00:00,232.995110023,312.712888334
 01/21  15:00:00,229.22074545599997,295.65411370099997
 01/21  16:00:00,225.863600869,281.88564527799997
 01/21  17:00:00,229.28672572,277.533484553
 01/21  18:00:00,239.442506537,283.51626869
 01/21  19:00:00,224.98521561599998,306.655901552
 01/21  20:00:00,179.478688985,319.059204392
 01/21  21:00:00,169.260959671,321.345282233
 01/21  22:00:00,126.52442378100001,292.95409679799997
 01/21  23:00:00,77.2573435258,2.91585497575
 01/21  24:00:00,112.975017236,2.91568579295
 01/22  01:00:00,81.8953922249,1.77125
 01/22  02:00:00,88.71479804370001,24.8397723269
 01/22  03:00:00,89.0427208532,28.199767454
 01/22  04:00:00,84.72371020979999,24.26654254
 01/22  05:00:00,98.66581897629999,41.0724005516
 01/22  06:00:00,96.8031485847,36.0210195699
 01/22  07:00:00,125.66626132799999,464.874489941
 01/22  08:00:00,127.98862187,421.90383532699997
 01/22  09:00:00,156.521118424,377.542214206
 01/22  10:00:00,129.238270791,379.24951002
 01/22  11:00:00,163.923810177,361.07551281
 01/22  12:00:00,194.986368497,352.348255708
 01/22  13:00:00,201.958300245,325.57922445599996
 01/22  14:00:00,199.253960169,323.28832141
 01/22  15:00:00,195.33117681,332.23956797200003
 01/22  16:00:00,191.80663934700002,342.200784776
 01/22  17:00:00,195.130400272,354.772419263
 01/22  18:00:00,176.80600047099998,431.750367672
 01/22  19:00:00,183.393852699,467.056369186
 01/22  20:00:00,163.070893576,487.85739721
 01/22  21:00:00,154.410834696,496.507334033
 01/22  22:00:00,140.388930627,466.23629384599997
 01/22  23:00:00,78.5321144723,8.14509806189
 01/22  24:00:00,126.01931082700001,50.9799062859
 01/23  01:00:00,98.022330274,47.64716109020001
 01/23  02:00:00,95.9991662591,60.6655080921
 01/23  03:00:00,93.9075318127,79.5411329408
 01/23  04:00:00,91.67852132760001,62.9545043833
 01/23  05:00:00,102.323232099,75.7825272172
 01/23  06:00:00,101.446545747,116.83569154
 01/23  07:00:00,139.43251563,614.982422689
 01/23  08:00:00,141.426677031,567.6957056059999
 01/23  09:00:00,211.021344428,521.908582224
 01/23  10:00:00,235.048914323,476.567445178
 01/23  11:00:00,225.183253625,456.889570577
 01/23  12:00:00,256.202755061,438.63607574099996
 01/23  13:00:00,236.022290289,428.545715869
 01/23  14:00:00,232.562908841,418.793896549
 01/23  15:00:00,228.77680123599998,402.64619679099997
 01/23  16:00:00,225.39616402,397.580907518
 01/23  17:00:00,228.81322800400002,394.57117161900004
 01/23  18:00:00,238.981354426,397.032309864
 01/23  19:00:00,238.474796866,406.139929764
 01/23  20:00:00,222.2880264,414.306404179
 01/23  21:00:00,197.28718278,418.337549174
 01/23  22:00:00,140.494426503,395.05228126800006
 01/23  23:00:00,78.8189269793,3.4995372949199997
 01/23  24:00:00,128.449432783,44.6368649726
 01/24  01:00:00,102.45786856,78.3245267242
 01/24  02:00:00,92.0571336142,65.3388567895
 01/24  03:00:00,94.2687368566,101.14567467200001
 01/24  04:00:00,97.31668691680001,124.790303746
 01/24  05:00:00,116.22464284700001,106.865220046
 01/24  06:00:00,119.826532631,151.647846009
 01/24  07:00:00,155.932122491,658.853602154
 01/24  08:00:00,150.52066660399998,602.258703954
 01/24  09:00:00,211.091568146,548.856244762
 01/24  10:00:00,234.932418167,493.496632159
 01/24  11:00:00,225.12212159599997,457.56829663300005
 01/24  12:00:00,256.15398846200003,422.99524834199997
 01/24  13:00:00,235.896670423,400.42752108300004
 01/24  14:00:00,232.392719025,381.924127479
 01/24  15:00:00,228.614360884,374.79778534300004
 01/24  16:00:00,225.197390234,372.524929307
 01/24  17:00:00,228.593900258,381.87211759400003
 01/24  18:00:00,238.76355401,407.436460422
 01/24  19:00:00,238.360266332,429.125736859
 01/24  20:00:00,215.511772066,444.083136395
 01/24  21:00:00,190.92430277900002,471.427989954
 01/24  22:00:00,135.651312674,473.986379769
 01/24  23:00:00,83.00640961020001,24.132323751199998
 01/24  24:00:00,133.165642411,81.05312732979999
 01/25  01:00:00,98.0955900085,81.8490454345
 01/25  02:00:00,96.0490025301,135.60695328100002
 01/25  03:00:00,97.6168624507,147.11583178799998
 01/25  04:00:00,95.1333185336,134.452122651
 01/25  05:00:00,103.916478045,167.109405309
 01/25  06:00:00,104.99927556,171.170823746
 01/25  07:00:00,139.402511845,680.759007313
 01/25  08:00:00,141.375683517,621.561605254
 01/25  09:00:00,211.006717883,566.246478959
 01/25  10:00:00,235.006451751,521.2247087540001
 01/25  11:00:00,225.144338135,487.766388695
 01/25  12:00:00,256.180223114,452.712110299
 01/25  13:00:00,235.98183424200002,423.95679882300004
 01/25  14:00:00,232.52416328,411.081348806
 01/25  15:00:00,228.72602918599998,400.176834299
 01/25  16:00:00,225.310633857,393.651695356
 01/25  17:00:00,228.71024028,395.323547365
 01/25  18:00:00,238.87911671700002,406.176171707
 01/25  19:00:00,238.40904615099998,432.39037509400004
 01/25  20:00:00,222.143809253,467.024396715
 01/25  21:00:00,197.11218238,487.144511899
 01/25  22:00:00,140.399741769,472.6000098
 01/25  23:00:00,82.94885291899999,19.622729298099998
 01/25  24:00:00,131.780615639,60.0925607108
 01/26  01:00:00,97.8661325517,56.895210319899995
 01/26  02:00:00,95.8607909558,92.2404587089
 01/26  03:00:00,94.2158974177,87.3625165332
 01/26  04:00:00,93.1787370033,95.93913034
 01/26  05:00:00,104.40409565200001,126.92255448600001
 01/26  06:00:00,101.73262271,107.857943435
 01/26  07:00:00,139.44481917,606.65284932
 01/26  08:00:00,141.48279002700002,546.158532701
 01/26  09:00:00,211.04421934099997,491.31321585800004
 01/26  10:00:00,235.162257887,434.34120662
 01/26  11:00:00,225.33610636,411.84027222199995
 01/26  12:00:00,256.292978435,393.252986394
 01/26  13:00:00,236.21583312099997,364.76552513300004
 01/26  14:00:00,232.804493003,354.319419196
 01/26  15:00:00,229.013226033,343.287208712
 01/26  16:00:00,225.639822636,333.68427548799997
 01/26  17:00:00,225.669407493,337.055430735
 01/26  18:00:00,239.24844757099999,347.825591655
 01/26  19:00:00,238.631275688,359.857289733
 01/26  20:00:00,222.511609432,368.933553999
 01/26  21:00:00,197.52666532700002,377.068559025
 01/26  22:00:00,140.633563963,356.178277076
 01/26  23:00:00,79.1827076812,3.4995366554800005
 01/26  24:00:00,119.43662027100001,14.7201854697
 01/27  01:00:00,97.29146079540001,39.9448283532
 01/27  02:00:00,89.6400612305,32.7428843046
 01/27  03:00:00,95.6500055451,56.776115566899996
 01/27  04:00:00,96.50585811,63.2108376809
 01/27  05:00:00,113.84731557100001,51.0998383755
 01/27  06:00:00,117.94100986299999,81.6766942493
 01/27  07:00:00,156.091721105,557.989404834
 01/27  08:00:00,150.703215515,522.024279925
 01/27  09:00:00,211.12739439400002,478.293484525
 01/27  10:00:00,234.91717003099998,429.676473321
 01/27  11:00:00,225.164761219,406.201957297
 01/27  12:00:00,256.177467406,382.87389911300005
 01/27  13:00:00,235.781571833,368.22785484599996
 01/27  14:00:00,232.398338362,350.02401865
 01/27  15:00:00,228.640250979,348.98122341199996
 01/27  16:00:00,225.21910320900002,354.69356908699996
 01/27  17:00:00,225.210358855,377.80407350699994
 01/27  18:00:00,238.753319106,407.146882441
 01/27  19:00:00,238.35106449,438.961968976
 01/27  20:00:00,215.433672618,468.66421257300004
 01/27  21:00:00,190.866493075,486.17286316699995
 01/27  22:00:00,135.63045682,496.545250625
 01/27  23:00:00,85.18443558279999,31.8249014286
 01/27  24:00:00,129.23635773700002,67.9004147667
 01/28  01:00:00,100.35070885299999,125.94511978700001
 01/28  02:00:00,94.7042095759,144.934758771
 01/28  03:00:00,91.9251782314,133.96813844
 01/28  04:00:00,96.9510672458,187.864366359
 01/28  05:00:00,102.22957788,167.930942274
 01/28  06:00:00,98.02870052530001,141.28451128
 01/28  07:00:00,124.812479395,712.5140983089999
 01/28  08:00:00,127.13054766799999,647.449286412
 01/28  09:00:00,183.510714837,600.75075656
 01/28  10:00:00,200.449695161,539.783135705
 01/28  11:00:00,225.126437983,488.49219139400003
 01/28  12:00:00,256.17810705,443.769421109
 01/28  13:00:00,235.99373293,405.66597143800004
 01/28  14:00:00,232.591786316,371.703780751
 01/28  15:00:00,228.836708037,354.586434226
 01/28  16:00:00,225.441834854,333.072233143
 01/28  17:00:00,225.432753479,324.390188237
 01/28  18:00:00,238.985065677,338.545194188
 01/28  19:00:00,224.71135950599998,370.267893919
 01/28  20:00:00,179.085473207,378.54870289300004
 01/28  21:00:00,168.828855015,371.316912076
 01/28  22:00:00,126.31969684100001,337.45432003400003
 01/28  23:00:00,76.940545043,2.91580694263
 01/28  24:00:00,112.83785008299999,1.77125
 01/29  01:00:00,90.5665055159,19.714009206700002
 01/29  02:00:00,88.9406426991,33.1142862006
 01/29  03:00:00,89.15964214,34.672047328400005
 01/29  04:00:00,88.9775286808,36.3174002973
 01/29  05:00:00,100.80172615299999,52.2863276813
 01/29  06:00:00,99.2053696002,83.6320430115
 01/29  07:00:00,125.333152918,673.968836854
 01/29  08:00:00,127.256318637,655.3382949869999
 01/29  09:00:00,156.042845398,585.123498766
 01/29  10:00:00,128.214129046,569.2762204109999
 01/29  11:00:00,163.028627279,532.871618701
 01/29  12:00:00,194.579216752,513.790928551
 01/29  13:00:00,201.52610469299998,485.700512333
 01/29  14:00:00,198.64370994900003,476.712538247
 01/29  15:00:00,194.93307618900002,472.14321349
 01/29  16:00:00,191.513935932,467.451267834
 01/29  17:00:00,191.51204616599998,475.953589256
 01/29  18:00:00,176.63220820799998,565.434437998
 01/29  19:00:00,183.349090612,592.618366714
 01/29  20:00:00,163.19246133299998,610.274095028
 01/29  21:00:00,154.300923484,630.571669565
 01/29  22:00:00,140.351979755,599.908648103
 01/29  23:00:00,86.0275606851,46.4231187708
 01/29  24:00:00,127.205224236,73.6874228821
 01/30  01:00:00,102.249616261,139.86476597
 01/30  02:00:00,99.73215446270001,184.19876759099998
 01/30  03:00:00,94.55363455790001,148.516993066
 01/30  04:00:00,96.86536373,191.39938676900002
 01/30  05:00:00,106.224558645,208.872238405
 01/30  06:00:00,100.640127033,166.703866126
 01/30  07:00:00,138.935371855,792.087773765
 01/30  08:00:00,141.286545034,761.76966957
 01/30  09:00:00,210.97269475099998,693.8596133410001
 01/30  10:00:00,234.900534789,617.519214125
 01/30  11:00:00,225.017197339,583.7004640380001
 01/30  12:00:00,256.083615747,546.752623471
 01/30  13:00:00,235.84381357400002,520.385446861
 01/30  14:00:00,232.27059611200002,505.382046126
 01/30  15:00:00,228.50083003900002,489.651000474
 01/30  16:00:00,225.08587654299998,482.867175303
 01/30  17:00:00,225.09110052,496.672185997
 01/30  18:00:00,238.65441959400002,521.247759128
 01/30  19:00:00,238.32299593099998,550.620688349
 01/30  20:00:00,222.01209570400002,588.276610046
 01/30  21:00:00,196.958003259,602.130591732
 01/30  22:00:00,140.351749268,585.498043318
 01/30  23:00:00,87.2412486313,46.3426419851
 01/30  24:00:00,133.070497369,135.99486927700002
 01/31  01:00:00,104.641302735,182.187775367
 01/31  02:00:00,95.1663556826,169.952076788
 01/31  03:00:00,97.3997171458,222.853340151
 01/31  04:00:00,98.3771288019,230.78659875900001
 01/31  05:00:00,117.553539111,205.518522488
 01/31  06:00:00,119.732396105,254.496311289
 01/31  07:00:00,155.840119042,853.853610219
 01/31  08:00:00,146.991736307,798.618242462
 01/31  09:00:00,211.05181315599998,737.423076913
 01/31  10:00:00,234.893814118,661.466025595
 01/31  11:00:00,225.01112874900002,614.956488625
 01/31  12:00:00,256.082517238,564.688822824
 01/31  13:00:00,235.848015545,525.252294752
 01/31  14:00:00,232.279269928,496.668871571
 01/31  15:00:00,228.510872713,478.3091488
 01/31  16:00:00,225.09969326,462.16061878
 01/31  17:00:00,225.106467782,467.301451373
 01/31  18:00:00,238.672209675,489.87184264300004
 01/31  19:00:00,238.32992456,513.65964063
 01/31  20:00:00,215.45560047200001,527.295340245
 01/31  21:00:00,190.826025052,537.514556625
 01/31  22:00:00,135.62098886200002,507.488072845
 01/31  23:00:00,85.7193967171,29.875825160399998
 01/31  24:00:00,129.15248309,60.1533015995
 02/01  01:00:00,101.587679629,95.6409544127
 02/01  02:00:00,95.3596913035,98.2537553263
 02/01  03:00:00,91.9820403544,82.1624227768
 02/01  04:00:00,96.3525600593,114.039571274
 02/01  05:00:00,103.59898279,113.544595625
 02/01  06:00:00,100.202080091,99.91327641
 02/01  07:00:00,139.200136728,612.7406679540001
 02/01  08:00:00,138.117025633,550.198589725
 02/01  09:00:00,211.05168997400003,497.98195241300004
 02/01  10:00:00,235.206181303,440.642940408
 02/01  11:00:00,225.309611455,405.07706510300005
 02/01  12:00:00,256.266066588,371.180800663
 02/01  13:00:00,236.127663658,345.26980620800003
 02/01  14:00:00,232.672284035,329.027052292
 02/01  15:00:00,228.86209309999998,314.908220722
 02/01  16:00:00,225.45859829900002,303.022513913
 02/01  17:00:00,225.469726311,312.142281482
 02/01  18:00:00,239.017162472,336.095195847
 02/01  19:00:00,238.47197166900003,370.71182866099997
 02/01  20:00:00,222.203197515,398.294423227
 02/01  21:00:00,197.224245873,418.039260081
 02/01  22:00:00,140.446722596,403.91710812300005
 02/01  23:00:00,78.8121580343,2.355
 02/01  24:00:00,124.990150389,35.7323873099
 02/02  01:00:00,101.562170057,66.9394362184
 02/02  02:00:00,95.50567655620002,81.1633968817
 02/02  03:00:00,91.8287597289,71.1508071529
 02/02  04:00:00,95.1698829675,102.527873938
 02/02  05:00:00,101.989210194,101.47612999100001
 02/02  06:00:00,98.7809316985,89.25392120459999
 02/02  07:00:00,139.18506864,616.093263802
 02/02  08:00:00,138.097929988,541.675580137
 02/02  09:00:00,211.047370375,486.334690327
 02/02  10:00:00,235.139214593,428.722722907
 02/02  11:00:00,225.339367745,394.75724201699995
 02/02  12:00:00,256.295403856,365.56956764
 02/02  13:00:00,236.216692683,342.955375709
 02/02  14:00:00,232.90223907200001,335.230752258
 02/02  15:00:00,229.14480517599998,325.91381203
 02/02  16:00:00,225.81798441900003,311.953765152
 02/02  17:00:00,225.875922503,305.656614629
 02/02  18:00:00,239.472177233,308.206130391
 02/02  19:00:00,238.782874465,315.364610741
 02/02  20:00:00,222.822163377,319.478108769
 02/02  21:00:00,197.83522059599997,321.215512812
 02/02  22:00:00,140.807861259,297.412589892
 02/02  23:00:00,79.5238767852,3.4995314866300005
 02/02  24:00:00,115.206034746,2.355
 02/03  01:00:00,92.7560890734,21.7312830574
 02/03  02:00:00,86.8966617899,23.0803368392
 02/03  03:00:00,91.0690483227,40.423233184000004
 02/03  04:00:00,94.2939962297,44.4160749117
 02/03  05:00:00,114.41868032100001,37.0454771236
 02/03  06:00:00,117.988360517,58.5150800691
 02/03  07:00:00,156.219320288,500.35339856300004
 02/03  08:00:00,147.539223579,463.84004383800004
 02/03  09:00:00,211.257762891,427.636684591
 02/03  10:00:00,235.152494925,384.00070070199996
 02/03  11:00:00,225.46013872900002,358.28222011099996
 02/03  12:00:00,256.335842108,336.222222015
 02/03  13:00:00,236.04531435099997,319.777500096
 02/03  14:00:00,232.869529543,300.645852695
 02/03  15:00:00,229.10658628099998,286.879752194
 02/03  16:00:00,225.741878164,277.515860582
 02/03  17:00:00,225.791830285,278.22755225599997
 02/03  18:00:00,239.39974400900002,282.656184783
 02/03  19:00:00,238.770415271,294.591832797
 02/03  20:00:00,216.214804595,302.42147951
 02/03  21:00:00,191.6760055,314.11083959
 02/03  22:00:00,136.090384399,293.100081826
 02/03  23:00:00,79.833689358,3.4994977277999997
 02/03  24:00:00,115.57074812799999,2.355
 02/04  01:00:00,86.5123707445,12.0517812792
 02/04  02:00:00,88.96282227629999,29.1700169817
 02/04  03:00:00,84.8875322002,23.878847339
 02/04  04:00:00,89.08938026889999,41.4790926039
 02/04  05:00:00,99.6324739805,41.8144881654
 02/04  06:00:00,94.4484663456,32.8322779377
 02/04  07:00:00,125.56003809799999,480.22158742
 02/04  08:00:00,124.59479770700001,430.23744706400004
 02/04  09:00:00,183.975564218,402.24808137699995
 02/04  10:00:00,201.105761753,364.525926561
 02/04  11:00:00,225.776451844,340.139082688
 02/04  12:00:00,256.432141336,319.73744376900004
 02/04  13:00:00,235.978345565,310.375136584
 02/04  14:00:00,232.840340279,306.920555928
 02/04  15:00:00,228.999815451,302.361444034
 02/04  16:00:00,225.536063724,299.073469464
 02/04  17:00:00,225.49325289799998,303.15815276
 02/04  18:00:00,239.02282942,313.861800899
 02/04  19:00:00,224.722349384,353.95182608199997
 02/04  20:00:00,178.887605417,396.861699436
 02/04  21:00:00,168.70483063,424.25536103699994
 02/04  22:00:00,126.18619545600001,412.75739714199995
 02/04  23:00:00,76.41642220060001,2.9158632558099997
 02/04  24:00:00,121.598561155,34.2813200174
 02/05  01:00:00,98.1768097671,65.6562776172
 02/05  02:00:00,93.89115604780001,84.0439601432
 02/05  03:00:00,89.66793781049999,72.4802196479
 02/05  04:00:00,92.8566040741,112.946627169
 02/05  05:00:00,102.630142839,128.842394885
 02/05  06:00:00,99.11980613979999,113.405405878
 02/05  07:00:00,124.89986756200001,713.172541686
 02/05  08:00:00,123.757583851,677.692033341
 02/05  09:00:00,156.024712468,593.53058367
 02/05  10:00:00,128.29904778899999,561.319215403
 02/05  11:00:00,163.025857276,514.15089061
 02/05  12:00:00,194.57691851,484.823403659
 02/05  13:00:00,201.745467978,443.00439942699995
 02/05  14:00:00,198.68163866900002,422.767014466
 02/05  15:00:00,194.944695683,409.384995376
 02/05  16:00:00,191.538063485,404.234608885
 02/05  17:00:00,191.545003629,413.39188035800004
 02/05  18:00:00,176.66569000400003,507.11312931699996
 02/05  19:00:00,183.355849045,555.054602122
 02/05  20:00:00,163.204827276,582.217057999
 02/05  21:00:00,154.309140404,601.422431638
 02/05  22:00:00,140.355263883,560.857278772
 02/05  23:00:00,84.1544430119,38.1875322886
 02/05  24:00:00,127.228508731,70.39944415939999
 02/06  01:00:00,101.767200808,116.68453227299999
 02/06  02:00:00,97.3124782221,139.083483782
 02/06  03:00:00,94.599441225,131.627847084
 02/06  04:00:00,97.89914225209999,177.430258351
 02/06  05:00:00,105.37081972600001,185.295198001
 02/06  06:00:00,100.659050531,158.103295614
 02/06  07:00:00,138.977222907,748.6120296460001
 02/06  08:00:00,137.902469039,693.576884177
 02/06  09:00:00,210.976325167,644.984352481
 02/06  10:00:00,234.91697652,581.654817535
 02/06  11:00:00,225.036620497,528.543647149
 02/06  12:00:00,256.10024642900004,478.697941988
 02/06  13:00:00,235.868231809,434.555896396
 02/06  14:00:00,232.318896135,404.492796965
 02/06  15:00:00,228.55046779900002,390.044916925
 02/06  16:00:00,225.148724412,379.08796102
 02/06  17:00:00,225.16340269900002,388.10134212199995
 02/06  18:00:00,235.33731058700002,406.046837686
 02/06  19:00:00,238.347121675,434.75034541699995
 02/06  20:00:00,222.075953422,457.564784532
 02/06  21:00:00,197.02229784,478.67479292900003
 02/06  22:00:00,140.372263924,466.959339572
 02/06  23:00:00,82.9329082606,21.260715544
 02/06  24:00:00,132.514426906,80.51618778939999
 02/07  01:00:00,98.1044103259,78.367001667
 02/07  02:00:00,95.27813118430001,122.87018763200001
 02/07  03:00:00,97.7793750145,152.310757734
 02/07  04:00:00,93.985703268,136.64687753799998
 02/07  05:00:00,120.981380095,193.96782059900002
 02/07  06:00:00,121.283898835,193.95631623
 02/07  07:00:00,155.871210042,742.0605163710001
 02/07  08:00:00,147.022841614,688.609505573
 02/07  09:00:00,211.06020852900002,637.6748734519999
 02/07  10:00:00,234.912861143,574.8825324
 02/07  11:00:00,225.05140244400002,531.0088168569999
 02/07  12:00:00,256.115183846,489.912453613
 02/07  13:00:00,235.902463806,458.475364114
 02/07  14:00:00,232.391376204,429.334845417
 02/07  15:00:00,228.625176931,404.433797026
 02/07  16:00:00,225.235616296,387.134609679
 02/07  17:00:00,225.256354595,380.00117812699995
 02/07  18:00:00,235.432107742,381.845238605
 02/07  19:00:00,238.387476663,390.57594598
 02/07  20:00:00,215.61928673,399.079263394
 02/07  21:00:00,190.991256476,411.037106671
 02/07  22:00:00,135.678296278,389.173549115
 02/07  23:00:00,78.8115435669,3.49953669919
 02/07  24:00:00,124.094623712,28.3523045723
 02/08  01:00:00,101.07312768799999,57.6990792553
 02/08  02:00:00,95.5794289048,62.7754086788
 02/08  03:00:00,91.2000718708,52.820020441800004
 02/08  04:00:00,96.0825906151,84.43850879109999
 02/08  05:00:00,102.10223152799999,80.2916491786
 02/08  06:00:00,97.3046673226,65.9438749188
 02/08  07:00:00,139.26149853,575.612816523
 02/08  08:00:00,138.138710017,515.2999143019999
 02/08  09:00:00,211.05900507200002,465.613276384
 02/08  10:00:00,235.14742555200002,408.37718360699995
 02/08  11:00:00,225.307641778,373.20969760599996
 02/08  12:00:00,256.26417383,336.137791225
 02/08  13:00:00,236.08636444799998,311.137386784
 02/08  14:00:00,232.716604614,290.36826061200003
 02/08  15:00:00,228.95176594,281.936314398
 02/08  16:00:00,225.592254118,276.261933273
 02/08  17:00:00,225.639902555,279.808461916
 02/08  18:00:00,235.83525634900002,289.239750608
 02/08  19:00:00,238.629149488,303.268361307
 02/08  20:00:00,222.52868539,316.578623745
 02/08  21:00:00,197.540068551,330.227145197
 02/08  22:00:00,140.64514675799998,308.949989835
 02/08  23:00:00,79.377104637,3.49952378698
 02/08  24:00:00,115.168212958,2.355
 02/09  01:00:00,88.34317717319999,11.9993589197
 02/09  02:00:00,90.8317099735,29.9870491536
 02/09  03:00:00,86.90223147489999,23.8311273252
 02/09  04:00:00,92.76350387709999,41.1186113621
 02/09  05:00:00,100.70217404,43.6595232587
 02/09  06:00:00,97.9242976274,36.0906650287
 02/09  07:00:00,139.601226268,476.816093751
 02/09  08:00:00,138.59654345200002,425.351646976
 02/09  09:00:00,211.35494462900002,373.677588637
 02/09  10:00:00,235.650258587,304.86608683400004
 02/09  11:00:00,226.25386168900002,266.04186951400004
 02/09  12:00:00,257.511799927,226.28833148099997
 02/09  13:00:00,238.867414467,199.195416219
 02/09  14:00:00,236.65786918900002,185.818325351
 02/09  15:00:00,234.039440192,174.895870917
 02/09  16:00:00,231.487889394,163.563887117
 02/09  17:00:00,231.54965928200002,172.48705229799998
 02/09  18:00:00,240.92128488900002,193.08979427900002
 02/09  19:00:00,242.359651237,211.331347198
 02/09  20:00:00,226.28791900299998,229.157344476
 02/09  21:00:00,200.468560297,245.782989963
 02/09  22:00:00,142.352206068,227.10564908900002
 02/09  23:00:00,82.0776068694,2.355
 02/09  24:00:00,117.214833467,3.49936463821
 02/10  01:00:00,85.5591154797,2.355
 02/10  02:00:00,78.1404010711,2.355
 02/10  03:00:00,91.114679724,31.133450915999997
 02/10  04:00:00,91.10162060270001,32.474619420500005
 02/10  05:00:00,109.359995035,26.853146460100003
 02/10  06:00:00,115.611996811,47.5092853042
 02/10  07:00:00,156.387607218,466.674584098
 02/10  08:00:00,147.890836551,425.985268774
 02/10  09:00:00,211.493268506,375.717285568
 02/10  10:00:00,235.58818145700002,311.293656025
 02/10  11:00:00,226.106144252,271.928754792
 02/10  12:00:00,258.42198274,237.425099182
 02/10  13:00:00,240.52450892099998,210.22848324400002
 02/10  14:00:00,239.02851269,183.75605100299998
 02/10  15:00:00,235.89332785599998,162.523985273
 02/10  16:00:00,232.243648278,154.134878851
 02/10  17:00:00,233.067243235,163.249894369
 02/10  18:00:00,243.301599997,178.309437142
 02/10  19:00:00,244.98366963900003,196.624437388
 02/10  20:00:00,223.37456773,201.674914125
 02/10  21:00:00,198.905926832,210.540442701
 02/10  22:00:00,142.91740295,179.482120883
 02/10  23:00:00,87.9938435968,2.355
 02/10  24:00:00,122.28159690000001,3.4993545925199996
 02/11  01:00:00,89.37057777870001,1.77125
 02/11  02:00:00,80.6921225009,2.91565496125
 02/11  03:00:00,79.0782471606,1.77125
 02/11  04:00:00,78.1328356424,1.77125
 02/11  05:00:00,88.26706429030001,9.049658699730001
 02/11  06:00:00,95.923204114,22.5487849725
 02/11  07:00:00,125.89536010299999,403.71470852699997
 02/11  08:00:00,124.69490485799999,382.257621561
 02/11  09:00:00,184.043387354,349.729679668
 02/11  10:00:00,201.82193241,287.218852261
 02/11  11:00:00,228.996718886,243.013194506
 02/11  12:00:00,260.734569752,207.354726866
 02/11  13:00:00,242.51645619599998,181.75763256
 02/11  14:00:00,240.937978376,160.55465519
 02/11  15:00:00,237.67299733,145.01850825399998
 02/11  16:00:00,234.46423859,137.125136005
 02/11  17:00:00,234.37434205,140.931367711
 02/11  18:00:00,243.16168644099997,167.342014765
 02/11  19:00:00,229.48686066099998,211.309178237
 02/11  20:00:00,183.22853736599998,232.689017503
 02/11  21:00:00,172.713868726,239.63252189099998
 02/11  22:00:00,129.642427615,213.06341416400002
 02/11  23:00:00,81.76399772890001,2.91577743454
 02/11  24:00:00,117.013072079,1.77125
 02/12  01:00:00,86.3127635694,1.77125
 02/12  02:00:00,78.8276433306,2.9155599985799996
 02/12  03:00:00,77.92642732819999,1.77125
 02/12  04:00:00,86.04374891799999,17.455831986099998
 02/12  05:00:00,92.6446677266,17.1851896304
 02/12  06:00:00,96.6497813599,29.706073932
 02/12  07:00:00,126.52726133899999,429.79829850000004
 02/12  08:00:00,124.06431383799999,377.82100915
 02/12  09:00:00,159.908238352,330.91184178599997
 02/12  10:00:00,133.11464168700002,320.15993046
 02/12  11:00:00,167.79970399200002,293.017687881
 02/12  12:00:00,198.511542665,281.780305633
 02/12  13:00:00,206.098854158,259.485735542
 02/12  14:00:00,203.81008718599998,252.92281803400002
 02/12  15:00:00,199.581808692,251.56952004099998
 02/12  16:00:00,196.004690521,250.870422775
 02/12  17:00:00,195.696547622,256.162493821
 02/12  18:00:00,176.69129730000003,304.242351594
 02/12  19:00:00,185.729320863,329.844000892
 02/12  20:00:00,166.086522508,336.71917064400003
 02/12  21:00:00,157.226043831,341.288759034
 02/12  22:00:00,142.247030126,300.280495171
 02/12  23:00:00,79.5426824117,1.77125
 02/12  24:00:00,114.991087596,1.77125
 02/13  01:00:00,85.4055338168,3.49923907012
 02/13  02:00:00,86.9360539907,15.9185548814
 02/13  03:00:00,86.88349775510001,16.5583711797
 02/13  04:00:00,91.0781113547,29.4893713277
 02/13  05:00:00,97.6693723052,29.5789148144
 02/13  06:00:00,92.8104063072,23.919944212199997
 02/13  07:00:00,139.71689830100001,435.371900226
 02/13  08:00:00,135.256235072,388.673506248
 02/13  09:00:00,211.362151662,353.199482356
 02/13  10:00:00,235.48434632099998,312.133563885
 02/13  11:00:00,225.800800935,295.136807561
 02/13  12:00:00,256.494513803,275.82203143099997
 02/13  13:00:00,236.280235835,256.7365694
 02/13  14:00:00,233.268783811,248.702965562
 02/13  15:00:00,229.398661705,245.602184095
 02/13  16:00:00,225.998553271,246.18789576700001
 02/13  17:00:00,225.98201811400003,252.411899748
 02/13  18:00:00,236.118311533,273.422807794
 02/13  19:00:00,238.75930224200002,293.360816533
 02/13  20:00:00,222.55471408900002,310.18009507
 02/13  21:00:00,197.67707748,321.119449862
 02/13  22:00:00,140.705562225,299.11239274900004
 02/13  23:00:00,79.4521281714,3.4995341328099996
 02/13  24:00:00,115.185157584,2.355
 02/14  01:00:00,92.6771297085,22.9381711248
 02/14  02:00:00,90.69453650540001,40.0592645112
 02/14  03:00:00,91.0714709543,41.8317192183
 02/14  04:00:00,86.8440130336,32.2903710052
 02/14  05:00:00,117.672349849,50.276704316499995
 02/14  06:00:00,118.06883064600001,50.149907566
 02/14  07:00:00,156.19095757,481.203023765
 02/14  08:00:00,144.139222325,440.683295515
 02/14  09:00:00,211.263405683,401.912697784
 02/14  10:00:00,235.21426400400003,361.083152075
 02/14  11:00:00,225.48485465099998,343.174143491
 02/14  12:00:00,256.35926556,328.955386966
 02/14  13:00:00,236.11225544599998,322.893333253
 02/14  14:00:00,232.82708046599998,309.121416283
 02/14  15:00:00,228.979152823,309.781964863
 02/14  16:00:00,225.551951057,306.82156901400003
 02/14  17:00:00,225.548433085,311.061985965
 02/14  18:00:00,235.69163481,321.617730946
 02/14  19:00:00,238.521747543,338.59161274
 02/14  20:00:00,215.65699279700002,355.588358168
 02/14  21:00:00,191.13055255,374.47669000900004
 02/14  22:00:00,135.738898371,355.21100698699996
 02/14  23:00:00,78.9892930368,3.49950082419
 02/14  24:00:00,123.775874503,25.455620405599998
 02/15  01:00:00,92.73892444450001,32.2339711941
 02/15  02:00:00,95.5353783128,69.32479828550001
 02/15  03:00:00,96.4277322534,80.5042681969
 02/15  04:00:00,90.1584914914,64.7715389558
 02/15  05:00:00,102.469007353,107.856803286
 02/15  06:00:00,102.46376152200001,103.59883404700001
 02/15  07:00:00,139.458131069,610.686978168
 02/15  08:00:00,134.642025064,568.517026179
 02/15  09:00:00,211.020242968,507.797844742
 02/15  10:00:00,234.98101145299998,437.19311837
 02/15  11:00:00,225.18535794,401.18843886300004
 02/15  12:00:00,256.21027604299996,368.897852846
 02/15  13:00:00,236.007150355,346.98856585
 02/15  14:00:00,232.57190245099997,327.257864722
 02/15  15:00:00,228.775005322,314.437246674
 02/15  16:00:00,225.364429875,308.147946365
 02/15  17:00:00,225.357621913,310.270924348
 02/15  18:00:00,235.50350319400002,330.49064984299997
 02/15  19:00:00,238.410126079,357.069660712
 02/15  20:00:00,222.134548011,384.287444653
 02/15  21:00:00,197.14011362099998,417.14907405199995
 02/15  22:00:00,140.41105979600002,406.26655572199996
 02/15  23:00:00,78.7501865483,2.355
 02/15  24:00:00,124.520009369,36.2830826884
 02/16  01:00:00,101.66898625799999,75.2393832752
 02/16  02:00:00,95.4510473835,89.66132426530001
 02/16  03:00:00,90.9962931148,81.22298494270001
 02/16  04:00:00,96.11352033700001,130.485924393
 02/16  05:00:00,104.49202612200001,150.98695162299998
 02/16  06:00:00,99.3622934968,124.72801068
 02/16  07:00:00,139.0517716,696.5790320489999
 02/16  08:00:00,134.572085361,627.9990026869999
 02/16  09:00:00,211.002401224,552.908709102
 02/16  10:00:00,234.978260415,479.898380236
 02/16  11:00:00,225.17268995599997,431.01592549199995
 02/16  12:00:00,256.213755142,380.502016541
 02/16  13:00:00,236.02948831900002,339.535822516
 02/16  14:00:00,232.552447756,317.18754042
 02/16  15:00:00,228.73248674799999,306.017377124
 02/16  16:00:00,225.36037848,298.46848723799997
 02/16  17:00:00,225.407735135,297.537964453
 02/16  18:00:00,235.599660429,308.826750443
 02/16  19:00:00,238.48019547099997,321.917897787
 02/16  20:00:00,222.32389880099998,332.503639238
 02/16  21:00:00,197.32164843299998,346.71319427599997
 02/16  22:00:00,140.51677263,323.785462257
 02/16  23:00:00,79.17086991890001,2.355
 02/16  24:00:00,115.093515799,3.4993719557699996
 02/17  01:00:00,92.6700798529,21.3540786724
 02/17  02:00:00,90.9063696471,35.9962935503
 02/17  03:00:00,90.98220357139999,38.0280650276
 02/17  04:00:00,89.74753528469999,31.0723046007
 02/17  05:00:00,118.555857801,49.1292462464
 02/17  06:00:00,116.92224364200001,47.306232546000004
 02/17  07:00:00,156.207378128,467.46404601800003
 02/17  08:00:00,144.25618308,425.61918594
 02/17  09:00:00,211.377355275,380.68204738800006
 02/17  10:00:00,235.565409232,327.48386743099996
 02/17  11:00:00,225.71313696099998,300.595442773
 02/17  12:00:00,256.52055361099997,269.558400864
 02/17  13:00:00,236.680340111,254.213829147
 02/17  14:00:00,233.68182332799998,245.438097574
 02/17  15:00:00,230.037217651,237.34730429799998
 02/17  16:00:00,227.47659161400003,229.338867627
 02/17  17:00:00,227.867705865,231.55990629299998
 02/17  18:00:00,234.23524801599999,242.794972389
 02/17  19:00:00,239.426416923,262.909205869
 02/17  20:00:00,216.49821109400003,280.332652594
 02/17  21:00:00,191.84001399099998,288.373930582
 02/17  22:00:00,136.148315982,264.309657136
 02/17  23:00:00,80.2721381159,2.355
 02/17  24:00:00,115.71362439399999,2.355
 02/18  01:00:00,82.099784855,2.9157129666
 02/18  02:00:00,88.8212932209,27.318387551799997
 02/18  03:00:00,88.8417879588,32.1506203425
 02/18  04:00:00,84.6500004129,26.5211467402
 02/18  05:00:00,99.06131875690001,49.2677405903
 02/18  06:00:00,98.6841893555,54.640494181099996
 02/18  07:00:00,125.49101774299999,510.096284634
 02/18  08:00:00,120.795654326,467.486858078
 02/18  09:00:00,183.731425492,431.26252496
 02/18  10:00:00,200.71414642,373.615649015
 02/18  11:00:00,225.633763565,329.234148217
 02/18  12:00:00,256.43988275,304.003740026
 02/18  13:00:00,236.216597893,286.626888253
 02/18  14:00:00,233.13169067200002,262.901555212
 02/18  15:00:00,229.310207447,252.447740132
 02/18  16:00:00,225.918313737,254.44353447900002
 02/18  17:00:00,225.93726015400003,253.25627757700002
 02/18  18:00:00,232.74605220799998,257.096838463
 02/18  19:00:00,225.088157797,278.767028975
 02/18  20:00:00,179.649838934,295.032458754
 02/18  21:00:00,169.426120548,309.4597043
 02/18  22:00:00,126.576283546,292.250261318
 02/18  23:00:00,77.268693009,1.77125
 02/18  24:00:00,112.94479022799999,2.91568618388
 02/19  01:00:00,86.03181857850001,11.6848359917
 02/19  02:00:00,88.6452675123,32.812154438200004
 02/19  03:00:00,84.374848324,26.5868202112
 02/19  04:00:00,89.36308793180001,45.414699974399994
 02/19  05:00:00,99.563719675,49.0305183425
 02/19  06:00:00,95.3596282368,37.9785030623
 02/19  07:00:00,125.275505325,546.4780463459999
 02/19  08:00:00,120.748835999,504.592401009
 02/19  09:00:00,156.190603067,444.76012445599997
 02/19  10:00:00,128.509410121,427.19523254800004
 02/19  11:00:00,163.337980293,387.40023108300005
 02/19  12:00:00,194.75932800299998,366.37401290800005
 02/19  13:00:00,201.78366205900002,329.104187951
 02/19  14:00:00,199.052107813,316.253306292
 02/19  15:00:00,195.291516795,303.89060031599996
 02/19  16:00:00,191.888108333,297.71905847700003
 02/19  17:00:00,191.903646398,305.392182129
 02/19  18:00:00,170.231496431,363.623102417
 02/19  19:00:00,183.533656089,385.36496087800003
 02/19  20:00:00,163.50346667600002,395.733624548
 02/19  21:00:00,154.696754433,409.20035517300005
 02/19  22:00:00,140.5332547,382.35058678400003
 02/19  23:00:00,76.795161143,2.91570266949
 02/19  24:00:00,121.527555476,24.7779358905
 02/20  01:00:00,90.44575188629999,31.6420022221
 02/20  02:00:00,92.0214239716,57.5376422551
 02/20  03:00:00,94.0809476173,69.8958594736
 02/20  04:00:00,89.8489590682,61.2409446919
 02/20  05:00:00,98.6830490006,90.9673367242
 02/20  06:00:00,100.11085714299999,93.37575558530001
 02/20  07:00:00,125.292000825,624.066390644
 02/20  08:00:00,120.574814269,575.519330731
 02/20  09:00:00,156.12583072299998,503.78097766
 02/20  10:00:00,128.592473975,471.98063876599997
 02/20  11:00:00,163.389422584,411.351091778
 02/20  12:00:00,194.82960413,378.108496092
 02/20  13:00:00,202.176778283,341.651942071
 02/20  14:00:00,199.378275286,325.082786273
 02/20  15:00:00,195.536056828,325.218259171
 02/20  16:00:00,192.09290706599998,323.198927203
 02/20  17:00:00,192.04928121400002,320.901361191
 02/20  18:00:00,170.351151041,378.188969866
 02/20  19:00:00,183.583818094,411.250238174
 02/20  20:00:00,163.479628314,437.175092843
 02/20  21:00:00,154.659518449,465.560066915
 02/20  22:00:00,140.49358211700002,441.67677780400004
 02/20  23:00:00,76.5813298705,1.77125
 02/20  24:00:00,121.60671507,31.6199003152
 02/21  01:00:00,99.5256173258,59.6126253949
 02/21  02:00:00,96.33759242290002,71.8933222105
 02/21  03:00:00,92.1018953557,62.41622496229999
 02/21  04:00:00,94.3535628323,91.4678438869
 02/21  05:00:00,118.695977294,97.23515313840001
 02/21  06:00:00,114.496913943,77.68699995189999
 02/21  07:00:00,155.754507366,601.502719501
 02/21  08:00:00,143.872005215,535.3009392390001
 02/21  09:00:00,211.158576563,470.720513895
 02/21  10:00:00,235.218411212,405.453234924
 02/21  11:00:00,225.47191675,368.07461618300005
 02/21  12:00:00,256.361637089,325.285291625
 02/21  13:00:00,236.332541217,291.963070689
 02/21  14:00:00,233.14550236099998,263.76706710400003
 02/21  15:00:00,229.83785724700002,236.24083164700002
 02/21  16:00:00,226.717038712,224.323084588
 02/21  17:00:00,226.79713369,227.463546134
 02/21  18:00:00,233.59286051799998,233.70925217200002
 02/21  19:00:00,239.379749883,248.678026037
 02/21  20:00:00,216.634374385,262.617423705
 02/21  21:00:00,192.059836801,266.48117572
 02/21  22:00:00,136.36101160299998,240.967254284
 02/21  23:00:00,81.0179831379,2.355
 02/21  24:00:00,116.54238395700001,2.355
 02/22  01:00:00,85.19564158850001,3.49929156643
 02/22  02:00:00,86.80284564200001,18.0377870648
 02/22  03:00:00,86.8173394069,20.419741414
 02/22  04:00:00,91.2813873705,39.192599914
 02/22  05:00:00,97.91149360360001,42.4255975396
 02/22  06:00:00,98.5021862591,38.558941259099996
 02/22  07:00:00,136.189852155,507.93464603800004
 02/22  08:00:00,135.073738316,458.224409164
 02/22  09:00:00,211.26775262200002,397.942182503
 02/22  10:00:00,235.43809803099998,325.508159644
 02/22  11:00:00,226.06265762400002,277.27999715
 02/22  12:00:00,257.681261355,233.525862577
 02/22  13:00:00,239.500331026,206.87357152
 02/22  14:00:00,237.33994281900002,197.391310927
 02/22  15:00:00,234.046572611,193.078062263
 02/22  16:00:00,231.02867971700002,186.676443862
 02/22  17:00:00,230.804417795,194.562777667
 02/22  18:00:00,236.493289458,211.16462007299998
 02/22  19:00:00,241.4722227,224.50784688599998
 02/22  20:00:00,225.45232730200001,236.923044639
 02/22  21:00:00,200.238289417,244.340957858
 02/22  22:00:00,143.035134248,219.29386919799998
 02/22  23:00:00,82.8862593593,3.4995439579000003
 02/22  24:00:00,118.07089625100001,2.355
 02/23  01:00:00,86.8190881765,3.49925717828
 02/23  02:00:00,79.30945963319999,2.355
 02/23  03:00:00,78.50465778659999,2.355
 02/23  04:00:00,86.9296508982,16.8428096276
 02/23  05:00:00,98.0122105832,25.036038749499998
 02/23  06:00:00,98.1028791451,26.209234212
 02/23  07:00:00,137.17677491799998,400.09482279800005
 02/23  08:00:00,137.39917503200002,359.55227593800004
 02/23  09:00:00,214.38619230400002,319.26459268400004
 02/23  10:00:00,240.57332665400003,279.059493578
 02/23  11:00:00,231.310082284,265.716074272
 02/23  12:00:00,262.405924023,249.691446145
 02/23  13:00:00,243.745566905,243.007357159
 02/23  14:00:00,241.282054885,234.29674718200002
 02/23  15:00:00,237.72942911599998,229.11244149799998
 02/23  16:00:00,234.157978746,226.631537426
 02/23  17:00:00,234.436603005,222.17785838400002
 02/23  18:00:00,241.836405531,221.340021947
 02/23  19:00:00,246.95452566900002,232.791290344
 02/23  20:00:00,231.890400193,237.332001958
 02/23  21:00:00,206.92433823,232.12612606599998
 02/23  22:00:00,149.926547449,196.810455306
 02/23  23:00:00,90.8470890344,3.49949561926
 02/23  24:00:00,125.73644473899999,2.355
 02/24  01:00:00,95.977727109,2.355
 02/24  02:00:00,88.5689137549,3.49932320268
 02/24  03:00:00,87.534201706,2.355
 02/24  04:00:00,86.4529075592,2.355
 02/24  05:00:00,107.832496604,3.4992724815300007
 02/24  06:00:00,106.901687805,2.355
 02/24  07:00:00,157.623239784,361.219206116
 02/24  08:00:00,149.63886292799998,334.181456017
 02/24  09:00:00,215.813958438,306.925184108
 02/24  10:00:00,240.963280328,276.63972166400004
 02/24  11:00:00,230.90530136299998,269.166644345
 02/24  12:00:00,260.111958721,260.320550077
 02/24  13:00:00,239.196042237,260.029514404
 02/24  14:00:00,236.07217842900002,256.39908462
 02/24  15:00:00,231.89573341099998,254.333941931
 02/24  16:00:00,227.825064227,252.17714237
 02/24  17:00:00,227.018698857,261.988729929
 02/24  18:00:00,232.84976108599997,274.564360497
 02/24  19:00:00,238.81426945799998,283.97576654
 02/24  20:00:00,215.87071511599999,295.030112048
 02/24  21:00:00,191.549392044,303.965904023
 02/24  22:00:00,135.97768871600002,281.112310788
 02/24  23:00:00,79.5090984988,2.69724278622
 02/24  24:00:00,115.220735712,3.15697338962
 02/25  01:00:00,85.94972297540001,10.853094486600002
 02/25  02:00:00,88.6365948966,30.144504816199998
 02/25  03:00:00,84.2078297863,22.8496791727
 02/25  04:00:00,88.42364690469999,38.1692201706
 02/25  05:00:00,95.2814857305,36.8552924439
 02/25  06:00:00,91.10923816370001,28.4116203285
 02/25  07:00:00,121.974572001,463.448606675
 02/25  08:00:00,120.90491546,415.81573933199996
 02/25  09:00:00,183.800488893,385.666176469
 02/25  10:00:00,200.908153709,347.267875854
 02/25  11:00:00,225.704136076,313.580342192
 02/25  12:00:00,256.45577830599996,291.263321291
 02/25  13:00:00,236.262405945,283.17565644
 02/25  14:00:00,233.105466587,271.816426557
 02/25  15:00:00,229.27441591299998,267.552103589
 02/25  16:00:00,225.913995326,264.022191249
 02/25  17:00:00,225.944307281,262.21127097
 02/25  18:00:00,232.71811443,266.180848353
 02/25  19:00:00,225.03229048,286.925122415
 02/25  20:00:00,179.47077631,304.82174566099997
 02/25  21:00:00,169.24797997299999,313.55824230400003
 02/25  22:00:00,126.492866645,286.06767732
 02/25  23:00:00,77.21471819,2.9158528857499997
 02/25  24:00:00,112.941916783,1.77125
 02/26  01:00:00,81.7192627558,2.9156258359200002
 02/26  02:00:00,88.5340142649,28.8176606135
 02/26  03:00:00,88.5675363884,32.5041714105
 02/26  04:00:00,84.3183904073,27.4167474167
 02/26  05:00:00,96.6023953134,45.169475336400005
 02/26  06:00:00,97.9379725128,48.7551765848
 02/26  07:00:00,122.044585528,525.826009566
 02/26  08:00:00,120.77685393899999,488.22037598199995
 02/26  09:00:00,156.232231158,426.464683397
 02/26  10:00:00,128.658354181,402.86827720300005
 02/26  11:00:00,163.461871796,364.504789085
 02/26  12:00:00,194.82301591900003,340.397363007
 02/26  13:00:00,201.951394797,303.68837273599996
 02/26  14:00:00,199.263836249,283.667390401
 02/26  15:00:00,195.47800147900003,273.32189055099997
 02/26  16:00:00,192.079628337,268.231202612
 02/26  17:00:00,192.08162098,273.668261298
 02/26  18:00:00,170.401016785,332.406635724
 02/26  19:00:00,183.63122114799998,359.59600776400003
 02/26  20:00:00,163.62603180600001,373.282447584
 02/26  21:00:00,154.840945742,384.08982317
 02/26  22:00:00,140.618646304,353.343427029
 02/26  23:00:00,77.01127060479999,1.77125
 02/26  24:00:00,112.849506853,2.91553102361
 02/27  01:00:00,97.0202264083,33.1269908071
 02/27  02:00:00,90.7845752269,35.1112724774
 02/27  03:00:00,86.74411463450001,28.6142475852
 02/27  04:00:00,90.95737560209999,44.1792019532
 02/27  05:00:00,101.253166461,44.909494953599996
 02/27  06:00:00,96.63536745020001,35.9281964746
 02/27  07:00:00,136.209263285,477.957973231
 02/27  08:00:00,135.218929215,430.947953244
 02/27  09:00:00,211.34258697400003,395.067366597
 02/27  10:00:00,235.59727988900002,347.20183638099996
 02/27  11:00:00,225.77639307299998,325.12439353900004
 02/27  12:00:00,256.489488366,301.801276014
 02/27  13:00:00,236.358065713,290.235004045
 02/27  14:00:00,233.19779828900002,281.961801978
 02/27  15:00:00,229.2927781,278.039857824
 02/27  16:00:00,225.837099679,275.815503515
 02/27  17:00:00,225.803373881,280.97470435599996
 02/27  18:00:00,232.53978674599998,289.56040876099996
 02/27  19:00:00,238.675938884,299.263545893
 02/27  20:00:00,222.44170801200002,311.282044731
 02/27  21:00:00,197.56598037900002,329.711571983
 02/27  22:00:00,140.63483953,319.850160027
 02/27  23:00:00,79.2723880158,2.355
 02/27  24:00:00,115.11211036899999,2.355
 02/28  01:00:00,96.8491936073,37.7918139504
 02/28  02:00:00,90.942005286,41.9843954556
 02/28  03:00:00,90.496496296,36.3705231795
 02/28  04:00:00,94.68042326870001,61.7306521637
 02/28  05:00:00,118.936936593,66.4606339383
 02/28  06:00:00,114.70733559899999,54.3355641643
 02/28  07:00:00,152.529114542,545.871726386
 02/28  08:00:00,144.07024157200001,481.559790539
 02/28  09:00:00,211.27296140400003,422.32062136699994
 02/28  10:00:00,235.34585276400003,361.48004272800006
 02/28  11:00:00,225.565780155,324.76450702
 02/28  12:00:00,256.364004862,290.656781604
 02/28  13:00:00,236.129457035,266.633751555
 02/28  14:00:00,232.82428927700002,249.82028046
 02/28  15:00:00,229.11068259400002,237.43277417099998
 02/28  16:00:00,225.780785921,230.97029996400002
 02/28  17:00:00,225.70541263200002,237.575075992
 02/28  18:00:00,229.036312514,258.941450138
 02/28  19:00:00,238.629921948,276.59065751099996
 02/28  20:00:00,215.887692958,289.646636862
 02/28  21:00:00,191.36018179299998,303.071924315
 02/28  22:00:00,135.861896239,288.54129154099996
 02/28  23:00:00,79.3385789023,3.4995187209500003
 02/28  24:00:00,115.157612679,2.355
 03/01  01:00:00,92.6425113402,24.5487591769
 03/01  02:00:00,86.4364691952,27.666007530799998
 03/01  03:00:00,92.6057487976,51.2121665187
 03/01  04:00:00,95.2255969003,60.200376462799994
 03/01  05:00:00,98.8014226444,50.3928455805
 03/01  06:00:00,101.57937085200001,77.323863697
 03/01  07:00:00,136.141781772,544.049069866
 03/01  08:00:00,134.81633367700002,498.33240448199996
 03/01  09:00:00,211.12014596,450.89231546
 03/01  10:00:00,235.238562926,393.200875064
 03/01  11:00:00,225.51678691599997,345.655170519
 03/01  12:00:00,256.398100878,292.87173682900004
 03/01  13:00:00,236.47705655299998,257.152753419
 03/01  14:00:00,233.563791858,235.10140904099998
 03/01  15:00:00,230.108359027,214.769342372
 03/01  16:00:00,226.691214782,205.951588614
 03/01  17:00:00,226.381663933,217.873182027
 03/01  18:00:00,229.34818770400003,236.37449293900002
 03/01  19:00:00,238.691261674,268.971125606
 03/01  20:00:00,222.459714883,298.52324694
 03/01  21:00:00,197.53373856099998,312.27097691299997
 03/01  22:00:00,140.642779531,295.769914601
 03/01  23:00:00,79.3972008908,3.49954171179
 03/01  24:00:00,115.16727908600001,2.355
 03/02  01:00:00,92.61378766780001,24.3182064256
 03/02  02:00:00,86.7303230887,30.5860540971
 03/02  03:00:00,90.8859994112,48.4321842947
 03/02  04:00:00,93.0023058358,46.0451600418
 03/02  05:00:00,97.7797926797,37.084825901799995
 03/02  06:00:00,102.552566981,58.55119626810001
 03/02  07:00:00,136.299658983,493.78200362800004
 03/02  08:00:00,135.087270432,451.822004949
 03/02  09:00:00,211.271865446,409.810465819
 03/02  10:00:00,235.464382818,357.775443439
 03/02  11:00:00,225.64358654400002,313.269527005
 03/02  12:00:00,256.42337363400003,275.611774131
 03/02  13:00:00,236.275060448,259.430438652
 03/02  14:00:00,233.368198061,237.41765806400002
 03/02  15:00:00,229.80840880099998,222.493485404
 03/02  16:00:00,226.58708781200002,213.26576287
 03/02  17:00:00,226.60906285,215.448808044
 03/02  18:00:00,229.7880634,228.940093335
 03/02  19:00:00,238.86422195900002,253.31240391900002
 03/02  20:00:00,222.699056851,265.569039695
 03/02  21:00:00,197.77263006,272.411920709
 03/02  22:00:00,140.77314119,256.304377571
 03/02  23:00:00,79.6794523298,2.355
 03/02  24:00:00,115.303158311,3.49939736241
 03/03  01:00:00,84.3726485432,2.355
 03/03  02:00:00,77.759370025,2.355
 03/03  03:00:00,90.97344449549999,28.0435460813
 03/03  04:00:00,91.0756767516,28.0295447597
 03/03  05:00:00,109.19305882799999,22.0152387835
 03/03  06:00:00,113.87553479299999,38.5478818154
 03/03  07:00:00,149.766612374,429.36076538699996
 03/03  08:00:00,144.805044603,386.93553401699995
 03/03  09:00:00,212.344865227,339.669447468
 03/03  10:00:00,238.30758801,295.717836958
 03/03  11:00:00,229.65342310000003,269.190613282
 03/03  12:00:00,260.717808287,242.625198707
 03/03  13:00:00,241.86276847599999,215.254720983
 03/03  14:00:00,239.71484638299998,194.03073208
 03/03  15:00:00,236.60888492599997,176.81468024
 03/03  16:00:00,234.038245907,167.280289485
 03/03  17:00:00,234.244829881,172.395751381
 03/03  18:00:00,237.247134845,180.152066152
 03/03  19:00:00,245.295797938,194.910765254
 03/03  20:00:00,223.04908742400002,210.137541492
 03/03  21:00:00,197.875850339,220.46947496099997
 03/03  22:00:00,141.618052141,200.56455265900001
 03/03  23:00:00,86.957124873,2.355
 03/03  24:00:00,121.611991441,3.4993566496300006
 03/04  01:00:00,88.702977472,1.77125
 03/04  02:00:00,81.016662009,1.77125
 03/04  03:00:00,80.0770265508,2.91561142916
 03/04  04:00:00,79.3829361008,1.77125
 03/04  05:00:00,89.49760314129999,9.144719508189999
 03/04  06:00:00,97.7575814476,19.6629315893
 03/04  07:00:00,120.32686049,384.685523655
 03/04  08:00:00,123.28755586700001,348.02163067
 03/04  09:00:00,186.926049774,300.314743996
 03/04  10:00:00,205.89003022400001,250.12842124099998
 03/04  11:00:00,231.45124593,220.761277938
 03/04  12:00:00,262.289758931,191.57304593
 03/04  13:00:00,243.73452474799998,171.334701046
 03/04  14:00:00,242.044870898,148.676567423
 03/04  15:00:00,238.97584017,130.802713226
 03/04  16:00:00,236.796859381,122.445783975
 03/04  17:00:00,236.217631421,132.982623809
 03/04  18:00:00,238.74587542,154.656294231
 03/04  19:00:00,232.238815732,183.51294998900002
 03/04  20:00:00,186.619633005,210.134901402
 03/04  21:00:00,175.116066236,229.572418861
 03/04  22:00:00,130.69951001200002,216.22236229700002
 03/04  23:00:00,81.9012748124,1.77125
 03/04  24:00:00,116.881564559,2.9156934252599997
 03/05  01:00:00,85.8131934175,1.77125
 03/05  02:00:00,78.498919498,2.91559792562
 03/05  03:00:00,77.8225330796,1.77125
 03/05  04:00:00,86.054128299,15.323136888499999
 03/05  05:00:00,92.6778271674,19.0123731532
 03/05  06:00:00,92.3192620358,20.473000093299998
 03/05  07:00:00,119.320297833,457.229157175
 03/05  08:00:00,121.664492897,406.83175098099997
 03/05  09:00:00,158.22097054,337.325525558
 03/05  10:00:00,133.416154258,297.830012907
 03/05  11:00:00,169.824724006,243.105802102
 03/05  12:00:00,201.27334159400002,217.11729561799999
 03/05  13:00:00,210.499221215,193.973869961
 03/05  14:00:00,208.817076808,175.091227856
 03/05  15:00:00,205.262746692,177.659349413
 03/05  16:00:00,203.023780855,175.44116101900002
 03/05  17:00:00,204.032794076,175.38652717
 03/05  18:00:00,178.419391978,230.90034255
 03/05  19:00:00,192.64357251,259.070524338
 03/05  20:00:00,174.275700108,258.125092727
 03/05  21:00:00,165.47194967299998,261.278226357
 03/05  22:00:00,150.068705,225.605292516
 03/05  23:00:00,87.7658229843,2.91570805957
 03/05  24:00:00,122.02332748,1.77125
 03/06  01:00:00,92.80909021030001,3.49928015604
 03/06  02:00:00,84.57782619560001,2.355
 03/06  03:00:00,83.0721004904,2.355
 03/06  04:00:00,90.4333526456,18.6158855649
 03/06  05:00:00,95.94364204440001,17.0793659049
 03/06  06:00:00,100.004383499,25.035842060100002
 03/06  07:00:00,135.116356998,384.73545745900003
 03/06  08:00:00,138.44704227,343.961091855
 03/06  09:00:00,215.37776719400003,295.95765541099996
 03/06  10:00:00,241.151904288,260.00789293099996
 03/06  11:00:00,231.79179604700002,245.995188164
 03/06  12:00:00,262.222830471,232.031129801
 03/06  13:00:00,243.04633878299998,223.67959891900003
 03/06  14:00:00,240.80611254099998,211.750371635
 03/06  15:00:00,237.258489569,203.508175331
 03/06  16:00:00,234.176761303,195.028235946
 03/06  17:00:00,234.320404825,191.643796106
 03/06  18:00:00,236.91076831200002,200.330600143
 03/06  19:00:00,244.657630208,217.832310101
 03/06  20:00:00,227.983517377,235.90890127
 03/06  21:00:00,201.339764225,251.66699350000002
 03/06  22:00:00,142.498321132,233.74906942099997
 03/06  23:00:00,81.41538021699999,3.499494729
 03/06  24:00:00,116.583307764,2.355
 03/07  01:00:00,84.706838755,2.355
 03/07  02:00:00,78.0413030432,3.49928190415
 03/07  03:00:00,86.73953870870001,16.1439082452
 03/07  04:00:00,91.0443478753,26.9680002929
 03/07  05:00:00,113.50550336100001,30.5303390665
 03/07  06:00:00,109.058177321,23.920509424899997
 03/07  07:00:00,149.480264487,428.09253954900004
 03/07  08:00:00,144.534180737,369.52171885300004
 03/07  09:00:00,211.840941853,314.22685886700003
 03/07  10:00:00,236.065699762,273.394077944
 03/07  11:00:00,226.42824623400003,254.286504485
 03/07  12:00:00,257.084234417,230.970158147
 03/07  13:00:00,236.818671738,224.81039145900002
 03/07  14:00:00,233.515723945,222.144708769
 03/07  15:00:00,229.498948552,220.10387064
 03/07  16:00:00,225.884981189,222.773372942
 03/07  17:00:00,225.625063952,234.16603370099998
 03/07  18:00:00,228.87931982599997,250.32313414400002
 03/07  19:00:00,238.51237499,265.292885593
 03/07  20:00:00,215.55787503599998,278.394316973
 03/07  21:00:00,191.11908556,290.03745697799997
 03/07  22:00:00,135.70574550700002,271.784303734
 03/07  23:00:00,79.2156900059,2.355
 03/07  24:00:00,115.138375134,3.49939938622
 03/08  01:00:00,88.1545237023,11.3627274705
 03/08  02:00:00,90.5776013449,28.4497621212
 03/08  03:00:00,86.15756353809999,23.819651950900003
 03/08  04:00:00,90.3630414141,39.2623345777
 03/08  05:00:00,97.38529146129999,41.8409522422
 03/08  06:00:00,96.1290436344,36.2026653586
 03/08  07:00:00,132.535885557,489.875047166
 03/08  08:00:00,134.739370178,444.406244389
 03/08  09:00:00,211.050489303,401.934778495
 03/08  10:00:00,235.083906168,351.84135037699997
 03/08  11:00:00,225.24173078299998,323.325621382
 03/08  12:00:00,256.221963974,299.046489555
 03/08  13:00:00,235.99236269,280.223041552
 03/08  14:00:00,232.553036083,264.60844516099996
 03/08  15:00:00,228.77271229099998,254.66776978599998
 03/08  16:00:00,225.389719741,247.697876265
 03/08  17:00:00,225.427178888,253.331852295
 03/08  18:00:00,228.820935273,273.468649596
 03/08  19:00:00,238.51444791,294.549862756
 03/08  20:00:00,222.381491636,310.89261561
 03/08  21:00:00,197.39925951599997,325.717435104
 03/08  22:00:00,140.571076173,306.469749785
 03/08  23:00:00,79.2990562983,3.4995368827699993
 03/08  24:00:00,115.140805018,2.355
 03/09  01:00:00,92.78360277629999,23.5301956723
 03/09  02:00:00,90.6792255926,39.220834338
 03/09  03:00:00,91.1522793861,44.27383589350001
 03/09  04:00:00,91.143148235,40.1715556909
 03/09  05:00:00,102.08316951200001,66.2256638458
 03/09  06:00:00,101.82599259999999,67.8579981427
 03/09  07:00:00,132.784362754,538.369230105
 03/09  08:00:00,134.848592621,480.01704973
 03/09  09:00:00,211.152513121,418.67016855099996
 03/09  10:00:00,235.29915611200002,355.61241818699995
 03/09  11:00:00,225.454707739,320.87442293099997
 03/09  12:00:00,256.325464399,292.776380796
 03/09  13:00:00,236.117512887,267.371085185
 03/09  14:00:00,232.864863587,243.48170060299998
 03/09  15:00:00,229.06691208799998,237.856045425
 03/09  16:00:00,225.694056367,230.526505685
 03/09  17:00:00,225.775837715,230.633497313
 03/09  18:00:00,229.01636528400002,245.281632885
 03/09  19:00:00,238.605498692,270.22784613
 03/09  20:00:00,222.439543335,286.258866936
 03/09  21:00:00,197.486621277,297.28263833299997
 03/09  22:00:00,140.608172292,286.092643193
 03/09  23:00:00,79.4264508541,3.4994900632
 03/09  24:00:00,115.22849443,2.355
 03/10  01:00:00,84.2935641565,2.355
 03/10  02:00:00,81.8903097974,12.4072508387
 03/10  03:00:00,90.8191524819,27.2375013694
 03/10  04:00:00,86.4308722211,21.7344823543
 03/10  05:00:00,113.137270747,36.0499049016
 03/10  06:00:00,113.600306025,34.196827753
 03/10  07:00:00,149.51245802100001,431.461378018
 03/10  08:00:00,144.435562028,384.900119325
 03/10  09:00:00,211.50927056,336.13777806
 03/10  10:00:00,235.80954675799998,301.652037091
 03/10  11:00:00,225.964021395,290.876128757
 03/10  12:00:00,256.583342928,279.83176801
 03/10  13:00:00,236.49483754,271.62236890599996
 03/10  14:00:00,233.367492901,254.682035228
 03/10  15:00:00,229.54661992599998,243.019627155
 03/10  16:00:00,225.876121562,245.464958766
 03/10  17:00:00,225.77242905900002,249.263617483
 03/10  18:00:00,229.151026755,259.594585204
 03/10  19:00:00,238.64951253400002,280.216923392
 03/10  20:00:00,215.71322229,303.418535191
 03/10  21:00:00,191.312169513,316.73817752599996
 03/10  22:00:00,135.877650303,306.374905277
 03/10  23:00:00,79.31271892609999,2.355
 03/10  24:00:00,115.12983902299999,3.49938686698
 03/11  01:00:00,94.61783076430001,36.773475029000004
 03/11  02:00:00,88.6373962337,41.9380118216
 03/11  03:00:00,84.5727129574,31.091534832199997
 03/11  04:00:00,92.5734870026,55.0988805241
 03/11  05:00:00,100.99972733,59.916741620399996
 03/11  06:00:00,95.26684717010001,47.7005966279
 03/11  07:00:00,118.412930933,529.794135845
 03/11  08:00:00,120.762454533,463.51989277300004
 03/11  09:00:00,183.75279908099998,413.241498604
 03/11  10:00:00,200.958188643,338.321630223
 03/11  11:00:00,226.074410826,270.153529985
 03/11  12:00:00,256.99777589900003,237.631954393
 03/11  13:00:00,237.202870478,221.20576904700002
 03/11  14:00:00,234.124463267,206.11361086
 03/11  15:00:00,230.458553135,195.88803587099997
 03/11  16:00:00,227.39533678900003,186.743527836
 03/11  17:00:00,227.306406095,191.271966261
 03/11  18:00:00,230.296663654,206.10701975700002
 03/11  19:00:00,225.682382939,235.939293572
 03/11  20:00:00,180.03768042599998,248.47926405099997
 03/11  21:00:00,169.880807073,254.79700527
 03/11  22:00:00,126.960433814,236.481429878
 03/11  23:00:00,77.7336513587,2.91578157273
 03/11  24:00:00,113.15682929,1.77125
 03/12  01:00:00,82.5474350537,1.77125
 03/12  02:00:00,75.8411692335,2.91556184561
 03/12  03:00:00,75.8024361339,1.77125
 03/12  04:00:00,91.2608427107,15.6846655798
 03/12  05:00:00,95.023012313,25.642351465500003
 03/12  06:00:00,125.741611375,435.224377983
 03/12  07:00:00,124.690316451,407.521366568
 03/12  08:00:00,156.670194459,349.654542639
 03/12  09:00:00,129.769781332,327.016868187
 03/12  10:00:00,164.868006149,280.315392005
 03/12  11:00:00,196.37846261,245.910164781
 03/12  12:00:00,204.81259618099998,207.48817868900002
 03/12  13:00:00,203.00995807400002,184.62171036900003
 03/12  14:00:00,199.762894557,169.990126539
 03/12  15:00:00,197.137475249,156.18926624600002
 03/12  16:00:00,197.305433,154.179290291
 03/12  17:00:00,168.156436675,180.589571795
 03/12  18:00:00,172.98374286799998,214.957612703
 03/12  19:00:00,165.47539420200002,243.679950918
 03/12  20:00:00,156.21516486,265.234194918
 03/12  21:00:00,141.272600882,249.157263139
 03/12  22:00:00,78.514609691,2.91570950502
 03/12  23:00:00,113.806445826,1.77125
 03/12  24:00:00,82.6860808997,1.77125
 03/13  01:00:00,78.10059437529999,3.4992549300699998
 03/13  02:00:00,86.70792045649999,17.4840983161
 03/13  03:00:00,86.79804660629999,19.3375806687
 03/13  04:00:00,97.6122202602,31.5789099129
 03/13  05:00:00,97.3248125671,28.0441381963
 03/13  06:00:00,139.991778979,404.410600863
 03/13  07:00:00,138.954990395,370.904726405
 03/13  08:00:00,211.806728069,318.231727331
 03/13  09:00:00,237.471946775,270.72946151599996
 03/13  10:00:00,229.20723148599998,253.229582863
 03/13  11:00:00,260.551483254,231.947284471
 03/13  12:00:00,241.402675684,224.412454744
 03/13  13:00:00,238.328263084,214.872898946
 03/13  14:00:00,234.25198503299998,211.286016493
 03/13  15:00:00,230.78836197099997,205.58219246
 03/13  16:00:00,230.265235582,199.09650374900002
 03/13  17:00:00,229.17793947200002,204.331391795
 03/13  18:00:00,227.3916516,219.15084065599999
 03/13  19:00:00,224.146129342,242.941492448
 03/13  20:00:00,198.470188145,258.204996545
 03/13  21:00:00,141.437753371,241.714878296
 03/13  22:00:00,81.2085183186,2.355
 03/13  23:00:00,116.675670614,3.4993801439699994
 03/13  24:00:00,85.4784096625,2.355
 03/14  01:00:00,78.52665808430001,2.355
 03/14  02:00:00,86.9935200299,17.3056874774
 03/14  03:00:00,91.59225152270001,24.2133270204
 03/14  04:00:00,114.57269035799999,22.266330813000003
 03/14  05:00:00,110.741995014,17.900461192799998
 03/14  06:00:00,157.444879486,384.364151571
 03/14  07:00:00,150.12212269,335.194483154
 03/14  08:00:00,214.58703420400002,285.302309726
 03/14  09:00:00,239.97320307599998,241.43878664
 03/14  10:00:00,230.45651677799998,221.988895703
 03/14  11:00:00,261.373649216,191.37011268700002
 03/14  12:00:00,244.163010595,156.852919242
 03/14  13:00:00,245.52226420099998,131.608128547
 03/14  14:00:00,244.180238533,114.985717944
 03/14  15:00:00,239.95248362599997,113.73781019299999
 03/14  16:00:00,240.002039297,112.252712413
 03/14  17:00:00,238.782646583,120.42826187700001
 03/14  18:00:00,234.034545373,138.20148878
 03/14  19:00:00,223.99641603599997,160.873073065
 03/14  20:00:00,198.38878188299998,174.39205112099998
 03/14  21:00:00,142.145598871,146.071598751
 03/14  22:00:00,86.7239034365,3.49952870828
 03/14  23:00:00,120.906333781,2.355
 03/14  24:00:00,90.4874367527,3.49925656174
 03/15  01:00:00,82.6337768982,2.355
 03/15  02:00:00,81.6005254267,2.355
 03/15  03:00:00,80.751932591,3.49923450889
 03/15  04:00:00,86.68641259379999,2.355
 03/15  05:00:00,85.5748831575,2.355
 03/15  06:00:00,140.70069161799998,354.627985055
 03/15  07:00:00,140.401985262,319.190090381
 03/15  08:00:00,213.58332154599998,284.123624668
 03/15  09:00:00,237.754024913,252.040481398
 03/15  10:00:00,227.15670521400003,231.151936992
 03/15  11:00:00,257.32320852,216.922454205
 03/15  12:00:00,236.94802945400002,215.715064961
 03/15  13:00:00,234.25547889599997,200.857183465
 03/15  14:00:00,230.735538093,191.971498932
 03/15  15:00:00,227.63328960200002,180.768704553
 03/15  16:00:00,227.557250735,183.029458651
 03/15  17:00:00,226.940067313,201.603458037
 03/15  18:00:00,225.83112613,217.97937633799998
 03/15  19:00:00,222.66603041599998,240.422987994
 03/15  20:00:00,197.530005208,256.085308555
 03/15  21:00:00,140.573912236,242.526227968
 03/15  22:00:00,79.480148207,3.49943527704
 03/15  23:00:00,115.25826048799999,2.355
 03/15  24:00:00,84.240629003,2.355
 03/16  01:00:00,86.2624430983,20.5196124928
 03/16  02:00:00,86.3669256522,20.4558630658
 03/16  03:00:00,90.5777011761,36.2265644203
 03/16  04:00:00,97.2355014294,40.7270410847
 03/16  05:00:00,93.9554759712,34.6298739663
 03/16  06:00:00,139.431239772,494.181945359
 03/16  07:00:00,138.288907752,438.721882744
 03/16  08:00:00,211.148283184,379.976208431
 03/16  09:00:00,235.220693816,321.050234567
 03/16  10:00:00,225.37367091599998,289.74590668
 03/16  11:00:00,256.275900801,268.924452951
 03/16  12:00:00,236.02412165799998,249.57230219099998
 03/16  13:00:00,232.95246435400003,232.34639905900002
 03/16  14:00:00,229.44277895099998,213.60956131900002
 03/16  15:00:00,226.228982998,199.023652255
 03/16  16:00:00,226.37497579,199.491237194
 03/16  17:00:00,226.37275232599998,203.417239761
 03/16  18:00:00,225.37695172099998,223.846920823
 03/16  19:00:00,222.241759142,249.72510855099998
 03/16  20:00:00,197.266186903,267.38052972
 03/16  21:00:00,140.513806566,246.07357676799998
 03/16  22:00:00,79.4609649792,2.355
 03/16  23:00:00,115.260640275,3.49931895141
 03/16  24:00:00,84.4999111344,2.355
 03/17  01:00:00,81.8275680117,11.350492660699999
 03/17  02:00:00,90.730076078,28.8007290528
 03/17  03:00:00,86.3194256266,23.885087297
 03/17  04:00:00,113.0204143,38.1388517067
 03/17  05:00:00,113.103525811,36.5148510323
 03/17  06:00:00,156.13841500200002,429.463958521
 03/17  07:00:00,147.434499819,381.46495541400003
 03/17  08:00:00,211.225145693,337.21514968599996
 03/17  09:00:00,235.553238145,286.24905518099996
 03/17  10:00:00,226.097232873,259.536594345
 03/17  11:00:00,256.973593247,241.80671534799998
 03/17  12:00:00,237.147811205,230.83147077700002
 03/17  13:00:00,234.093131284,216.253700535
 03/17  14:00:00,230.591811853,202.557449902
 03/17  15:00:00,227.262802788,197.09839537099998
 03/17  16:00:00,227.109180852,203.22127824
 03/17  17:00:00,226.93920553799998,211.240341112
 03/17  18:00:00,226.07345973099999,223.68207900000002
 03/17  19:00:00,216.88063526,234.23489997599998
 03/17  20:00:00,192.20081260900002,242.947976227
 03/17  21:00:00,136.585075956,215.03088890900003
 03/17  22:00:00,80.3617619835,3.49948188819
 03/17  23:00:00,115.73017384200001,2.355
 03/17  24:00:00,85.2223865964,2.355
 03/18  01:00:00,76.1080511229,2.91561311189
 03/18  02:00:00,76.0107927929,1.77125
 03/18  03:00:00,84.8122769422,14.0077745313
 03/18  04:00:00,91.41387326360001,14.9151712584
 03/18  05:00:00,90.9827378089,16.4013756394
 03/18  06:00:00,126.55392585799999,390.81580917800005
 03/18  07:00:00,127.64942909999999,345.29350978
 03/18  08:00:00,186.565621352,325.49206891299997
 03/18  09:00:00,203.79537396700002,280.182344091
 03/18  10:00:00,227.639341418,254.21872913599998
 03/18  11:00:00,257.755456648,246.087231993
 03/18  12:00:00,237.638941039,227.73395683099997
 03/18  13:00:00,234.758415882,211.880783457
 03/18  14:00:00,230.57140062099998,210.962291143
 03/18  15:00:00,227.097918873,207.20658489299998
 03/18  16:00:00,227.582282013,194.629349565
 03/18  17:00:00,227.714694898,195.528069203
 03/18  18:00:00,212.59131865900002,225.574706666
 03/18  19:00:00,179.962664262,256.122933941
 03/18  20:00:00,169.468703,279.409404869
 03/18  21:00:00,126.617064104,255.254215558
 03/18  22:00:00,77.61833498760001,2.91582448524
 03/18  23:00:00,113.14250439700001,1.77125
 03/18  24:00:00,82.2243716016,2.9156824997400004
 03/19  01:00:00,84.4239173534,17.7301899624
 03/19  02:00:00,84.5224430726,18.931790468699997
 03/19  03:00:00,88.74096935989999,34.8996674637
 03/19  04:00:00,95.37545719370002,35.3433341146
 03/19  05:00:00,90.80408146219999,28.2741837039
 03/19  06:00:00,125.50181107799999,504.19454967900003
 03/19  07:00:00,124.53798251799999,443.25602909
 03/19  08:00:00,156.495601034,380.038800164
 03/19  09:00:00,129.355661117,351.389219907
 03/19  10:00:00,164.833372636,298.369195815
 03/19  11:00:00,197.289430237,246.053218258
 03/19  12:00:00,206.360468763,200.790689365
 03/19  13:00:00,204.48039605099999,184.93349042900002
 03/19  14:00:00,200.81981755700002,176.03911102400002
 03/19  15:00:00,197.826271942,166.589600708
 03/19  16:00:00,198.069057628,169.033736064
 03/19  17:00:00,169.381942765,200.623156951
 03/19  18:00:00,175.686662097,222.092746315
 03/19  19:00:00,171.578535413,227.199471808
 03/19  20:00:00,163.201367253,229.34442245900001
 03/19  21:00:00,147.952607212,185.90409726400003
 03/19  22:00:00,85.5299664974,1.77125
 03/19  23:00:00,120.05721896,1.77125
 03/19  24:00:00,90.2673239043,2.91561768626
 03/20  01:00:00,84.8832889598,2.355
 03/20  02:00:00,83.6981626299,2.355
 03/20  03:00:00,82.6940469182,3.4992368480900002
 03/20  04:00:00,88.6960442024,2.355
 03/20  05:00:00,87.7137996041,2.355
 03/20  06:00:00,142.129223245,338.550209649
 03/20  07:00:00,139.17865957,298.60429612900003
 03/20  08:00:00,215.854669251,257.176096838
 03/20  09:00:00,242.005133272,205.978146052
 03/20  10:00:00,233.55019540700002,170.885173172
 03/20  11:00:00,266.803084059,136.622720047
 03/20  12:00:00,251.287236203,113.980684959
 03/20  13:00:00,251.404112722,90.9451153687
 03/20  14:00:00,250.127336162,76.6159083456
 03/20  15:00:00,245.91874121,75.2771650223
 03/20  16:00:00,246.24758971,74.4216381879
 03/20  17:00:00,246.16478900299998,77.4444884125
 03/20  18:00:00,241.13112204700002,98.91544933549999
 03/20  19:00:00,236.57189080000003,126.230610177
 03/20  20:00:00,208.072283763,145.081495572
 03/20  21:00:00,149.941244035,112.563292455
 03/20  22:00:00,89.74452171819999,3.4995043138499997
 03/20  23:00:00,123.77595266899999,2.355
 03/20  24:00:00,94.5707282165,2.355
 03/21  01:00:00,86.64458340729999,3.499289425
 03/21  02:00:00,85.4968409722,2.355
 03/21  03:00:00,84.315900086,2.355
 03/21  04:00:00,105.6932044,3.49922883071
 03/21  05:00:00,104.887034837,2.355
 03/21  06:00:00,159.54647837299999,326.679763671
 03/21  07:00:00,148.989951149,301.029811898
 03/21  08:00:00,215.96059172,264.448305139
 03/21  09:00:00,242.038564933,227.479152621
 03/21  10:00:00,232.72368274299998,204.692249506
 03/21  11:00:00,263.346022333,176.449318422
 03/21  12:00:00,243.816532175,152.677064418
 03/21  13:00:00,240.64837918599997,132.736974382
 03/21  14:00:00,236.44605353900002,118.356177429
 03/21  15:00:00,233.568663308,104.839502166
 03/21  16:00:00,234.551009932,101.102688786
 03/21  17:00:00,234.32143374900002,105.43154428700001
 03/21  18:00:00,231.971350319,118.7474824
 03/21  19:00:00,220.000356227,143.688804189
 03/21  20:00:00,194.094033137,169.455502873
 03/21  21:00:00,137.863121573,148.964480786
 03/21  22:00:00,82.0344161028,2.355
 03/21  23:00:00,117.12507238,2.355
 03/21  24:00:00,87.917953206,3.4992901723300003
 03/22  01:00:00,80.8366394368,2.355
 03/22  02:00:00,80.5028204102,2.355
 03/22  03:00:00,80.1164061093,3.4992661196300006
 03/22  04:00:00,86.40358851,2.355
 03/22  05:00:00,85.3887123107,2.355
 03/22  06:00:00,140.757322511,328.575364848
 03/22  07:00:00,136.48466554,293.171625295
 03/22  08:00:00,213.109961209,244.69122781099998
 03/22  09:00:00,238.29403378599997,197.521232508
 03/22  10:00:00,231.388669765,159.75920388
 03/22  11:00:00,266.168541545,121.138390393
 03/22  12:00:00,251.96053404,93.1417163017
 03/22  13:00:00,254.374169009,62.321466574300004
 03/22  14:00:00,254.47630971,39.4594577323
 03/22  15:00:00,254.18109438599998,19.2351434184
 03/22  16:00:00,254.527416923,19.1666448237
 03/22  17:00:00,251.183323327,29.0323045202
 03/22  18:00:00,244.45190781099998,60.2340974846
 03/22  19:00:00,238.82019009099997,97.5596035549
 03/22  20:00:00,209.501209035,118.16493026399999
 03/22  21:00:00,147.078073281,113.53646555799999
 03/22  22:00:00,86.29716938450001,3.49949892036
 03/22  23:00:00,120.189115593,2.355
 03/22  24:00:00,90.57505353040001,2.355
 03/23  01:00:00,83.2929546071,3.4992836818199997
 03/23  02:00:00,82.4965694106,2.355
 03/23  03:00:00,81.4138420229,2.355
 03/23  04:00:00,86.7419063933,3.4992938933699995
 03/23  05:00:00,85.64980220470001,2.355
 03/23  06:00:00,141.10857466,305.160192632
 03/23  07:00:00,136.793342125,276.42747937900003
 03/23  08:00:00,213.24250846900003,232.89584702599998
 03/23  09:00:00,237.790692782,197.251370497
 03/23  10:00:00,228.94409398599998,174.225506649
 03/23  11:00:00,263.37110239599997,140.237236773
 03/23  12:00:00,248.715046324,115.24801166799999
 03/23  13:00:00,247.846190358,101.78401157
 03/23  14:00:00,243.115405747,102.483205645
 03/23  15:00:00,239.073501747,102.307446953
 03/23  16:00:00,238.22280586,109.90445578299999
 03/23  17:00:00,236.680212245,123.03006360200001
 03/23  18:00:00,233.492122792,140.538354166
 03/23  19:00:00,230.62582159299998,162.27454428299998
 03/23  20:00:00,203.546641256,183.065944106
 03/23  21:00:00,144.619849175,174.190609619
 03/23  22:00:00,83.6951508935,2.355
 03/23  23:00:00,118.471054321,2.355
 03/23  24:00:00,87.5925670315,3.49924882118
 03/24  01:00:00,79.8554935796,2.355
 03/24  02:00:00,78.8484028791,2.355
 03/24  03:00:00,78.3991403346,3.4992953368300004
 03/24  04:00:00,104.87921529100001,9.20784098533
 03/24  05:00:00,109.24395755100001,16.5944810477
 03/24  06:00:00,156.48172766,381.762243186
 03/24  07:00:00,144.540382252,352.84093018
 03/24  08:00:00,211.476876223,320.696260553
 03/24  09:00:00,235.47711129799998,285.887428407
 03/24  10:00:00,225.91858375900003,269.955909473
 03/24  11:00:00,256.68754292299997,255.288543629
 03/24  12:00:00,236.74902812,240.079744664
 03/24  13:00:00,233.79122310099999,232.551083002
 03/24  14:00:00,229.89063720400003,232.68431986
 03/24  15:00:00,226.471466335,226.40634382599998
 03/24  16:00:00,226.37217938700002,229.955446834
 03/24  17:00:00,226.192487536,239.276923317
 03/24  18:00:00,225.373537948,250.85631501900002
 03/24  19:00:00,212.76977695099998,259.460939514
 03/24  20:00:00,191.640398607,267.550603535
 03/24  21:00:00,136.000182534,241.39740266200002
 03/24  22:00:00,79.6813405998,2.355
 03/24  23:00:00,115.316455945,3.4994036551099996
 03/24  24:00:00,84.481491784,2.355
 03/25  01:00:00,75.4308690421,2.91563582459
 03/25  02:00:00,88.54986905700001,27.8655572399
 03/25  03:00:00,88.58289614879999,32.2400373273
 03/25  04:00:00,90.7560512949,28.2650968341
 03/25  05:00:00,95.4383443578,46.3318413325
 03/25  06:00:00,125.525845485,472.565649341
 03/25  07:00:00,120.95326100000001,420.445921954
 03/25  08:00:00,183.880550766,371.45392779199994
 03/25  09:00:00,201.224205097,310.78971468599997
 03/25  10:00:00,226.505683155,259.585020461
 03/25  11:00:00,257.314097708,223.130045586
 03/25  12:00:00,237.70736822900002,197.780874952
 03/25  13:00:00,234.991836072,177.97978936599998
 03/25  14:00:00,231.455913302,164.728976806
 03/25  15:00:00,228.43357434200001,153.25668952700002
 03/25  16:00:00,228.641266817,146.329527832
 03/25  17:00:00,228.52383440900002,152.487717294
 03/25  18:00:00,213.22407957599998,178.786640564
 03/25  19:00:00,177.264489051,199.310414872
 03/25  20:00:00,170.18486332700002,217.355956285
 03/25  21:00:00,127.306968807,195.371081027
 03/25  22:00:00,78.2650339793,1.77125
 03/25  23:00:00,113.676039568,2.9156826029400005
 03/25  24:00:00,83.6430392506,1.77125
 03/26  01:00:00,76.6354226304,2.9155429596599998
 03/26  02:00:00,76.5994348463,1.77125
 03/26  03:00:00,76.2603626844,1.77125
 03/26  04:00:00,86.8161253937,9.459321531519999
 03/26  05:00:00,90.8838620675,15.7181039389
 03/26  06:00:00,126.29227134700001,412.380717855
 03/26  07:00:00,123.93707478700001,380.860792895
 03/26  08:00:00,159.790856193,329.252588069
 03/26  09:00:00,133.64539053299998,312.440659058
 03/26  10:00:00,168.57518945,272.11886320900004
 03/26  11:00:00,200.019521915,249.03737596099998
 03/26  12:00:00,208.930299237,220.549194235
 03/26  13:00:00,206.96801254,200.179807417
 03/26  14:00:00,203.345203041,194.776537482
 03/26  15:00:00,200.314456072,198.5438647
 03/26  16:00:00,200.823060318,196.899619427
 03/26  17:00:00,173.36123130000001,226.62570547599998
 03/26  18:00:00,178.812800764,243.318041247
 03/26  19:00:00,170.575186054,254.27589721200002
 03/26  20:00:00,164.60216127799998,259.570019144
 03/26  21:00:00,148.795178233,217.15384871900002
 03/26  22:00:00,86.56547975139999,2.9156576337
 03/26  23:00:00,120.695313839,1.77125
 03/26  24:00:00,89.43801262459999,1.77125
 03/27  01:00:00,83.1415431982,3.49924983319
 03/27  02:00:00,81.4982702914,2.355
 03/27  03:00:00,89.22557192120001,17.1511766913
 03/27  04:00:00,99.4050262076,30.240265991599998
 03/27  05:00:00,98.71113439,28.9400678163
 03/27  06:00:00,140.538199721,407.89558241599997
 03/27  07:00:00,136.880248337,367.504625015
 03/27  08:00:00,213.89882998599998,314.490243128
 03/27  09:00:00,239.900396828,271.273073823
 03/27  10:00:00,230.844670646,249.013126684
 03/27  11:00:00,261.25367835,218.377414243
 03/27  12:00:00,240.997680739,198.789430493
 03/27  13:00:00,237.177141173,191.223403364
 03/27  14:00:00,232.565285294,183.04989072400002
 03/27  15:00:00,228.746035564,180.72361018599997
 03/27  16:00:00,229.494929877,173.769715411
 03/27  17:00:00,229.104737845,179.99698716
 03/27  18:00:00,226.76980696099997,195.87192476400003
 03/27  19:00:00,220.302178117,218.677645722
 03/27  20:00:00,198.987917339,234.458569768
 03/27  21:00:00,143.097150171,202.85733387599998
 03/27  22:00:00,83.8061815252,2.355
 03/27  23:00:00,119.000018006,2.355
 03/27  24:00:00,88.5414389015,3.4992846589599997
 03/28  01:00:00,81.4467614201,2.355
 03/28  02:00:00,80.8127318392,2.355
 03/28  03:00:00,79.81663057680001,3.4992579665900005
 03/28  04:00:00,110.17363321100001,14.649629075999998
 03/28  05:00:00,110.030881164,15.6190498321
 03/28  06:00:00,153.342979985,383.783219275
 03/28  07:00:00,144.81946848200002,349.441636966
 03/28  08:00:00,211.80221155700002,313.22150341400004
 03/28  09:00:00,236.25254562799998,274.166005027
 03/28  10:00:00,226.962418456,253.040718253
 03/28  11:00:00,257.06696001299997,241.97809091099998
 03/28  12:00:00,236.92020385900003,235.99686051400002
 03/28  13:00:00,233.987136829,228.083415882
 03/28  14:00:00,230.187184646,222.116214369
 03/28  15:00:00,226.824016568,213.493906165
 03/28  16:00:00,227.029668813,209.833312316
 03/28  17:00:00,226.889464597,217.31365016400002
 03/28  18:00:00,225.786740585,237.198382588
 03/28  19:00:00,213.74063408,251.502751807
 03/28  20:00:00,192.580673023,260.892917256
 03/28  21:00:00,137.32267992799999,237.64350239700002
 03/28  22:00:00,82.2388032144,2.355
 03/28  23:00:00,117.66678064,3.49937761577
 03/28  24:00:00,86.4951730777,2.355
 03/29  01:00:00,79.0394085267,2.355
 03/29  02:00:00,87.079372856,18.236646844000003
 03/29  03:00:00,91.1742375872,29.594708612399998
 03/29  04:00:00,97.7539691277,30.7286368246
 03/29  05:00:00,92.9159693687,25.8954719663
 03/29  06:00:00,136.39613238799998,446.900926995
 03/29  07:00:00,135.38228617299998,401.34340731699996
 03/29  08:00:00,211.455580155,342.338912781
 03/29  09:00:00,236.02468239599997,284.829084508
 03/29  10:00:00,226.720835904,253.79314880099997
 03/29  11:00:00,257.149577361,238.170398875
 03/29  12:00:00,236.770427198,235.248035295
 03/29  13:00:00,233.910609468,218.65631441099998
 03/29  14:00:00,230.343773981,202.400846885
 03/29  15:00:00,226.93447047599997,197.68393108599997
 03/29  16:00:00,226.90508917900002,199.421024837
 03/29  17:00:00,226.801790025,207.13702578
 03/29  18:00:00,225.68465728700002,228.483096649
 03/29  19:00:00,219.623371787,243.436918691
 03/29  20:00:00,198.14084291700001,250.79649333900002
 03/29  21:00:00,140.88971197799998,231.25985901
 03/29  22:00:00,80.6242049274,3.4994987828500004
 03/29  23:00:00,115.88122203299999,2.355
 03/29  24:00:00,84.9065245193,2.355
 03/30  01:00:00,82.3339606771,11.882549743399998
 03/30  02:00:00,91.1106671388,28.0638450292
 03/30  03:00:00,86.6345752563,22.6411518086
 03/30  04:00:00,97.3922085994,41.8480270256
 03/30  05:00:00,97.2571992926,44.888306012200005
 03/30  06:00:00,136.350762156,479.967068591
 03/30  07:00:00,135.13072525200002,435.370047949
 03/30  08:00:00,211.316024452,368.238006881
 03/30  09:00:00,235.69426866900002,292.84239651400003
 03/30  10:00:00,226.531455969,255.78749633799998
 03/30  11:00:00,257.120209792,230.279872908
 03/30  12:00:00,237.206134032,212.376477975
 03/30  13:00:00,234.442514888,192.418184289
 03/30  14:00:00,230.95083063299998,176.79917677400002
 03/30  15:00:00,227.83050395799998,164.704392886
 03/30  16:00:00,228.096339915,161.880447095
 03/30  17:00:00,228.080675989,164.943291476
 03/30  18:00:00,226.92238333900002,178.83300943700002
 03/30  19:00:00,220.128215602,204.125133812
 03/30  20:00:00,198.235401995,225.329196749
 03/30  21:00:00,141.150018973,200.392938987
 03/30  22:00:00,79.9358665642,2.355
 03/30  23:00:00,115.40094509,2.355
 03/30  24:00:00,85.0116023861,3.4992911751899998
 03/31  01:00:00,77.92925983720001,2.355
 03/31  02:00:00,77.7576379078,2.355
 03/31  03:00:00,81.9523350029,10.5837480567
 03/31  04:00:00,108.871792629,16.9625995841
 03/31  05:00:00,113.292494997,24.4358411671
 03/31  06:00:00,152.87263799299998,392.344446157
 03/31  07:00:00,144.39069617299998,353.934580456
 03/31  08:00:00,211.880466474,302.258974148
 03/31  09:00:00,236.745800952,242.647609731
 03/31  10:00:00,227.90887710099997,196.205532453
 03/31  11:00:00,259.393452227,159.806182283
 03/31  12:00:00,243.077184087,133.983828163
 03/31  13:00:00,243.12427009,107.211630285
 03/31  14:00:00,242.213149897,88.2973477207
 03/31  15:00:00,241.768428507,71.3800734067
 03/31  16:00:00,243.509231658,68.16539749270001
 03/31  17:00:00,244.142813553,70.9213456003
 03/31  18:00:00,241.209335085,84.6344770051
 03/31  19:00:00,225.62611455200002,114.29474100799999
 03/31  20:00:00,199.801870783,143.886307776
 03/31  21:00:00,142.352234901,133.280822712
 03/31  22:00:00,86.836299735,2.355
 03/31  23:00:00,121.09396192,3.4993183599599997
 03/31  24:00:00,91.17165590100001,2.355
 04/01  01:00:00,80.7271152275,1.77125
 04/01  02:00:00,79.2768057328,2.9156044722
 04/01  03:00:00,77.96379321159999,1.77125
 04/01  04:00:00,83.4792392934,2.9155584147900004
 04/01  05:00:00,95.27576486299999,26.9589624385
 04/01  06:00:00,122.361791256,410.40263522
 04/01  07:00:00,121.204181051,373.156988862
 04/01  08:00:00,184.021665818,332.832286926
 04/01  09:00:00,201.631584343,283.153547322
 04/01  10:00:00,228.186683467,247.244532189
 04/01  11:00:00,260.139287186,211.14652313099998
 04/01  12:00:00,241.885009721,183.25253298400003
 04/01  13:00:00,239.80455431400003,164.706795687
 04/01  14:00:00,236.325219062,148.755190261
 04/01  15:00:00,234.0223722,135.109556832
 04/01  16:00:00,233.910865398,132.862577037
 04/01  17:00:00,232.766170194,138.75829020700002
 04/01  18:00:00,216.419457387,160.596875539
 04/01  19:00:00,180.374400279,175.114906946
 04/01  20:00:00,173.843360155,184.374796249
 04/01  21:00:00,131.47579626799998,156.144249823
 04/01  22:00:00,84.03967441270001,2.9158519964700003
 04/01  23:00:00,118.737314385,1.77125
 04/01  24:00:00,88.7992299125,2.91564483999
 04/02  01:00:00,80.89338387869999,1.77125
 04/02  02:00:00,79.571464294,2.9155521938200004
 04/02  03:00:00,78.2584471751,1.77125
 04/02  04:00:00,88.16340662489999,9.8472287628
 04/02  05:00:00,96.01760018959999,25.582914043699997
 04/02  06:00:00,122.56271044,437.01325147800003
 04/02  07:00:00,121.382939951,390.87199759099997
 04/02  08:00:00,157.46909855200002,324.969282015
 04/02  09:00:00,131.86154973200001,290.44998192400004
 04/02  10:00:00,168.23534957,234.219484504
 04/02  11:00:00,199.846161508,193.876972518
 04/02  12:00:00,210.86495868400002,149.20600821899998
 04/02  13:00:00,210.48900371,125.876630597
 04/02  14:00:00,207.136560745,110.500711505
 04/02  15:00:00,203.951263845,98.7174513183
 04/02  16:00:00,203.279257436,99.1611514507
 04/02  17:00:00,172.87151082900002,118.66785240600001
 04/02  18:00:00,177.923463069,135.447301483
 04/02  19:00:00,167.194138027,148.48095682
 04/02  20:00:00,159.915736762,163.997019618
 04/02  21:00:00,143.87057164200002,135.608332184
 04/02  22:00:00,80.3818091806,1.77125
 04/02  23:00:00,114.98726962,1.77125
 04/02  24:00:00,85.5449612699,2.91561579837
 04/03  01:00:00,80.5098388838,2.355
 04/03  02:00:00,80.1146219595,3.49926567444
 04/03  03:00:00,79.7406941453,2.355
 04/03  04:00:00,85.9948168799,2.355
 04/03  05:00:00,85.2762473051,2.355
 04/03  06:00:00,137.37944323600001,319.84606941
 04/03  07:00:00,136.040459403,301.935754159
 04/03  08:00:00,211.888771955,285.221272044
 04/03  09:00:00,236.90375486099998,268.111568492
 04/03  10:00:00,228.961206784,258.49659888
 04/03  11:00:00,260.654333318,244.20050848099999
 04/03  12:00:00,242.097699422,236.22921361299998
 04/03  13:00:00,239.87712010599998,229.152009153
 04/03  14:00:00,236.187763766,226.954298512
 04/03  15:00:00,232.94343531200002,221.23693400099998
 04/03  16:00:00,233.04650840000002,220.674156339
 04/03  17:00:00,232.811804683,224.611615315
 04/03  18:00:00,231.171319486,232.005665662
 04/03  19:00:00,225.94883580400003,241.23458072
 04/03  20:00:00,203.362852076,249.428785681
 04/03  21:00:00,145.276334601,222.108973838
 04/03  22:00:00,85.2693595139,2.355
 04/03  23:00:00,120.405221232,3.4993742596900006
 04/03  24:00:00,89.5715108849,2.355
 04/04  01:00:00,82.2258378603,2.355
 04/04  02:00:00,81.4140302814,3.49930933623
 04/04  03:00:00,80.7234030739,2.355
 04/04  04:00:00,111.377755013,15.0546416428
 04/04  05:00:00,111.36973689700001,17.3872286116
 04/04  06:00:00,154.09421101200002,379.83389102300004
 04/04  07:00:00,146.504236332,343.43959414299997
 04/04  08:00:00,213.79437508200002,299.20404040799997
 04/04  09:00:00,238.891304039,260.239619015
 04/04  10:00:00,229.69533114200001,231.00514201599998
 04/04  11:00:00,260.65193133900004,198.11276965
 04/04  12:00:00,241.988883955,171.495583028
 04/04  13:00:00,239.524741706,154.251675957
 04/04  14:00:00,235.429152085,139.836130315
 04/04  15:00:00,231.56105730599998,127.874221915
 04/04  16:00:00,230.750522975,132.464211131
 04/04  17:00:00,230.27763705599997,144.213682966
 04/04  18:00:00,229.020962481,160.171914904
 04/04  19:00:00,216.67217524,171.715374395
 04/04  20:00:00,195.410453418,183.686452962
 04/04  21:00:00,139.784296649,158.012677053
 04/04  22:00:00,84.8998202466,3.4994715989999996
 04/04  23:00:00,119.63276063100001,2.355
 04/04  24:00:00,89.5813483513,2.355
 04/05  01:00:00,81.6749321883,3.49925352374
 04/05  02:00:00,80.7006959948,2.355
 04/05  03:00:00,79.8837716543,2.355
 04/05  04:00:00,85.8958607069,3.4992582284800005
 04/05  05:00:00,94.0201900947,15.913579018599998
 04/05  06:00:00,136.89745300200002,386.571836067
 04/05  07:00:00,136.591104807,337.554683853
 04/05  08:00:00,214.424162389,276.510399196
 04/05  09:00:00,241.364515737,222.670120187
 04/05  10:00:00,233.456306127,179.48813407900002
 04/05  11:00:00,267.49233392900004,136.511266221
 04/05  12:00:00,253.84181265700002,100.15354547
 04/05  13:00:00,252.244071147,83.43552436979999
 04/05  14:00:00,247.58612409900002,75.12305283229999
 04/05  15:00:00,243.80840849999998,68.2603818192
 04/05  16:00:00,242.90594256,72.4603995226
 04/05  17:00:00,241.328426348,83.8168219768
 04/05  18:00:00,238.49822997200002,96.12664653569999
 04/05  19:00:00,227.639735825,118.72511830299999
 04/05  20:00:00,206.062380953,146.33144977700002
 04/05  21:00:00,147.742539363,136.464020256
 04/05  22:00:00,87.86180448879999,3.49950413556
 04/05  23:00:00,122.11794063399999,2.355
 04/05  24:00:00,92.3912958963,2.355
 04/06  01:00:00,84.63895858229999,3.49924787602
 04/06  02:00:00,84.198521845,2.355
 04/06  03:00:00,84.12887696439999,2.355
 04/06  04:00:00,90.8945201378,3.49926165264
 04/06  05:00:00,90.8236756816,2.355
 04/06  06:00:00,140.22137929,287.57364589
 04/06  07:00:00,147.27830580000003,252.963119216
 04/06  08:00:00,224.42816995400003,213.23215489400002
 04/06  09:00:00,252.906817266,170.523548989
 04/06  10:00:00,245.547956855,156.74553594
 04/06  11:00:00,274.805081175,144.774256352
 04/06  12:00:00,257.77134153,141.685091707
 04/06  13:00:00,255.918651505,134.901543787
 04/06  14:00:00,252.963637988,122.431619699
 04/06  15:00:00,251.37583644,110.742232266
 04/06  16:00:00,253.017743924,107.262784809
 04/06  17:00:00,253.431963837,105.66504735299999
 04/06  18:00:00,250.416567449,108.450485339
 04/06  19:00:00,243.34557289,118.377468871
 04/06  20:00:00,221.265994313,130.365495554
 04/06  21:00:00,159.568164206,103.52520703799999
 04/06  22:00:00,100.70074412299999,3.49951175195
 04/06  23:00:00,133.797096869,2.355
 04/06  24:00:00,104.799346442,3.4992722745599996
 04/07  01:00:00,95.8901548259,2.355
 04/07  02:00:00,94.22461956709999,2.355
 04/07  03:00:00,93.07473706,3.49924030526
 04/07  04:00:00,114.61336355,2.355
 04/07  05:00:00,113.808863233,2.355
 04/07  06:00:00,162.273940092,219.188283176
 04/07  07:00:00,161.460392246,211.786979169
 04/07  08:00:00,227.97761278,193.803861101
 04/07  09:00:00,255.163929223,172.281284693
 04/07  10:00:00,247.836019119,151.409768004
 04/07  11:00:00,279.943568009,120.74312625200001
 04/07  12:00:00,267.57442007099996,96.0988559641
 04/07  13:00:00,268.312346312,80.4790643614
 04/07  14:00:00,263.386295647,71.0018995561
 04/07  15:00:00,258.241810613,61.4412413149
 04/07  16:00:00,254.195608298,72.2005474054
 04/07  17:00:00,250.78543944400002,90.77297549709999
 04/07  18:00:00,245.375808143,112.791612558
 04/07  19:00:00,231.04456647,127.820814682
 04/07  20:00:00,212.10085933,134.702503554
 04/07  21:00:00,154.119699757,102.639732557
 04/07  22:00:00,100.741318061,3.4995265683
 04/07  23:00:00,133.85214902200002,2.355
 04/07  24:00:00,105.217499771,3.49922608195
 04/08  01:00:00,94.19805887049999,1.77125
 04/08  02:00:00,92.3559401447,1.77125
 04/08  03:00:00,90.62474134530001,2.91557699142
 04/08  04:00:00,95.7665817376,1.77125
 04/08  05:00:00,94.29681012420001,2.91554028429
 04/08  06:00:00,129.57019837200002,270.128578177
 04/08  07:00:00,134.92952373399999,252.06482702099999
 04/08  08:00:00,197.222413241,225.90163377099998
 04/08  09:00:00,217.754594465,200.43496411700002
 04/08  10:00:00,242.849048115,182.567260305
 04/08  11:00:00,272.206958283,172.741458685
 04/08  12:00:00,253.38496943400003,173.280467838
 04/08  13:00:00,250.019319003,174.00726766900002
 04/08  14:00:00,244.72328098,178.097622862
 04/08  15:00:00,240.338193733,181.02363285400003
 04/08  16:00:00,239.381514495,184.38070784599998
 04/08  17:00:00,238.22803996,194.000226625
 04/08  18:00:00,221.00013416599998,219.177614721
 04/08  19:00:00,182.186932225,233.139549487
 04/08  20:00:00,177.29945086599997,243.35319398400003
 04/08  21:00:00,132.782006913,222.25981032599998
 04/08  22:00:00,84.3388284139,1.77125
 04/08  23:00:00,119.062707389,2.91576725028
 04/08  24:00:00,87.75076586780001,1.77125
 04/09  01:00:00,80.3808857729,2.91561948314
 04/09  02:00:00,79.2849605424,1.77125
 04/09  03:00:00,78.3513362357,1.77125
 04/09  04:00:00,97.6030605084,25.399958385
 04/09  05:00:00,97.1803807711,24.4487430895
 04/09  06:00:00,119.885708534,431.530917167
 04/09  07:00:00,122.891967797,400.52024740699994
 04/09  08:00:00,158.254244643,355.03400498300005
 04/09  09:00:00,131.20897591899998,348.35968654699997
 04/09  10:00:00,166.035485525,319.99922004900003
 04/09  11:00:00,197.19700145299998,308.229246639
 04/09  12:00:00,204.573168281,283.38672554
 04/09  13:00:00,202.475955445,274.538611013
 04/09  14:00:00,198.794883898,268.416685057
 04/09  15:00:00,195.62455668099997,266.353520818
 04/09  16:00:00,195.78987211900002,263.118054176
 04/09  17:00:00,167.13039262200002,301.82675089099996
 04/09  18:00:00,172.777499592,316.612912799
 04/09  19:00:00,159.72207361,320.70926508599996
 04/09  20:00:00,157.387157871,323.001333132
 04/09  21:00:00,142.670310705,283.386434233
 04/09  22:00:00,80.4588617576,1.77125
 04/09  23:00:00,115.912272045,2.91556076287
 04/09  24:00:00,84.4930117621,1.77125
 04/10  01:00:00,79.3179931007,3.4992522030699997
 04/10  02:00:00,87.2382198114,16.828211723699997
 04/10  03:00:00,91.27791213180001,28.2249807632
 04/10  04:00:00,97.8402657608,29.6149298304
 04/10  05:00:00,92.9997402634,23.756501203899997
 04/10  06:00:00,133.059974652,422.78420206199996
 04/10  07:00:00,135.457489232,373.789759359
 04/10  08:00:00,211.52889545099998,326.519296998
 04/10  09:00:00,236.259697096,282.15645539400003
 04/10  10:00:00,227.74711783200001,261.645968665
 04/10  11:00:00,259.125487394,241.27950414400001
 04/10  12:00:00,239.96800769599997,225.077613703
 04/10  13:00:00,237.28916387400002,217.438598628
 04/10  14:00:00,233.31998693900002,211.393723696
 04/10  15:00:00,229.815240593,205.023809618
 04/10  16:00:00,229.68764438099998,206.66074961299998
 04/10  17:00:00,229.549695773,212.64007331099998
 04/10  18:00:00,228.546070348,223.058518083
 04/10  19:00:00,219.780958365,232.09238361
 04/10  20:00:00,201.45516905099998,237.53333096
 04/10  21:00:00,144.261702539,206.663250485
 04/10  22:00:00,84.59873025489999,3.4994142853400003
 04/10  23:00:00,119.705438681,2.355
 04/10  24:00:00,89.08044337049999,2.355
 04/11  01:00:00,81.5096401222,3.49927062731
 04/11  02:00:00,80.5782304558,2.355
 04/11  03:00:00,79.7339724748,2.355
 04/11  04:00:00,110.06960521799999,15.2524736845
 04/11  05:00:00,109.98887292,18.1757655942
 04/11  06:00:00,149.946836534,406.668470715
 04/11  07:00:00,145.275276529,365.78113516
 04/11  08:00:00,213.34732524900002,316.58910841200003
 04/11  09:00:00,239.725952282,270.371190971
 04/11  10:00:00,231.442706885,241.220355879
 04/11  11:00:00,262.766536255,212.058238299
 04/11  12:00:00,244.52788823400002,188.220479492
 04/11  13:00:00,242.46509610599998,175.934929491
 04/11  14:00:00,238.57684811599998,164.883011777
 04/11  15:00:00,235.000220237,154.440030381
 04/11  16:00:00,234.58070706799998,152.329468332
 04/11  17:00:00,234.06523361599997,155.925339337
 04/11  18:00:00,232.21225798900002,162.60326772
 04/11  19:00:00,216.488452748,179.492698005
 04/11  20:00:00,198.17243253400002,199.762702322
 04/11  21:00:00,142.23343765,181.59470516099998
 04/11  22:00:00,87.308338514,2.355
 04/11  23:00:00,121.901467934,3.4993918702599998
 04/11  24:00:00,91.6152703578,2.355
 04/12  01:00:00,83.9987368071,3.49926172256
 04/12  02:00:00,83.0865056082,2.355
 04/12  03:00:00,82.2239181065,2.355
 04/12  04:00:00,87.9453378417,2.355
 04/12  05:00:00,86.8159556988,3.4992580703
 04/12  06:00:00,134.50886709,345.944868906
 04/12  07:00:00,137.711419775,311.798081553
 04/12  08:00:00,213.880845722,276.56010135
 04/12  09:00:00,238.595656515,247.05572298
 04/12  10:00:00,229.047086664,229.129749315
 04/12  11:00:00,259.984350574,206.641464734
 04/12  12:00:00,241.16086000400003,188.24886298299998
 04/12  13:00:00,238.98908376,175.752014025
 04/12  14:00:00,235.205573825,162.145344311
 04/12  15:00:00,231.605789285,150.09823703799998
 04/12  16:00:00,231.07809596299998,148.154857231
 04/12  17:00:00,230.34486591200002,150.689094797
 04/12  18:00:00,228.754697322,157.005908787
 04/12  19:00:00,218.71000257400001,171.89556634299998
 04/12  20:00:00,199.830552135,189.021658678
 04/12  21:00:00,142.641486043,169.527005084
 04/12  22:00:00,82.7432270913,2.355
 04/12  23:00:00,117.77985292,3.49935605175
 04/12  24:00:00,87.3962171067,2.355
 04/13  01:00:00,79.816468951,2.355
 04/13  02:00:00,79.099574955,3.4993009684699996
 04/13  03:00:00,78.5040089912,2.355
 04/13  04:00:00,84.6899308475,2.355
 04/13  05:00:00,93.0680514809,16.8876786175
 04/13  06:00:00,133.123983186,381.010862039
 04/13  07:00:00,135.577215648,342.555034497
 04/13  08:00:00,211.746656108,303.620071849
 04/13  09:00:00,236.211297747,268.861673154
 04/13  10:00:00,226.802904335,255.02484627099997
 04/13  11:00:00,257.568537989,242.75002874700002
 04/13  12:00:00,237.583517034,234.044316379
 04/13  13:00:00,234.47164513799999,225.976789508
 04/13  14:00:00,230.49951833,215.19978340400002
 04/13  15:00:00,227.210284258,204.814090231
 04/13  16:00:00,227.39152691400002,200.015505675
 04/13  17:00:00,227.492610442,199.698654005
 04/13  18:00:00,226.574063602,201.371598032
 04/13  19:00:00,217.10953041,212.83165460799998
 04/13  20:00:00,198.809320874,227.614632898
 04/13  21:00:00,141.439780952,205.146284418
 04/13  22:00:00,81.0537305796,2.355
 04/13  23:00:00,116.42559137100001,3.49938191061
 04/13  24:00:00,85.5891313812,2.355
 04/14  01:00:00,78.53973363979999,2.355
 04/14  02:00:00,78.386442554,3.4993121233499997
 04/14  03:00:00,78.28647389460001,2.355
 04/14  04:00:00,109.553261435,14.361790600199999
 04/14  05:00:00,109.561470701,16.430637237
 04/14  06:00:00,146.591118964,373.350811534
 04/14  07:00:00,145.065949165,336.747826458
 04/14  08:00:00,212.094083489,303.89210781400004
 04/14  09:00:00,237.070172507,270.861904471
 04/14  10:00:00,228.04304048,256.82008181099997
 04/14  11:00:00,259.114704005,241.92568653700002
 04/14  12:00:00,239.750153847,230.803635514
 04/14  13:00:00,237.15297444400002,222.005486228
 04/14  14:00:00,233.543574996,215.95161078
 04/14  15:00:00,230.502248456,205.81546065400002
 04/14  16:00:00,231.016714545,201.787641567
 04/14  17:00:00,231.37981778099999,201.51236373700002
 04/14  18:00:00,230.420948718,203.138955093
 04/14  19:00:00,215.516566122,213.803756902
 04/14  20:00:00,197.19049589099998,226.395764778
 04/14  21:00:00,140.781653697,201.71458648799998
 04/14  22:00:00,85.6070253749,2.355
 04/14  23:00:00,120.62136092,3.49937911453
 04/14  24:00:00,90.1824055731,2.355
 04/15  01:00:00,80.4431175353,1.77125
 04/15  02:00:00,79.6078654739,2.91556456262
 04/15  03:00:00,78.8530384211,1.77125
 04/15  04:00:00,85.0069813579,1.77125
 04/15  05:00:00,93.65871366549999,13.7557672498
 04/15  06:00:00,117.85163631200001,353.464863812
 04/15  07:00:00,125.304746619,308.631097413
 04/15  08:00:00,188.816203967,271.47990237700003
 04/15  09:00:00,207.97545423,229.61323775099999
 04/15  10:00:00,233.754599007,197.853725143
 04/15  11:00:00,264.587937147,168.955299474
 04/15  12:00:00,246.55606523400002,145.955151845
 04/15  13:00:00,245.405951039,129.239935463
 04/15  14:00:00,242.894457874,113.201726138
 04/15  15:00:00,240.56997480099997,99.58038172459999
 04/15  16:00:00,240.40086268099998,96.2089445885
 04/15  17:00:00,239.49083412,101.249773
 04/15  18:00:00,222.72102175900002,120.678910275
 04/15  19:00:00,181.01305836,145.499339682
 04/15  20:00:00,175.029955995,173.734862539
 04/15  21:00:00,131.00705418200002,164.473131051
 04/15  22:00:00,82.6208808988,1.77125
 04/15  23:00:00,117.46240121299999,2.9157577556700005
 04/15  24:00:00,87.2273620522,1.77125
 04/16  01:00:00,79.6454484375,2.91554892583
 04/16  02:00:00,78.68967879430001,1.77125
 04/16  03:00:00,77.78797323180001,2.91551899705
 04/16  04:00:00,83.6467715902,1.77125
 04/16  05:00:00,91.7962187167,14.807154235999999
 04/16  06:00:00,115.87685729799999,419.403587028
 04/16  07:00:00,122.69219309999998,361.834513011
 04/16  08:00:00,158.93075365200002,292.771490321
 04/16  09:00:00,132.096247129,257.027871279
 04/16  10:00:00,166.49721837200002,208.532479832
 04/16  11:00:00,198.71772965,178.00857564700001
 04/16  12:00:00,210.10055585900002,141.843774605
 04/16  13:00:00,210.83294266099998,123.053178297
 04/16  14:00:00,208.55858605900002,108.48358923100001
 04/16  15:00:00,206.252245947,100.337045907
 04/16  16:00:00,206.25613411,99.0454432579
 04/16  17:00:00,175.985100776,117.61938527299999
 04/16  18:00:00,180.842230388,134.02639086
 04/16  19:00:00,167.812457456,145.978932011
 04/16  20:00:00,164.489726333,156.38054651299998
 04/16  21:00:00,148.86091348,126.092050035
 04/16  22:00:00,86.5625406462,1.77125
 04/16  23:00:00,120.74979364200001,2.9155301378600003
 04/16  24:00:00,91.8245481492,1.77125
 04/17  01:00:00,86.5010017891,2.355
 04/17  02:00:00,86.2442858491,3.49929233416
 04/17  03:00:00,86.2216484808,2.355
 04/17  04:00:00,92.868292272,2.355
 04/17  05:00:00,92.43600408629999,3.4992812051199995
 04/17  06:00:00,137.522105361,257.79932533
 04/17  07:00:00,146.455975446,236.264110231
 04/17  08:00:00,222.551803815,206.897818873
 04/17  09:00:00,249.76197257799998,176.40525437099998
 04/17  10:00:00,241.577118549,150.706473432
 04/17  11:00:00,276.12879607900004,117.186980804
 04/17  12:00:00,265.44044723400003,86.6525293422
 04/17  13:00:00,268.681960672,63.2390560319
 04/17  14:00:00,266.93195406,45.8863175896
 04/17  15:00:00,264.133985372,27.0037618021
 04/17  16:00:00,263.010361374,23.9636175285
 04/17  17:00:00,262.156218282,27.9866054129
 04/17  18:00:00,259.57389011099997,35.5205550669
 04/17  19:00:00,253.839536297,54.074298238900006
 04/17  20:00:00,230.052405295,76.43723860680001
 04/17  21:00:00,165.877103946,60.9099582486
 04/17  22:00:00,105.417711278,2.355
 04/17  23:00:00,136.23849538,3.49934972551
 04/17  24:00:00,107.21449778200001,2.355
 04/18  01:00:00,97.08120670219999,2.355
 04/18  02:00:00,94.61631750219999,3.49926405231
 04/18  03:00:00,92.5920880917,2.355
 04/18  04:00:00,113.29372248799999,2.355
 04/18  05:00:00,112.251798851,3.4992431813800002
 04/18  06:00:00,156.990949385,227.07293115299998
 04/18  07:00:00,159.586319503,201.25961411900002
 04/18  08:00:00,230.634328068,160.061678771
 04/18  09:00:00,265.335959514,111.35111564200001
 04/18  10:00:00,261.86767958,81.1907992409
 04/18  11:00:00,291.69219455,52.4141454851
 04/18  12:00:00,277.426506035,30.3850021435
 04/18  13:00:00,272.567065644,17.8653806054
 04/18  14:00:00,267.217488356,13.406910538800002
 04/18  15:00:00,264.69681895599996,11.6727011504
 04/18  16:00:00,265.11734695900003,11.6725972875
 04/18  17:00:00,263.12600587599997,12.9583507348
 04/18  18:00:00,258.356588428,22.9523253752
 04/18  19:00:00,240.73720575599998,37.2043267264
 04/18  20:00:00,224.77343264400002,52.0051226072
 04/18  21:00:00,166.415961015,27.9873548291
 04/18  22:00:00,113.52291691200001,2.355
 04/18  23:00:00,144.628436484,2.355
 04/18  24:00:00,117.808643139,3.49929084198
 04/19  01:00:00,106.492064951,2.355
 04/19  02:00:00,103.769124144,2.355
 04/19  03:00:00,101.28071506799999,3.4992522115400004
 04/19  04:00:00,105.85630659799999,2.355
 04/19  05:00:00,103.53209212700001,2.355
 04/19  06:00:00,145.10908996700002,186.037062979
 04/19  07:00:00,155.130396749,172.84137541400003
 04/19  08:00:00,234.963491457,136.73569497399998
 04/19  09:00:00,269.019626691,94.576216194
 04/19  10:00:00,264.990979207,71.13701493100001
 04/19  11:00:00,296.945966348,44.111946902
 04/19  12:00:00,289.889813365,21.5025106025
 04/19  13:00:00,296.993247182,11.6730493907
 04/19  14:00:00,301.036054803,11.6728067081
 04/19  15:00:00,304.382354433,11.6726115711
 04/19  16:00:00,307.17117323900004,12.8178912097
 04/19  17:00:00,302.550236568,11.672812288900001
 04/19  18:00:00,289.05386785,11.538295214000001
 04/19  19:00:00,275.319483934,14.85117379
 04/19  20:00:00,254.75922062200002,37.7287337181
 04/19  21:00:00,179.42414886900002,25.6599719073
 04/19  22:00:00,114.607528738,3.4994937414300002
 04/19  23:00:00,143.281199907,2.355
 04/19  24:00:00,113.87987692,2.355
 04/20  01:00:00,103.484475311,3.4992888809400005
 04/20  02:00:00,100.270038005,2.355
 04/20  03:00:00,97.08954346610001,2.355
 04/20  04:00:00,100.674617378,3.49922413927
 04/20  05:00:00,97.76181807290001,2.355
 04/20  06:00:00,139.75690223200002,243.38656528400003
 04/20  07:00:00,147.3957362,219.57881543
 04/20  08:00:00,226.652594733,170.378397034
 04/20  09:00:00,263.012636714,113.438409886
 04/20  10:00:00,261.732813321,75.5860759803
 04/20  11:00:00,295.104713483,37.68864145
 04/20  12:00:00,284.676082953,12.953284564
 04/20  13:00:00,281.102421414,12.818675036300002
 04/20  14:00:00,275.879350156,11.6728330201
 04/20  15:00:00,274.37314487599997,11.6726131229
 04/20  16:00:00,275.529571759,11.672762696800001
 04/20  17:00:00,273.633979798,11.672660103
 04/20  18:00:00,268.887467463,11.6502016865
 04/20  19:00:00,254.278433488,11.6119597292
 04/20  20:00:00,228.84087002400003,32.5871453206
 04/20  21:00:00,163.266184317,28.716311063600003
 04/20  22:00:00,102.326410026,2.355
 04/20  23:00:00,135.27682419200002,3.49937956133
 04/20  24:00:00,107.862992574,2.355
 04/21  01:00:00,98.2581059086,3.4992448224699997
 04/21  02:00:00,96.888450444,2.355
 04/21  03:00:00,95.76714243229999,2.355
 04/21  04:00:00,119.03187140200001,2.355
 04/21  05:00:00,117.894655573,3.4992361175699997
 04/21  06:00:00,162.028670799,144.840884799
 04/21  07:00:00,164.852350206,140.63466651
 04/21  08:00:00,234.691956453,108.874236759
 04/21  09:00:00,267.195373474,76.928620083
 04/21  10:00:00,260.162990623,51.51348090649999
 04/21  11:00:00,295.54563821700003,21.3507353092
 04/21  12:00:00,290.578251779,11.673033925
 04/21  13:00:00,295.583925522,11.673098023900002
 04/21  14:00:00,295.61531523,12.8182339372
 04/21  15:00:00,296.09594675299996,11.6725857975
 04/21  16:00:00,296.42915342,11.6727378152
 04/21  17:00:00,293.174349957,11.672638312
 04/21  18:00:00,286.199566151,10.5051455146
 04/21  19:00:00,264.905478169,11.7821067291
 04/21  20:00:00,236.35069035700002,11.4244122153
 04/21  21:00:00,164.916087248,5.83461367385
 04/21  22:00:00,105.680560575,2.355
 04/21  23:00:00,139.09017094200001,3.4993483456599996
 04/21  24:00:00,113.400362578,2.355
 04/22  01:00:00,99.54996282020001,1.77125
 04/22  02:00:00,97.4143021751,2.9156171549
 04/22  03:00:00,95.6839988133,1.77125
 04/22  04:00:00,102.36004135200001,1.77125
 04/22  05:00:00,100.79781619200001,2.91553904689
 04/22  06:00:00,133.17615973899998,78.8417946751
 04/22  07:00:00,145.428822143,88.5357482867
 04/22  08:00:00,214.23044411400002,62.270805440100006
 04/22  09:00:00,242.673727044,34.2721741071
 04/22  10:00:00,271.032333087,14.331758011400002
 04/22  11:00:00,304.064386417,12.818050739
 04/22  12:00:00,298.419272474,11.6729159685
 04/22  13:00:00,300.76807682599997,11.6729951498
 04/22  14:00:00,300.697163097,12.81798234
 04/22  15:00:00,303.13042201900004,11.672847691600001
 04/22  16:00:00,302.096223082,11.672710459500001
 04/22  17:00:00,294.856593597,11.6728292219
 04/22  18:00:00,268.63081893,10.2853630248
 04/22  19:00:00,225.22019437,9.49392741511
 04/22  20:00:00,212.097089461,9.281251087869999
 04/22  21:00:00,154.04864714200002,4.66716446182
 04/22  22:00:00,99.4164894343,1.77125
 04/22  23:00:00,129.36872580600001,2.91576004481
 04/22  24:00:00,99.3148817766,1.77125
 04/23  01:00:00,88.1708999964,1.77125
 04/23  02:00:00,86.3169338544,2.91554685819
 04/23  03:00:00,84.92166406850001,1.77125
 04/23  04:00:00,90.0509034732,1.77125
 04/23  05:00:00,87.3148377901,2.91557247041
 04/23  06:00:00,118.33656165299999,205.85669894400002
 04/23  07:00:00,123.579790189,214.83403515400002
 04/23  08:00:00,158.998164963,187.895114335
 04/23  09:00:00,131.959351583,181.45716169099998
 04/23  10:00:00,168.54931337,156.267934758
 04/23  11:00:00,201.17771410900002,135.912822331
 04/23  12:00:00,212.720141698,110.430483921
 04/23  13:00:00,211.911329795,95.31441664229999
 04/23  14:00:00,209.00727448799998,84.699709403
 04/23  15:00:00,206.40018669900002,76.6677153456
 04/23  16:00:00,206.438751829,74.95575780979999
 04/23  17:00:00,176.22766386799998,90.070431842
 04/23  18:00:00,181.66219696299999,103.130613932
 04/23  19:00:00,164.939372443,111.557554112
 04/23  20:00:00,164.21504829100002,122.41316586100001
 04/23  21:00:00,147.448605584,90.13796938690001
 04/23  22:00:00,83.31805177449999,2.91567993858
 04/23  23:00:00,115.914907211,1.77125
 04/23  24:00:00,86.4141157076,2.915560597
 04/24  01:00:00,80.7775066998,2.355
 04/24  02:00:00,80.08315178699999,2.355
 04/24  03:00:00,79.4041544059,3.49929175254
 04/24  04:00:00,85.38343890770001,2.355
 04/24  05:00:00,84.4029493198,2.355
 04/24  06:00:00,126.166685551,340.05166727200003
 04/24  07:00:00,135.05099138,319.522813879
 04/24  08:00:00,211.395428458,285.13187807
 04/24  09:00:00,235.67791601599998,253.34822339299998
 04/24  10:00:00,226.443783027,227.073047214
 04/24  11:00:00,257.791359149,191.796362413
 04/24  12:00:00,238.934895884,165.08293896200001
 04/24  13:00:00,236.88047305700002,141.140014288
 04/24  14:00:00,236.652144002,116.93697161200001
 04/24  15:00:00,238.469870767,93.87273478870001
 04/24  16:00:00,241.455148379,87.2659609769
 04/24  17:00:00,241.89009504599997,91.1512335724
 04/24  18:00:00,240.172406008,99.3710117964
 04/24  19:00:00,228.09751749,110.44750172799999
 04/24  20:00:00,209.051268451,126.064150647
 04/24  21:00:00,147.93352768,105.42676945299999
 04/24  22:00:00,87.12543139379999,3.4994094956199997
 04/24  23:00:00,121.404038578,2.355
 04/24  24:00:00,92.48536357489999,2.355
 04/25  01:00:00,84.9710237465,3.49926065991
 04/25  02:00:00,84.64007318819999,2.355
 04/25  03:00:00,84.3872236965,2.355
 04/25  04:00:00,106.53654724299999,2.355
 04/25  05:00:00,106.21185979,3.49924948879
 04/25  06:00:00,147.395000178,271.264099734
 04/25  07:00:00,150.715767381,254.99612719599997
 04/25  08:00:00,217.706744845,229.29365225
 04/25  09:00:00,243.57636203400003,203.447030283
 04/25  10:00:00,234.514690896,185.717518596
 04/25  11:00:00,265.170008441,165.336636579
 04/25  12:00:00,246.941783044,149.506329775
 04/25  13:00:00,245.271548568,131.923125194
 04/25  14:00:00,243.833013332,114.155519735
 04/25  15:00:00,242.88685073099998,94.7723010233
 04/25  16:00:00,243.571838593,90.26639253309999
 04/25  17:00:00,242.874044438,93.9200278716
 04/25  18:00:00,240.614495677,100.410362395
 04/25  19:00:00,221.32966913200002,113.134469255
 04/25  20:00:00,204.184700072,126.792287872
 04/25  21:00:00,145.855099357,104.98120497200001
 04/25  22:00:00,90.7883643068,2.355
 04/25  23:00:00,124.66731153200001,2.355
 04/25  24:00:00,95.60046710649999,3.4992306071699995
 04/26  01:00:00,87.5846935359,2.355
 04/26  02:00:00,86.6210721464,2.355
 04/26  03:00:00,85.8214167104,3.49925761227
 04/26  04:00:00,91.8156468093,2.355
 04/26  05:00:00,90.99879810510001,2.355
 04/26  06:00:00,132.313085625,285.23811920099996
 04/26  07:00:00,144.347386963,254.90733238200002
 04/26  08:00:00,221.03607971,218.03107804200002
 04/26  09:00:00,248.476363834,177.434896858
 04/26  10:00:00,239.861880329,154.233544914
 04/26  11:00:00,271.69222177299997,131.283995054
 04/26  12:00:00,256.299953803,116.21509294
 04/26  13:00:00,255.60819785299998,99.8179561183
 04/26  14:00:00,252.868494213,89.8173938849
 04/26  15:00:00,250.752778863,77.5929146487
 04/26  16:00:00,250.815198316,76.397575771
 04/26  17:00:00,249.764251571,83.1107015883
 04/26  18:00:00,246.45924718700002,90.27625514469999
 04/26  19:00:00,235.67844339299998,100.572653852
 04/26  20:00:00,218.28024932099999,106.536385921
 04/26  21:00:00,157.614015489,77.0796495192
 04/26  22:00:00,97.9387505543,3.49945592148
 04/26  23:00:00,131.158890159,2.355
 04/26  24:00:00,102.41324744299999,2.355
 04/27  01:00:00,92.9271066722,3.4993058884199995
 04/27  02:00:00,91.08594156299999,2.355
 04/27  03:00:00,90.1258932111,2.355
 04/27  04:00:00,96.1503894992,3.49922332633
 04/27  05:00:00,95.372658159,2.355
 04/27  06:00:00,136.78171421,237.764291904
 04/27  07:00:00,149.57677570799999,211.09882601900003
 04/27  08:00:00,227.29342975900002,169.97096649600002
 04/27  09:00:00,258.304351365,126.458614256
 04/27  10:00:00,250.23581500400002,100.15307402200001
 04/27  11:00:00,280.386664381,77.421353881
 04/27  12:00:00,265.09860573,56.188056090500005
 04/27  13:00:00,261.947706674,41.2908160293
 04/27  14:00:00,257.05013788900004,32.1559960721
 04/27  15:00:00,253.581999611,22.5439193178
 04/27  16:00:00,252.44128024,23.8112513033
 04/27  17:00:00,249.81396336400002,30.612675043600003
 04/27  18:00:00,246.89232060700002,41.1706648
 04/27  19:00:00,233.074226208,61.823843841300004
 04/27  20:00:00,211.660256203,84.6296947801
 04/27  21:00:00,148.42216913,69.0512099981
 04/27  22:00:00,85.8816394994,2.355
 04/27  23:00:00,119.635559125,2.355
 04/27  24:00:00,90.50639705729999,3.49928292938
 04/28  01:00:00,82.1100394966,2.355
 04/28  02:00:00,81.40253677220001,2.355
 04/28  03:00:00,81.39284301800001,3.4992383602399997
 04/28  04:00:00,104.37136678,2.355
 04/28  05:00:00,104.68903058299999,2.355
 04/28  06:00:00,146.127502025,241.72499397099998
 04/28  07:00:00,149.18219375200002,216.673762457
 04/28  08:00:00,218.195170252,184.282447397
 04/28  09:00:00,247.86120521799998,144.450081907
 04/28  10:00:00,241.25672341799998,119.857958847
 04/28  11:00:00,274.272667062,95.892926371
 04/28  12:00:00,261.065952825,77.2355916071
 04/28  13:00:00,260.27811981900004,66.8112296422
 04/28  14:00:00,257.16371654,59.31872239770001
 04/28  15:00:00,254.936048225,53.502728354700004
 04/28  16:00:00,256.060388903,55.5543498634
 04/28  17:00:00,256.384419872,63.9398173045
 04/28  18:00:00,253.710560329,76.8202139957
 04/28  19:00:00,237.985696551,86.0037300008
 04/28  20:00:00,220.735597491,94.86717141860001
 04/28  21:00:00,159.643274891,64.1382057437
 04/28  22:00:00,104.657527207,2.355
 04/28  23:00:00,136.558688673,3.4993615602199997
 04/28  24:00:00,107.932756898,2.355
 04/29  01:00:00,95.18744310059999,2.9156633237
 04/29  02:00:00,92.48672740129999,1.77125
 04/29  03:00:00,90.6729543758,1.77125
 04/29  04:00:00,96.09905059489999,2.91556736297
 04/29  05:00:00,95.18327972770001,1.77125
 04/29  06:00:00,124.632260912,214.59359820900002
 04/29  07:00:00,138.40113459100002,201.1073726
 04/29  08:00:00,201.577010422,180.566166935
 04/29  09:00:00,223.38288295799998,153.375276729
 04/29  10:00:00,249.622049772,131.223129159
 04/29  11:00:00,280.655819452,112.306902965
 04/29  12:00:00,266.341732402,99.12054973069999
 04/29  13:00:00,265.796263362,92.187163031
 04/29  14:00:00,261.367340839,85.444905125
 04/29  15:00:00,257.61785952400004,81.035847045
 04/29  16:00:00,257.499127079,77.3957592004
 04/29  17:00:00,257.818201817,78.8112688952
 04/29  18:00:00,241.070193238,92.83950880549999
 04/29  19:00:00,202.346825545,101.630625866
 04/29  20:00:00,199.460027603,109.33647439299999
 04/29  21:00:00,151.724993942,81.2389795445
 04/29  22:00:00,104.853263971,1.77125
 04/29  23:00:00,137.521457892,2.9156930638
 04/29  24:00:00,110.24884439700001,1.77125
 04/30  01:00:00,101.730000297,1.77125
 04/30  02:00:00,100.857296837,2.9155864008499996
 04/30  03:00:00,100.20159315,1.77125
 04/30  04:00:00,106.590757023,2.91552695014
 04/30  05:00:00,105.68627462,1.77125
 04/30  06:00:00,134.236149633,183.740211867
 04/30  07:00:00,150.130116618,176.514258386
 04/30  08:00:00,185.336059987,151.287986285
 04/30  09:00:00,163.397688629,140.874655658
 04/30  10:00:00,198.418855702,114.36132675799999
 04/30  11:00:00,228.995881212,93.5867281109
 04/30  12:00:00,244.614657252,70.62492445779999
 04/30  13:00:00,245.57621395799998,56.336213428
 04/30  14:00:00,241.69560242400001,45.331050783900004
 04/30  15:00:00,239.210610317,34.9277807921
 04/30  16:00:00,239.801302534,29.201555609299998
 04/30  17:00:00,210.09788567,35.596315590799996
 04/30  18:00:00,213.78400543,41.8223982708
 04/30  19:00:00,198.30980887299998,52.5057988353
 04/30  20:00:00,197.93398188700002,65.4392261549
 04/30  21:00:00,175.975435892,33.5838337135
 04/30  22:00:00,112.787614564,2.9156698444200004
 04/30  23:00:00,143.078804348,1.77125
 04/30  24:00:00,115.18404237200001,2.91553188702
 05/01  01:00:00,106.419077712,2.355
 05/01  02:00:00,103.46884536600001,2.355
 05/01  03:00:00,100.655813549,2.355
 05/01  04:00:00,104.84340692,3.4992454731400002
 05/01  05:00:00,101.87196654899999,2.355
 05/01  06:00:00,139.071926939,213.594214834
 05/01  07:00:00,148.38610061100002,216.043612183
 05/01  08:00:00,222.819640399,199.987871019
 05/01  09:00:00,249.201887573,176.599703473
 05/01  10:00:00,240.05424142400003,159.213386946
 05/01  11:00:00,270.624223555,131.022732975
 05/01  12:00:00,254.65773421400002,105.609739562
 05/01  13:00:00,253.689885022,89.7967862375
 05/01  14:00:00,249.769151943,75.477371198
 05/01  15:00:00,246.08056322299998,61.472364115699996
 05/01  16:00:00,244.154491599,60.2398443892
 05/01  17:00:00,242.34578043099998,66.50421252
 05/01  18:00:00,239.920647489,76.74452130819999
 05/01  19:00:00,222.883576674,95.7390227341
 05/01  20:00:00,207.844865604,117.43402489399999
 05/01  21:00:00,148.25091621,102.04347280299999
 05/01  22:00:00,88.68037003219999,2.355
 05/01  23:00:00,122.71094218799999,3.49932618931
 05/01  24:00:00,93.735881984,2.355
 05/02  01:00:00,85.77568575779999,2.355
 05/02  02:00:00,84.8999011232,2.355
 05/02  03:00:00,84.1041158507,3.4992697274599998
 05/02  04:00:00,105.975875996,2.355
 05/02  05:00:00,105.797061633,2.355
 05/02  06:00:00,147.696989099,284.890114614
 05/02  07:00:00,153.086321527,245.118960487
 05/02  08:00:00,222.813955845,194.330779843
 05/02  09:00:00,255.97745507,139.072769038
 05/02  10:00:00,253.32255409299998,107.791030295
 05/02  11:00:00,283.823084169,83.474970782
 05/02  12:00:00,268.10114922400004,66.5238538631
 05/02  13:00:00,263.78287564,52.1210661602
 05/02  14:00:00,259.417913832,40.8273479867
 05/02  15:00:00,256.950199667,28.916593862800003
 05/02  16:00:00,257.591667739,27.862165013400002
 05/02  17:00:00,256.992076833,34.5759815645
 05/02  18:00:00,254.09110426599997,45.8605315496
 05/02  19:00:00,233.976758539,55.449235722
 05/02  20:00:00,219.395360774,65.6133663163
 05/02  21:00:00,158.555346175,36.171692773800004
 05/02  22:00:00,103.515008155,2.355
 05/02  23:00:00,136.503551894,3.4993364284300004
 05/02  24:00:00,109.522865002,2.355
 05/03  01:00:00,100.02801135600001,2.355
 05/03  02:00:00,98.9603419478,3.49926935193
 05/03  03:00:00,98.02846064479999,2.355
 05/03  04:00:00,104.719335143,2.355
 05/03  05:00:00,103.862867327,3.4992486316800004
 05/03  06:00:00,145.13509778600002,115.229215848
 05/03  07:00:00,160.12363279,117.35503713899999
 05/03  08:00:00,239.69471877400002,94.12196018559999
 05/03  09:00:00,271.825986897,68.8041212514
 05/03  10:00:00,264.839176839,54.913019281000004
 05/03  11:00:00,293.76002168400004,39.665622722100004
 05/03  12:00:00,282.778840406,31.4234305592
 05/03  13:00:00,282.076492954,27.3993792194
 05/03  14:00:00,277.975491517,31.8498317692
 05/03  15:00:00,275.123322053,36.5648122909
 05/03  16:00:00,276.478231553,36.7603750465
 05/03  17:00:00,277.616512056,38.4503444263
 05/03  18:00:00,273.677567975,43.3505430214
 05/03  19:00:00,262.347409645,51.754128316400006
 05/03  20:00:00,251.355274518,58.429044633500006
 05/03  21:00:00,182.14054074400002,26.1670834273
 05/03  22:00:00,121.592979238,3.4994774055300004
 05/03  23:00:00,153.656241038,2.355
 05/03  24:00:00,130.33658206200002,2.355
 05/04  01:00:00,120.01222632,3.4992857603199994
 05/04  02:00:00,117.911860141,2.355
 05/04  03:00:00,115.75017246600001,2.355
 05/04  04:00:00,121.401840799,3.49927769822
 05/04  05:00:00,116.325600758,2.355
 05/04  06:00:00,160.332659146,74.7986774876
 05/04  07:00:00,179.073102426,87.87565916049999
 05/04  08:00:00,256.873474718,69.00857021739999
 05/04  09:00:00,288.86014855,45.6585744712
 05/04  10:00:00,284.105533512,32.002062638000005
 05/04  11:00:00,306.90290079700003,17.5610652593
 05/04  12:00:00,296.737633929,11.673034913199999
 05/04  13:00:00,295.711698631,11.673070308699998
 05/04  14:00:00,288.845620426,12.8181153306
 05/04  15:00:00,284.065446797,12.3369786953
 05/04  16:00:00,283.52073210099996,17.6384657676
 05/04  17:00:00,282.689115453,24.8216411446
 05/04  18:00:00,276.733448957,34.958439731599995
 05/04  19:00:00,265.012821264,44.7196031462
 05/04  20:00:00,253.97645013,50.3541160478
 05/04  21:00:00,184.084496095,16.5689307446
 05/04  22:00:00,121.729439878,3.4995001545099997
 05/04  23:00:00,150.765857939,2.355
 05/04  24:00:00,124.954986911,3.49925327265
 05/05  01:00:00,113.832884031,2.355
 05/05  02:00:00,110.778828624,2.355
 05/05  03:00:00,107.184607446,3.4992732543900003
 05/05  04:00:00,126.57561425899999,2.355
 05/05  05:00:00,120.82542114299999,2.355
 05/05  06:00:00,162.376072085,154.549885737
 05/05  07:00:00,167.191762242,159.821031393
 05/05  08:00:00,233.11659824,139.397259983
 05/05  09:00:00,261.93250647900004,112.57754524100001
 05/05  10:00:00,254.270000664,101.278344788
 05/05  11:00:00,284.27533294299997,79.337300946
 05/05  12:00:00,270.112657216,63.2959002196
 05/05  13:00:00,269.908069326,52.43467302689999
 05/05  14:00:00,265.970534216,40.9497891784
 05/05  15:00:00,262.533494524,30.616048809099997
 05/05  16:00:00,261.619840193,29.982963403200003
 05/05  17:00:00,259.08663420700003,34.9673093738
 05/05  18:00:00,253.88711713799998,43.7675743991
 05/05  19:00:00,229.79736174099997,62.3948326007
 05/05  20:00:00,210.99976942599997,84.0224444741
 05/05  21:00:00,147.682054722,68.1321066111
 05/05  22:00:00,89.8382268573,2.355
 05/05  23:00:00,122.60843208700001,2.355
 05/05  24:00:00,92.1805652885,3.4992849718
 05/06  01:00:00,82.15435008770001,1.77125
 05/06  02:00:00,81.0151750862,2.9155485459900006
 05/06  03:00:00,80.1277200916,1.77125
 05/06  04:00:00,86.0196792362,1.77125
 05/06  05:00:00,81.6779443497,2.91553904353
 05/06  06:00:00,114.035036011,258.169518343
 05/06  07:00:00,124.208598333,243.497486575
 05/06  08:00:00,187.84533752299998,209.82871690099998
 05/06  09:00:00,206.527082458,176.565406623
 05/06  10:00:00,233.172106882,145.750307518
 05/06  11:00:00,265.741675135,118.34640642299999
 05/06  12:00:00,248.70719038400003,98.3382091017
 05/06  13:00:00,247.861404953,80.3773342242
 05/06  14:00:00,245.321176608,66.6635420824
 05/06  15:00:00,243.425968879,54.8969037354
 05/06  16:00:00,243.942220073,51.091621466599996
 05/06  17:00:00,243.22724989900001,54.3005595666
 05/06  18:00:00,226.738429572,74.1494428023
 05/06  19:00:00,179.024631903,95.718587464
 05/06  20:00:00,178.158650798,117.665923535
 05/06  21:00:00,132.307144758,106.084711115
 05/06  22:00:00,84.3580653736,2.91577499443
 05/06  23:00:00,118.69446646600001,1.77125
 05/06  24:00:00,89.7197867049,1.77125
 05/07  01:00:00,81.7262148517,2.91560146681
 05/07  02:00:00,81.0278293145,1.77125
 05/07  03:00:00,80.3880499934,2.91555423495
 05/07  04:00:00,86.4928651307,1.77125
 05/07  05:00:00,82.387312553,1.77125
 05/07  06:00:00,115.223165616,327.912442724
 05/07  07:00:00,126.88463294,289.922234655
 05/07  08:00:00,163.214755981,229.145102496
 05/07  09:00:00,138.167114464,195.46155562299998
 05/07  10:00:00,174.99131432099998,155.868417078
 05/07  11:00:00,207.782841055,126.72065630700001
 05/07  12:00:00,220.97225245200002,94.99477435969999
 05/07  13:00:00,220.25122489999998,79.8842909446
 05/07  14:00:00,216.836676492,68.8204272893
 05/07  15:00:00,214.182148382,59.5600474834
 05/07  16:00:00,214.19246986,56.2392889014
 05/07  17:00:00,183.485001619,70.1227239021
 05/07  18:00:00,187.66550498200002,82.8658449208
 05/07  19:00:00,166.992674776,96.448368003
 05/07  20:00:00,167.920684475,115.70477424299999
 05/07  21:00:00,150.10079687299998,92.84577570120001
 05/07  22:00:00,86.8908296376,1.77125
 05/07  23:00:00,120.204026821,1.77125
 05/07  24:00:00,91.65015350520001,2.9155542494200004
 05/08  01:00:00,86.2450933461,2.355
 05/08  02:00:00,85.7581180622,2.355
 05/08  03:00:00,85.21700935770001,3.4992205106
 05/08  04:00:00,91.23008973440001,2.355
 05/08  05:00:00,86.9452943869,2.355
 05/08  06:00:00,131.122351253,207.60224901400002
 05/08  07:00:00,141.75569245100002,195.424095521
 05/08  08:00:00,219.01485135,173.276660973
 05/08  09:00:00,247.386105545,143.747376086
 05/08  10:00:00,239.620017973,129.82773067899998
 05/08  11:00:00,271.13601844,113.755745949
 05/08  12:00:00,255.204595269,103.45838499999999
 05/08  13:00:00,254.13552799200002,96.3621176977
 05/08  14:00:00,251.01472764,88.68685948209999
 05/08  15:00:00,248.503667344,80.3994710393
 05/08  16:00:00,249.569036157,76.5972200394
 05/08  17:00:00,250.288869786,77.1270211944
 05/08  18:00:00,248.644696339,79.2241872581
 05/08  19:00:00,235.89938445400003,87.4614739878
 05/08  20:00:00,221.32013875299998,96.90838388040001
 05/08  21:00:00,160.169341439,67.6764968242
 05/08  22:00:00,100.39945761700001,2.355
 05/08  23:00:00,132.396949455,2.355
 05/08  24:00:00,103.646281929,3.49927288792
 05/09  01:00:00,94.82438944440001,2.355
 05/09  02:00:00,93.5976183045,2.355
 05/09  03:00:00,92.57548844690001,3.4992206817100002
 05/09  04:00:00,114.227499395,2.355
 05/09  05:00:00,110.384769678,2.355
 05/09  06:00:00,155.063860175,223.80898246400002
 05/09  07:00:00,160.779731148,206.32134518799998
 05/09  08:00:00,228.283431575,174.99075479099997
 05/09  09:00:00,258.958764283,135.769600491
 05/09  10:00:00,255.262177998,108.726955192
 05/09  11:00:00,287.92901995299997,79.3616297175
 05/09  12:00:00,277.980738876,54.4224068957
 05/09  13:00:00,275.978433311,52.0306879616
 05/09  14:00:00,266.433533607,61.1092128733
 05/09  15:00:00,257.831362648,72.4438267259
 05/09  16:00:00,253.97132328599997,82.8529004877
 05/09  17:00:00,250.113319525,95.00690256450001
 05/09  18:00:00,243.672713152,109.948525797
 05/09  19:00:00,219.347858323,128.15657078200002
 05/09  20:00:00,204.650879068,147.797251064
 05/09  21:00:00,144.964284793,130.35670107
 05/09  22:00:00,88.34373821370001,2.355
 05/09  23:00:00,121.816613464,3.4993174747099998
 05/09  24:00:00,90.7922462644,2.355
 05/10  01:00:00,82.77779031600001,2.355
 05/10  02:00:00,81.1687995121,2.355
 05/10  03:00:00,79.7047750391,3.4992567015300007
 05/10  04:00:00,85.213026713,2.355
 05/10  05:00:00,81.0548880897,2.355
 05/10  06:00:00,126.338546459,345.995049296
 05/10  07:00:00,135.541152273,310.746778113
 05/10  08:00:00,211.996331653,268.123986296
 05/10  09:00:00,236.40208534299998,227.740063714
 05/10  10:00:00,227.508333003,198.141547891
 05/10  11:00:00,258.812941773,163.164671038
 05/10  12:00:00,241.11089820200002,133.87461911
 05/10  13:00:00,241.07853324200002,112.33637629299999
 05/10  14:00:00,239.286413916,95.4188544047
 05/10  15:00:00,237.803482968,78.484922026
 05/10  16:00:00,238.06686242599997,75.7600600311
 05/10  17:00:00,237.21867988099999,82.0829018897
 05/10  18:00:00,235.433875485,92.08746601760001
 05/10  19:00:00,218.2419079,108.06988441899999
 05/10  20:00:00,203.52183088299998,124.74807070899999
 05/10  21:00:00,143.577112288,106.061118507
 05/10  22:00:00,82.6585638672,2.355
 05/10  23:00:00,117.130626885,3.49932034477
 05/10  24:00:00,88.0073314519,2.355
 05/11  01:00:00,80.32322745489999,2.355
 05/11  02:00:00,79.8958162775,2.355
 05/11  03:00:00,79.4788973042,3.4992589999900003
 05/11  04:00:00,85.71814994260001,2.355
 05/11  05:00:00,81.63717227689999,2.355
 05/11  06:00:00,126.87402155299999,311.080178789
 05/11  07:00:00,136.214020124,274.870797969
 05/11  08:00:00,213.03722794900003,226.125399154
 05/11  09:00:00,238.30659361,176.290251027
 05/11  10:00:00,231.039140393,146.642812601
 05/11  11:00:00,264.111788786,117.766489748
 05/11  12:00:00,248.648104657,94.2989096591
 05/11  13:00:00,247.646347941,76.9657523895
 05/11  14:00:00,244.920081295,61.604031016899995
 05/11  15:00:00,242.609545181,46.587642687700004
 05/11  16:00:00,243.278498133,40.4640399144
 05/11  17:00:00,243.30961898099997,41.9007994846
 05/11  18:00:00,242.622295659,47.430947878000005
 05/11  19:00:00,225.099572658,69.5930426465
 05/11  20:00:00,207.945579695,98.4190110775
 05/11  21:00:00,146.754487659,88.921453269
 05/11  22:00:00,86.6695112348,2.355
 05/11  23:00:00,120.994728035,2.355
 05/11  24:00:00,92.4988714537,3.4992806915499997
 05/12  01:00:00,84.35899022640001,2.355
 05/12  02:00:00,83.4892825661,2.355
 05/12  03:00:00,82.4686680022,3.49922633391
 05/12  04:00:00,103.968518797,2.355
 05/12  05:00:00,99.9860758239,2.355
 05/12  06:00:00,144.665914899,277.304857077
 05/12  07:00:00,147.951001654,243.528877368
 05/12  08:00:00,216.376423696,198.22912093
 05/12  09:00:00,244.98133999,148.238616038
 05/12  10:00:00,238.309720375,121.712303531
 05/12  11:00:00,270.265790169,99.9437683018
 05/12  12:00:00,254.582469688,84.1793955255
 05/12  13:00:00,252.133059342,75.7763881491
 05/12  14:00:00,247.75093570299998,68.9112852997
 05/12  15:00:00,244.264160183,61.976760471800006
 05/12  16:00:00,243.814980827,64.4384362335
 05/12  17:00:00,243.21978387099998,71.2530982128
 05/12  18:00:00,241.480615826,80.60897596560001
 05/12  19:00:00,219.74710565200002,91.53023923120001
 05/12  20:00:00,206.84591069099997,99.37543504950001
 05/12  21:00:00,148.348931762,69.45594990890001
 05/12  22:00:00,92.3885324714,2.355
 05/12  23:00:00,125.330077448,2.355
 05/12  24:00:00,97.32195005940001,3.49928374694
 05/13  01:00:00,87.857273335,1.77125
 05/13  02:00:00,87.95020142620001,2.9155560007099997
 05/13  03:00:00,87.90787423100001,1.77125
 05/13  04:00:00,94.3186608099,1.77125
 05/13  05:00:00,90.30415530799999,2.9155318954
 05/13  06:00:00,123.33591674899999,217.54657457
 05/13  07:00:00,136.394403529,202.07406760799998
 05/13  08:00:00,200.411815695,169.467755925
 05/13  09:00:00,225.12299042200002,130.25014641
 05/13  10:00:00,252.713644914,99.9099897077
 05/13  11:00:00,283.964431794,73.2062369428
 05/13  12:00:00,270.12059485099996,51.537635027
 05/13  13:00:00,267.233778128,35.7097027828
 05/13  14:00:00,261.87771532700003,26.9161447123
 05/13  15:00:00,257.80789879099996,21.0392096619
 05/13  16:00:00,257.178252705,19.8840654518
 05/13  17:00:00,256.261678926,24.4927171198
 05/13  18:00:00,238.862404463,43.158913563999995
 05/13  19:00:00,193.527386671,64.213649681
 05/13  20:00:00,191.975335797,85.6502211584
 05/13  21:00:00,143.443074225,69.17662406630001
 05/13  22:00:00,94.60673009290001,1.77125
 05/13  23:00:00,126.86841241,2.91572499869
 05/13  24:00:00,98.2959283215,1.77125
 05/14  01:00:00,89.5482128854,1.77125
 05/14  02:00:00,88.1504433325,2.9156064218299997
 05/14  03:00:00,87.0940514379,1.77125
 05/14  04:00:00,92.8179471099,2.91553541555
 05/14  05:00:00,88.37611467030001,1.77125
 05/14  06:00:00,121.125294369,260.871688158
 05/14  07:00:00,133.88645102700002,231.69274952799998
 05/14  08:00:00,171.134351745,174.44906997900003
 05/14  09:00:00,150.266490916,141.057606933
 05/14  10:00:00,185.45459098799998,108.973118925
 05/14  11:00:00,215.503119845,95.1168846163
 05/14  12:00:00,227.602204499,75.552697792
 05/14  13:00:00,225.577818171,62.982782631800006
 05/14  14:00:00,221.21444846,54.359413913999994
 05/14  15:00:00,217.846209703,46.6060747908
 05/14  16:00:00,218.43323003900002,40.8337813133
 05/14  17:00:00,189.248288875,45.7129752505
 05/14  18:00:00,195.06296879400003,52.4478179057
 05/14  19:00:00,176.24987183,67.8001201686
 05/14  20:00:00,174.217788509,90.8653549177
 05/14  21:00:00,158.808473977,70.16861874279999
 05/14  22:00:00,96.8178449048,1.77125
 05/14  23:00:00,129.179692932,2.9155700079000004
 05/14  24:00:00,100.881110406,1.77125
 05/15  01:00:00,94.131032235,2.355
 05/15  02:00:00,92.5395231275,3.4993092417400002
 05/15  03:00:00,90.9436550822,2.355
 05/15  04:00:00,96.3414628092,2.355
 05/15  05:00:00,92.0973810914,3.4992806728099994
 05/15  06:00:00,137.411447589,214.712362879
 05/15  07:00:00,151.68486075200002,188.83718006900003
 05/15  08:00:00,231.886458019,143.763259425
 05/15  09:00:00,265.325125206,96.6859611514
 05/15  10:00:00,258.516522838,71.5228593041
 05/15  11:00:00,288.44069578799997,43.195723534399995
 05/15  12:00:00,276.337516012,22.126172730700002
 05/15  13:00:00,274.42613461,11.672993218299998
 05/15  14:00:00,269.836147203,11.672713801199999
 05/15  15:00:00,266.70876620900003,11.6727258651
 05/15  16:00:00,266.02974881299997,11.6725655795
 05/15  17:00:00,263.21730752,11.672669815599999
 05/15  18:00:00,258.626716198,10.505151741
 05/15  19:00:00,241.014706895,21.827322352399996
 05/15  20:00:00,220.037999675,44.5589862933
 05/15  21:00:00,159.673952,36.633836131100004
 05/15  22:00:00,98.02804450030001,2.355
 05/15  23:00:00,130.09825968200002,3.49930108453
 05/15  24:00:00,101.49278001200001,2.355
 05/16  01:00:00,92.081670914,2.355
 05/16  02:00:00,91.08030399389999,3.4992859763199995
 05/16  03:00:00,90.3448513677,2.355
 05/16  04:00:00,112.151531325,2.355
 05/16  05:00:00,104.942755832,3.49924817649
 05/16  06:00:00,153.185528446,208.51321772400001
 05/16  07:00:00,158.80835403,187.835900802
 05/16  08:00:00,230.49638029099998,141.51401997899998
 05/16  09:00:00,266.405174552,90.6616184626
 05/16  10:00:00,263.191587679,59.108233882600004
 05/16  11:00:00,295.180324815,26.584739191599997
 05/16  12:00:00,286.734939479,11.6730857156
 05/16  13:00:00,283.456382082,12.818400795499999
 05/16  14:00:00,277.181076329,11.672790638
 05/16  15:00:00,272.328976727,11.6725325931
 05/16  16:00:00,271.240106263,11.6726213774
 05/16  17:00:00,269.799183993,11.6727274372
 05/16  18:00:00,265.048793328,10.5049520138
 05/16  19:00:00,242.18181527599998,11.9295211099
 05/16  20:00:00,220.97739376299998,23.4195830283
 05/16  21:00:00,161.572024667,7.891629915580001
 05/16  22:00:00,105.218169019,2.355
 05/16  23:00:00,137.47730551200002,2.355
 05/16  24:00:00,110.400518311,3.49926256315
 05/17  01:00:00,98.92009014959999,2.355
 05/17  02:00:00,96.44993076790001,2.355
 05/17  03:00:00,94.1576645229,3.4992735251699996
 05/17  04:00:00,99.0189481313,2.355
 05/17  05:00:00,89.9477145291,2.355
 05/17  06:00:00,137.021832009,166.905364135
 05/17  07:00:00,149.013281427,172.83353784099998
 05/17  08:00:00,225.086574257,152.59914784
 05/17  09:00:00,253.79361603799998,125.54821012200001
 05/17  10:00:00,245.285979077,109.85596590200001
 05/17  11:00:00,276.607534887,88.900527919
 05/17  12:00:00,261.787764609,72.3764752763
 05/17  13:00:00,260.503053997,61.208795044300004
 05/17  14:00:00,256.941075013,52.0638075376
 05/17  15:00:00,254.086980788,42.015737626399996
 05/17  16:00:00,253.855083275,42.1845292105
 05/17  17:00:00,251.97138846099998,49.623787440200005
 05/17  18:00:00,247.81950581900003,60.5059318188
 05/17  19:00:00,232.135963781,74.5028943028
 05/17  20:00:00,212.786780282,87.25451866639999
 05/17  21:00:00,154.164566989,61.017630179499996
 05/17  22:00:00,92.5602257331,3.4994862871699994
 05/17  23:00:00,124.936480784,2.355
 05/17  24:00:00,94.9756121404,3.49923009943
 05/18  01:00:00,84.9661980123,2.355
 05/18  02:00:00,82.6700720637,2.355
 05/18  03:00:00,81.4173531118,2.355
 05/18  04:00:00,87.5577028574,3.4992397959300003
 05/18  05:00:00,79.9686454625,2.355
 05/18  06:00:00,128.155426538,233.60986747099997
 05/18  07:00:00,137.399245272,220.058701851
 05/18  08:00:00,213.93795603599997,186.384225057
 05/18  09:00:00,240.698387818,145.717135437
 05/18  10:00:00,233.833639994,123.802609268
 05/18  11:00:00,266.812460755,99.2675145784
 05/18  12:00:00,251.72846275,75.1145275561
 05/18  13:00:00,250.44530331099998,58.3838233837
 05/18  14:00:00,247.392779142,45.9943029962
 05/18  15:00:00,244.79739953400002,35.0829108109
 05/18  16:00:00,245.221108241,32.1578722614
 05/18  17:00:00,244.826499608,36.01353366
 05/18  18:00:00,243.536966017,43.237815997
 05/18  19:00:00,227.381383725,60.574380536499994
 05/18  20:00:00,207.325579136,78.5944737973
 05/18  21:00:00,148.440561921,61.154894703000004
 05/18  22:00:00,84.8947950088,3.49942561774
 05/18  23:00:00,117.73098016,2.355
 05/18  24:00:00,89.152057233,2.355
 05/19  01:00:00,81.412600609,3.49926644193
 05/19  02:00:00,81.1335140442,2.355
 05/19  03:00:00,80.7814548204,2.355
 05/19  04:00:00,103.051843014,2.355
 05/19  05:00:00,96.34369103799999,3.4992394826099997
 05/19  06:00:00,145.084733524,276.680025743
 05/19  07:00:00,149.672680036,239.735307788
 05/19  08:00:00,219.044128167,184.96515124099997
 05/19  09:00:00,251.648179765,128.108456851
 05/19  10:00:00,245.74672878299998,97.46005938100001
 05/19  11:00:00,277.814874788,69.8209894813
 05/19  12:00:00,263.12287343599996,46.1644795788
 05/19  13:00:00,260.370997021,28.2780224928
 05/19  14:00:00,257.637309035,16.3344393844
 05/19  15:00:00,256.74910612900004,11.6726663183
 05/19  16:00:00,258.16456760200003,11.672747621900001
 05/19  17:00:00,257.401415886,11.6725927729
 05/19  18:00:00,255.40200821099998,10.505066213500001
 05/19  19:00:00,230.605805313,24.4797197404
 05/19  20:00:00,212.075692215,45.5115123188
 05/19  21:00:00,154.767202655,36.6142784399
 05/19  22:00:00,98.9686665032,2.355
 05/19  23:00:00,130.66839157,3.49936639765
 05/19  24:00:00,102.07842163299999,2.355
 05/20  01:00:00,89.8433565572,1.77125
 05/20  02:00:00,88.1413606377,2.91560676499
 05/20  03:00:00,86.7078421131,1.77125
 05/20  04:00:00,92.25149775930001,1.77125
 05/20  05:00:00,84.55557073029999,2.91550766786
 05/20  06:00:00,120.939809465,221.20708161299999
 05/20  07:00:00,134.44423675,195.438333822
 05/20  08:00:00,201.965713936,146.601751283
 05/20  09:00:00,229.16249414700002,96.6007424009
 05/20  10:00:00,256.837718101,61.3636865104
 05/20  11:00:00,288.858021586,30.770010930300003
 05/20  12:00:00,278.861457408,14.0436789775
 05/20  13:00:00,276.494556644,11.6728107625
 05/20  14:00:00,271.812710311,11.6727722028
 05/20  15:00:00,268.867801644,11.6726038861
 05/20  16:00:00,269.74797449700003,11.672679562
 05/20  17:00:00,269.887737282,11.672738150399999
 05/20  18:00:00,251.980855834,10.2591056508
 05/20  19:00:00,202.75548607599998,10.3081129274
 05/20  20:00:00,193.595121678,31.282716950999998
 05/20  21:00:00,145.798813893,27.6252191872
 05/20  22:00:00,95.0175251493,1.77125
 05/20  23:00:00,126.92833892700001,2.9157250911199997
 05/20  24:00:00,98.6836620782,1.77125
 05/21  01:00:00,89.2543827237,1.77125
 05/21  02:00:00,88.423666648,2.9155748946599997
 05/21  03:00:00,87.66873306069999,1.77125
 05/21  04:00:00,93.7656452194,1.77125
 05/21  05:00:00,86.5732312134,2.9155710372000003
 05/21  06:00:00,123.904919654,191.94089661
 05/21  07:00:00,140.927132924,172.28792787700002
 05/21  08:00:00,181.731031713,125.30438374299999
 05/21  09:00:00,163.149561397,93.2063045913
 05/21  10:00:00,199.56161564099997,63.249528591899995
 05/21  11:00:00,230.79062814099998,39.2384884539
 05/21  12:00:00,248.873772845,14.683971634
 05/21  13:00:00,247.059036078,10.504852308
 05/21  14:00:00,242.253226597,10.50488251
 05/21  15:00:00,238.958404143,9.36
 05/21  16:00:00,238.513949854,10.505027030900001
 05/21  17:00:00,206.12203253599998,8.16987170781
 05/21  18:00:00,209.10462883099999,6.41851182621
 05/21  19:00:00,189.160290472,8.65185186234
 05/21  20:00:00,183.10929358400003,22.7293796203
 05/21  21:00:00,164.875565981,7.228061761739999
 05/21  22:00:00,99.3030700165,1.77125
 05/21  23:00:00,132.484442367,2.91552673728
 05/21  24:00:00,106.247079196,1.77125
 05/22  01:00:00,99.1938866364,2.355
 05/22  02:00:00,99.3139902883,3.4992467696699996
 05/22  03:00:00,99.5860135467,2.355
 05/22  04:00:00,107.33677842600001,2.355
 05/22  05:00:00,100.271050944,2.355
 05/22  06:00:00,149.867712166,91.7858974452
 05/22  07:00:00,169.84108382600002,96.72796671129998
 05/22  08:00:00,250.31883691599998,72.9423208591
 05/22  09:00:00,283.475009968,41.9439033639
 05/22  10:00:00,279.063945889,23.282644639
 05/22  11:00:00,306.65280002099996,11.672792964000001
 05/22  12:00:00,298.982951682,11.672884723
 05/22  13:00:00,299.67403431099996,12.8182716596
 05/22  14:00:00,295.91451532,11.6728172374
 05/22  15:00:00,294.008814319,11.672528433399998
 05/22  16:00:00,294.30113670000003,11.6726067348
 05/22  17:00:00,292.096526876,11.6727019276
 05/22  18:00:00,285.12230183599996,10.5051262796
 05/22  19:00:00,274.183823549,10.504871938700001
 05/22  20:00:00,252.285391746,9.337393139369999
 05/22  21:00:00,183.300385059,4.69
 05/22  22:00:00,118.12151595799999,3.49946300625
 05/22  23:00:00,148.575366183,2.355
 05/22  24:00:00,123.220337338,2.355
 05/23  01:00:00,112.283801254,3.4992426720699994
 05/23  02:00:00,111.808372461,2.355
 05/23  03:00:00,111.92879739799999,2.355
 05/23  04:00:00,139.227098909,3.49922565751
 05/23  05:00:00,132.57428250200002,2.355
 05/23  06:00:00,183.466232766,38.6080054391
 05/23  07:00:00,196.39894210900002,61.3410856692
 05/23  08:00:00,262.535993346,46.2565525134
 05/23  09:00:00,293.90823598099996,25.4162840921
 05/23  10:00:00,289.06292633,19.0395729871
 05/23  11:00:00,307.956855093,14.5189597004
 05/23  12:00:00,296.676230693,15.708614192
 05/23  13:00:00,296.667874434,11.6730674355
 05/23  14:00:00,292.179100115,11.6727759751
 05/23  15:00:00,290.500505623,11.672528251800001
 05/23  16:00:00,292.097824956,11.6725955749
 05/23  17:00:00,292.272001001,11.6726797673
 05/23  18:00:00,286.68483203700004,10.5051445796
 05/23  19:00:00,267.33235026799997,10.5049566812
 05/23  20:00:00,251.44840224799998,12.4253841042
 05/23  21:00:00,183.999539674,5.8347052145700005
 05/23  22:00:00,126.54443408200001,2.355
 05/23  23:00:00,155.387287265,3.4993367839699996
 05/23  24:00:00,132.11178814,2.355
 05/24  01:00:00,122.48898986100001,2.355
 05/24  02:00:00,121.913276324,3.4993032480900004
 05/24  03:00:00,121.04849611799999,2.355
 05/24  04:00:00,127.656794174,2.355
 05/24  05:00:00,119.163109117,2.355
 05/24  06:00:00,166.1256956,64.8318428155
 05/24  07:00:00,181.782816859,90.9388187502
 05/24  08:00:00,254.08839685799998,87.4277143143
 05/24  09:00:00,280.246783066,74.9396477921
 05/24  10:00:00,271.72608744,70.11350991649999
 05/24  11:00:00,294.972225133,59.454808433500006
 05/24  12:00:00,279.977967664,54.75761539609999
 05/24  13:00:00,277.680871496,53.676638348000004
 05/24  14:00:00,271.36930323900003,51.4933198597
 05/24  15:00:00,266.755575825,48.8855735787
 05/24  16:00:00,265.982507097,51.572564703199994
 05/24  17:00:00,265.119622644,57.234138621499994
 05/24  18:00:00,260.939179203,65.5330005372
 05/24  19:00:00,247.772733758,77.3443714938
 05/24  20:00:00,229.944376393,88.53932031459999
 05/24  21:00:00,169.257623669,59.7422031372
 05/24  22:00:00,109.927559628,3.49945217766
 05/24  23:00:00,142.293498796,2.355
 05/24  24:00:00,115.871280813,2.355
 05/25  01:00:00,107.252067936,3.4993036941400004
 05/25  02:00:00,106.30160811100001,2.355
 05/25  03:00:00,105.57661569,2.355
 05/25  04:00:00,112.01029056799999,3.4992809496300006
 05/25  05:00:00,104.312758254,2.355
 05/25  06:00:00,151.54797466899998,135.99512580799998
 05/25  07:00:00,167.525243293,138.922788312
 05/25  08:00:00,242.975690223,115.81934943899999
 05/25  09:00:00,271.418416987,92.6688349457
 05/25  10:00:00,262.712518573,84.95466767319999
 05/25  11:00:00,288.52640023099997,73.85861656430001
 05/25  12:00:00,273.475615741,69.28794913029999
 05/25  13:00:00,273.268533173,60.4462075243
 05/25  14:00:00,270.093974962,51.75540816270001
 05/25  15:00:00,268.21090898,41.7214158574
 05/25  16:00:00,269.88579069,38.321105301799996
 05/25  17:00:00,270.886024445,39.6152900827
 05/25  18:00:00,268.21859517900003,43.3650789787
 05/25  19:00:00,257.171222789,52.591108064
 05/25  20:00:00,240.402336377,62.548818181
 05/25  21:00:00,177.586352092,33.8555747332
 05/25  22:00:00,116.65993317899999,2.355
 05/25  23:00:00,146.859314394,3.49934114751
 05/25  24:00:00,120.56467785299999,2.355
 05/26  01:00:00,110.9058038,2.355
 05/26  02:00:00,109.63098936,2.355
 05/26  03:00:00,108.82004806100001,3.4992712786699998
 05/26  04:00:00,132.25527657,2.355
 05/26  05:00:00,125.46255026899999,2.355
 05/26  06:00:00,174.430582478,117.279021503
 05/26  07:00:00,185.790305937,116.824385263
 05/26  08:00:00,252.82634025299998,94.5609689402
 05/26  09:00:00,283.343276194,68.72780845
 05/26  10:00:00,278.205895187,55.4156158551
 05/26  11:00:00,301.59164231299997,38.6913178992
 05/26  12:00:00,289.273212421,26.6979615391
 05/26  13:00:00,288.517049858,16.8188008191
 05/26  14:00:00,284.72385822,11.672706153599998
 05/26  15:00:00,283.685261711,11.672652031300002
 05/26  16:00:00,283.66457538599997,11.6727244449
 05/26  17:00:00,283.499062997,11.6725648676
 05/26  18:00:00,279.47402635099996,10.5049814498
 05/26  19:00:00,259.287222122,11.8814489961
 05/26  20:00:00,240.674641096,25.696738629000002
 05/26  21:00:00,175.81878843099997,11.9333190453
 05/26  22:00:00,119.454103659,3.4994615295099996
 05/26  23:00:00,150.39457184,2.355
 05/26  24:00:00,126.103493089,2.355
 05/27  01:00:00,114.016068931,2.91563057254
 05/27  02:00:00,112.542803655,1.77125
 05/27  03:00:00,110.891711684,1.77125
 05/27  04:00:00,117.00205363100001,2.91553077134
 05/27  05:00:00,109.294112271,1.77125
 05/27  06:00:00,145.435380036,93.7483171605
 05/27  07:00:00,164.770060822,102.90937031799999
 05/27  08:00:00,227.887952926,85.1614123775
 05/27  09:00:00,254.07585550000002,60.72634449979999
 05/27  10:00:00,279.708809669,38.9095787143
 05/27  11:00:00,307.074944134,16.6794851658
 05/27  12:00:00,299.593369743,11.673013953599998
 05/27  13:00:00,302.20888384299997,11.6730148949
 05/27  14:00:00,298.182895878,11.6727051184
 05/27  15:00:00,296.634715995,11.672528298800001
 05/27  16:00:00,297.343263832,11.672590892
 05/27  17:00:00,296.177704624,11.672637005
 05/27  18:00:00,274.115796376,10.3211436247
 05/27  19:00:00,231.162820451,8.400404121889999
 05/27  20:00:00,222.419196754,11.644005178199999
 05/27  21:00:00,170.526859826,4.81029050614
 05/27  22:00:00,120.073268628,1.77125
 05/27  23:00:00,150.016923462,2.9157075442299996
 05/27  24:00:00,125.617687481,1.77125
 05/28  01:00:00,115.25437553,1.77125
 05/28  02:00:00,113.839528391,2.91557690015
 05/28  03:00:00,112.627679876,1.77125
 05/28  04:00:00,119.13179672,1.77125
 05/28  05:00:00,111.170747998,2.91557077483
 05/28  06:00:00,146.405715888,93.36116095700001
 05/28  07:00:00,165.644659665,100.546845513
 05/28  08:00:00,202.834085365,75.1709250234
 05/28  09:00:00,185.77003576,57.2030563593
 05/28  10:00:00,221.063254545,37.6173333778
 05/28  11:00:00,247.084078919,28.011265623099998
 05/28  12:00:00,267.110211327,11.382124067100001
 05/28  13:00:00,268.53344471099996,10.5048546433
 05/28  14:00:00,262.518927022,10.5048697887
 05/28  15:00:00,258.175075735,9.36
 05/28  16:00:00,257.985666864,10.5049967751
 05/28  17:00:00,226.92846905599998,8.59389525702
 05/28  18:00:00,228.762625759,14.114948245899999
 05/28  19:00:00,215.95435807099997,23.492780605
 05/28  20:00:00,208.77334659599998,31.955348119099998
 05/28  21:00:00,188.926962274,5.8345038555999995
 05/28  22:00:00,124.403054153,1.77125
 05/28  23:00:00,154.16982977,1.77125
 05/28  24:00:00,132.12438028399998,2.9155469490400003
 05/29  01:00:00,122.506737639,1.77125
 05/29  02:00:00,121.911691894,1.77125
 05/29  03:00:00,121.362913353,2.91557340138
 05/29  04:00:00,128.855614562,1.77125
 05/29  05:00:00,121.30560132299999,1.77125
 05/29  06:00:00,157.362311352,50.7389888899
 05/29  07:00:00,177.52798978400003,69.7652163883
 05/29  08:00:00,210.89654230099998,62.7548299629
 05/29  09:00:00,191.221106282,54.926913095100005
 05/29  10:00:00,223.80206198599998,44.893532756400006
 05/29  11:00:00,246.379709718,39.3937580602
 05/29  12:00:00,264.51347705,26.4009900169
 05/29  13:00:00,265.85467057200003,12.7001973001
 05/29  14:00:00,263.501354729,10.504896869400001
 05/29  15:00:00,263.092135008,10.5049643172
 05/29  16:00:00,265.019594998,10.5048818718
 05/29  17:00:00,234.56963236400003,8.169893252849999
 05/29  18:00:00,235.882215398,5.83462113665
 05/29  19:00:00,220.888076013,4.69
 05/29  20:00:00,208.496184862,13.5392336659
 05/29  21:00:00,186.09966059200002,4.69
 05/29  22:00:00,119.42035780299999,2.91562267119
 05/29  23:00:00,148.892275711,1.77125
 05/29  24:00:00,122.38666972899999,1.77125
 05/30  01:00:00,112.72776791700001,3.49924895605
 05/30  02:00:00,109.385277841,2.355
 05/30  03:00:00,106.357721205,2.355
 05/30  04:00:00,128.021815403,3.49922705129
 05/30  05:00:00,119.753358156,2.355
 05/30  06:00:00,167.242966906,122.04773269299999
 05/30  07:00:00,177.10225392599997,125.41442395600001
 05/30  08:00:00,246.156342151,96.41517591110001
 05/30  09:00:00,278.226257228,65.1550047113
 05/30  10:00:00,271.554568937,48.516313718999996
 05/30  11:00:00,297.250513151,28.737493695599998
 05/30  12:00:00,284.01090534599996,16.8486337476
 05/30  13:00:00,282.210780772,11.6729413516
 05/30  14:00:00,276.768238765,11.6726397654
 05/30  15:00:00,273.31549179,11.672618543199999
 05/30  16:00:00,272.16357549,11.672672896199998
 05/30  17:00:00,269.508977318,11.672497673699999
 05/30  18:00:00,264.011723352,10.5049475668
 05/30  19:00:00,240.835551706,23.208756009699997
 05/30  20:00:00,216.712094287,44.0433371067
 05/30  21:00:00,160.702500415,32.6821816153
 05/30  22:00:00,105.02356619,2.355
 05/30  23:00:00,136.92247459700002,2.355
 05/30  24:00:00,109.247564205,3.4992515143300005
 05/31  01:00:00,99.9495435235,2.355
 05/31  02:00:00,97.9697990176,2.355
 05/31  03:00:00,96.58028841379999,3.4992513001099996
 05/31  04:00:00,102.183270153,2.355
 05/31  05:00:00,94.32594131350001,2.355
 05/31  06:00:00,141.550677439,180.277599482
 05/31  07:00:00,157.061850953,163.92022130200002
 05/31  08:00:00,238.472111387,122.200118726
 05/31  09:00:00,273.46736065700003,76.3677417415
 05/31  10:00:00,269.092274918,53.0971941922
 05/31  11:00:00,296.483521973,30.4664219404
 05/31  12:00:00,284.33528442799997,14.3635464347
 05/31  13:00:00,283.488551435,11.6728487002
 05/31  14:00:00,280.718071172,11.672591076199998
 05/31  15:00:00,280.09052880400003,11.6725883342
 05/31  16:00:00,282.06205613099996,11.6726361849
 05/31  17:00:00,282.80103695,12.817713899500001
 05/31  18:00:00,279.674160272,9.36
 05/31  19:00:00,268.133234341,10.5049474214
 05/31  20:00:00,241.96336519099998,10.5383404989
 05/31  21:00:00,180.084100036,5.83466922843
 05/31  22:00:00,118.216993253,2.355
 05/31  23:00:00,149.167292759,3.4992973294599996
 05/31  24:00:00,124.04093627799999,2.355
 06/01  01:00:00,113.55785308899999,2.355
 06/01  02:00:00,115.651287016,3.4992586766400002
 06/01  03:00:00,117.622197317,2.355
 06/01  04:00:00,126.480258974,2.355
 06/01  05:00:00,119.163015267,2.355
 06/01  06:00:00,167.371426335,42.810768030300004
 06/01  07:00:00,184.179952152,74.91799954609999
 06/01  08:00:00,257.648983165,63.922874414700004
 06/01  09:00:00,286.024577001,40.8649826764
 06/01  10:00:00,280.526885826,27.0892272119
 06/01  11:00:00,305.914627963,12.1248685541
 06/01  12:00:00,297.15050537900004,11.673058128900001
 06/01  13:00:00,294.73920019999997,11.6730275319
 06/01  14:00:00,283.68965729,12.817884773800001
 06/01  15:00:00,273.257995088,11.6725500101
 06/01  16:00:00,269.029682117,11.6726077799
 06/01  17:00:00,266.78088473400004,11.6726819149
 06/01  18:00:00,262.640352958,17.7635823058
 06/01  19:00:00,249.85980151400003,29.4296636172
 06/01  20:00:00,225.363240731,47.243231899499996
 06/01  21:00:00,167.655408169,24.7438743096
 06/01  22:00:00,106.914901749,2.355
 06/01  23:00:00,138.956319839,3.49929044141
 06/01  24:00:00,111.519944466,2.355
 06/02  01:00:00,101.678364475,2.355
 06/02  02:00:00,100.406350525,3.4992755685000003
 06/02  03:00:00,99.3635444228,2.355
 06/02  04:00:00,120.78050762,2.355
 06/02  05:00:00,112.34176227799999,3.49923101124
 06/02  06:00:00,159.553988399,122.407910171
 06/02  07:00:00,165.753426289,136.465761815
 06/02  08:00:00,233.582115993,117.989276568
 06/02  09:00:00,264.04683314700003,87.85688994520001
 06/02  10:00:00,256.38137950099997,69.5034122212
 06/02  11:00:00,284.758592918,48.3553294175
 06/02  12:00:00,269.180084177,36.6697477926
 06/02  13:00:00,266.943073798,26.8887599325
 06/02  14:00:00,261.876405147,21.1295392776
 06/02  15:00:00,258.939259806,13.4356266944
 06/02  16:00:00,260.55785311700004,11.672504214000002
 06/02  17:00:00,259.879664071,11.672571908499998
 06/02  18:00:00,255.06583555,19.647698349200002
 06/02  19:00:00,234.19556342200002,32.4458135693
 06/02  20:00:00,213.392886165,44.488667803999995
 06/02  21:00:00,157.626611132,33.1134868367
 06/02  22:00:00,102.275978664,3.4994248008599995
 06/02  23:00:00,134.180068384,2.355
 06/02  24:00:00,106.688573118,2.355
 06/03  01:00:00,97.18327976879999,2.9155881354799997
 06/03  02:00:00,97.5996782717,1.77125
 06/03  03:00:00,97.9369408549,1.77125
 06/03  04:00:00,105.62462997799999,2.91555928972
 06/03  05:00:00,97.71409387979999,1.77125
 06/03  06:00:00,134.109266159,110.925752448
 06/03  07:00:00,152.98100880200002,116.76669771799999
 06/03  08:00:00,220.598941218,87.8820945983
 06/03  09:00:00,247.757441779,59.8059692614
 06/03  10:00:00,272.315496468,37.1877112777
 06/03  11:00:00,300.09406012,16.1014343394
 06/03  12:00:00,288.280166303,12.8182606652
 06/03  13:00:00,288.885556334,11.6728420116
 06/03  14:00:00,280.658993915,11.6725224871
 06/03  15:00:00,276.39155461,11.6725802712
 06/03  16:00:00,278.649411589,11.672621978399999
 06/03  17:00:00,280.18004035,11.6726472726
 06/03  18:00:00,258.851811978,10.9179809171
 06/03  19:00:00,214.239317013,8.46986027146
 06/03  20:00:00,201.93135644400002,20.9459501903
 06/03  21:00:00,156.91139138100002,11.351361658800002
 06/03  22:00:00,107.32668212600001,2.91577161245
 06/03  23:00:00,138.846415837,1.77125
 06/03  24:00:00,113.36786702100001,2.9156843471099996
 06/04  01:00:00,104.57697039899999,1.77125
 06/04  02:00:00,103.953542791,2.91552648098
 06/04  03:00:00,103.114641464,1.77125
 06/04  04:00:00,108.393778584,1.77125
 06/04  05:00:00,95.88126235600001,2.91550195394
 06/04  06:00:00,135.977709129,111.215840519
 06/04  07:00:00,155.516899314,109.200564001
 06/04  08:00:00,194.812715915,77.7730260931
 06/04  09:00:00,176.828776362,54.6772153234
 06/04  10:00:00,210.706851333,41.8984663106
 06/04  11:00:00,241.771709837,19.826587924600002
 06/04  12:00:00,262.121956968,10.5048119609
 06/04  13:00:00,267.386413614,9.36
 06/04  14:00:00,263.70092806,10.5048367648
 06/04  15:00:00,261.068883604,10.5048906226
 06/04  16:00:00,261.364075914,10.5049988395
 06/04  17:00:00,227.882244695,8.58414520999
 06/04  18:00:00,222.339209465,6.1612301805400005
 06/04  19:00:00,202.201115023,6.254888344319999
 06/04  20:00:00,188.812990732,28.569462109299998
 06/04  21:00:00,169.715825371,17.7300149207
 06/04  22:00:00,104.743548979,2.91559324447
 06/04  23:00:00,135.971124955,1.77125
 06/04  24:00:00,108.891365952,1.77125
 06/05  01:00:00,101.855013107,3.4992671853900004
 06/05  02:00:00,100.69694358,2.355
 06/05  03:00:00,100.027313561,2.355
 06/05  04:00:00,106.468667735,3.4992328914499997
 06/05  05:00:00,94.985803625,2.355
 06/05  06:00:00,148.045884044,110.903185978
 06/05  07:00:00,168.568671564,105.757475004
 06/05  08:00:00,250.32333249099997,69.2428240242
 06/05  09:00:00,282.183458267,40.098812634299996
 06/05  10:00:00,278.906026429,19.7835404376
 06/05  11:00:00,309.327616837,11.6727269459
 06/05  12:00:00,299.764241883,12.8180096197
 06/05  13:00:00,296.291436746,11.6730033032
 06/05  14:00:00,288.702784819,11.672648434100001
 06/05  15:00:00,284.587395289,11.6725940585
 06/05  16:00:00,285.675901805,11.672638080599999
 06/05  17:00:00,285.645347844,11.672698242100001
 06/05  18:00:00,280.404142075,10.5050949923
 06/05  19:00:00,267.01649876700003,10.9231780336
 06/05  20:00:00,233.65305486,11.848781656
 06/05  21:00:00,173.44111843,4.69
 06/05  22:00:00,111.569117388,3.4994278014599995
 06/05  23:00:00,140.440968799,2.355
 06/05  24:00:00,113.062298271,2.355
 06/06  01:00:00,102.787579167,3.4992929289699997
 06/06  02:00:00,100.928073744,2.355
 06/06  03:00:00,98.94749335459998,2.355
 06/06  04:00:00,119.808629897,3.4992578611300003
 06/06  05:00:00,108.767890223,2.355
 06/06  06:00:00,161.569822223,117.68496294799999
 06/06  07:00:00,175.869437281,111.76705445700001
 06/06  08:00:00,250.18235853599998,72.8894036867
 06/06  09:00:00,287.898516225,25.9536244323
 06/06  10:00:00,289.862257496,11.6723817571
 06/06  11:00:00,321.192069521,11.672741634300001
 06/06  12:00:00,314.627016821,12.8180316281
 06/06  13:00:00,312.51460968099997,11.673010082200001
 06/06  14:00:00,306.958240848,11.672653848800001
 06/06  15:00:00,308.93297144400003,11.6725974253
 06/06  16:00:00,310.722222898,11.672639064
 06/06  17:00:00,306.90032007,11.672696794
 06/06  18:00:00,299.74198704099996,10.5050916296
 06/06  19:00:00,280.205407847,10.5048161555
 06/06  20:00:00,252.457924808,11.680482232100001
 06/06  21:00:00,186.463714178,4.69
 06/06  22:00:00,128.659555058,3.49942046008
 06/06  23:00:00,158.531357725,2.355
 06/06  24:00:00,137.300730425,2.355
 06/07  01:00:00,125.128547708,3.4992851165900003
 06/07  02:00:00,123.694181644,2.355
 06/07  03:00:00,122.01168223,2.355
 06/07  04:00:00,127.52820848399999,3.49924939256
 06/07  05:00:00,114.75294664200001,2.355
 06/07  06:00:00,168.208713845,21.600256331599997
 06/07  07:00:00,190.13753669,39.3139546943
 06/07  08:00:00,268.435677774,16.0339149365
 06/07  09:00:00,304.67229067700003,11.6723342495
 06/07  10:00:00,308.033894271,11.672293501199999
 06/07  11:00:00,329.906433177,11.672722609000001
 06/07  12:00:00,324.259096963,11.6727524172
 06/07  13:00:00,307.450198838,15.1908006676
 06/07  14:00:00,287.414600056,11.8066853695
 06/07  15:00:00,283.75579139900003,11.672567235499999
 06/07  16:00:00,278.44875482099997,12.752368943199999
 06/07  17:00:00,270.67122959299996,22.2009811644
 06/07  18:00:00,258.489189235,51.5949974846
 06/07  19:00:00,239.249841104,74.9721958585
 06/07  20:00:00,216.381834153,84.77582210439999
 06/07  21:00:00,161.111528927,53.3426792713
 06/07  22:00:00,100.78127250600001,3.4993797813
 06/07  23:00:00,132.07640352200002,2.355
 06/07  24:00:00,102.944908844,2.355
 06/08  01:00:00,94.1505615751,3.4992441900599998
 06/08  02:00:00,92.3157516797,2.355
 06/08  03:00:00,90.7479509603,2.355
 06/08  04:00:00,96.0109184263,2.355
 06/08  05:00:00,84.2445488818,3.49927567368
 06/08  06:00:00,135.37720372200002,201.283292883
 06/08  07:00:00,148.432371519,185.556497442
 06/08  08:00:00,225.723127103,152.47383506100002
 06/08  09:00:00,257.007895329,113.46500244399999
 06/08  10:00:00,251.452505997,89.29813500200001
 06/08  11:00:00,283.883943924,63.294372633100004
 06/08  12:00:00,271.92984252900004,37.7216805127
 06/08  13:00:00,271.42024439799997,20.2856048034
 06/08  14:00:00,265.536917002,11.6725647524
 06/08  15:00:00,265.760226796,11.6725040193
 06/08  16:00:00,271.309746136,11.672541058399998
 06/08  17:00:00,273.440576203,11.6725940868
 06/08  18:00:00,268.724561882,10.5049852611
 06/08  19:00:00,254.92462724400002,10.9058259823
 06/08  20:00:00,227.825162917,22.320394664000002
 06/08  21:00:00,168.318239138,16.2185497919
 06/08  22:00:00,106.48736044399999,3.4994104132999997
 06/08  23:00:00,137.156617123,2.355
 06/08  24:00:00,111.827393916,2.355
 06/09  01:00:00,102.972920391,3.4992422728900006
 06/09  02:00:00,101.76364981799999,2.355
 06/09  03:00:00,101.727701279,2.355
 06/09  04:00:00,123.79297507700001,2.355
 06/09  05:00:00,111.55677261,3.4992691053600002
 06/09  06:00:00,164.493394564,116.61134341299999
 06/09  07:00:00,177.416060911,109.510777744
 06/09  08:00:00,248.535407768,80.5602409802
 06/09  09:00:00,280.180343072,48.6104554928
 06/09  10:00:00,274.467000478,32.4109208681
 06/09  11:00:00,301.725758609,14.0622174079
 06/09  12:00:00,293.125504081,11.672910511500001
 06/09  13:00:00,296.60353608099996,12.8181968626
 06/09  14:00:00,294.48669604599996,11.6727230149
 06/09  15:00:00,291.223557085,11.672640207999999
 06/09  16:00:00,292.773953048,11.6726787019
 06/09  17:00:00,292.359154996,11.672493278800001
 06/09  18:00:00,287.202166116,10.5048826577
 06/09  19:00:00,265.385061728,11.655475152200001
 06/09  20:00:00,239.62534722,9.4438586137
 06/09  21:00:00,176.996330972,5.83462804707
 06/09  22:00:00,119.35548867700001,2.355
 06/09  23:00:00,149.54386292200002,3.49929982856
 06/09  24:00:00,125.36129739200001,2.355
 06/10  01:00:00,110.56615433,1.77125
 06/10  02:00:00,109.527227737,2.91560236976
 06/10  03:00:00,109.494647316,1.77125
 06/10  04:00:00,117.550312805,2.91550311079
 06/10  05:00:00,106.84984444,1.77125
 06/10  06:00:00,147.366886399,26.1200888104
 06/10  07:00:00,167.804724187,44.0450491654
 06/10  08:00:00,233.43420571599998,25.8114052286
 06/10  09:00:00,264.8425335,10.504758005800001
 06/10  10:00:00,297.615255643,11.6724353162
 06/10  11:00:00,327.949705794,11.6726959441
 06/10  12:00:00,325.369060871,11.672682540799999
 06/10  13:00:00,336.804394306,12.8183098679
 06/10  14:00:00,334.45758017400004,11.672507438299998
 06/10  15:00:00,336.0231911,11.672544459800001
 06/10  16:00:00,336.36369972,11.6725657699
 06/10  17:00:00,330.526082402,11.672571078199999
 06/10  18:00:00,297.075038899,9.337530943400001
 06/10  19:00:00,254.439875827,7.444950551819999
 06/10  20:00:00,243.14378812599998,5.8575
 06/10  21:00:00,191.363576012,4.667152022840001
 06/10  22:00:00,131.130245008,2.91572372777
 06/10  23:00:00,159.81509810100002,1.77125
 06/10  24:00:00,139.10105103,1.77125
 06/11  01:00:00,126.022072244,2.91552123476
 06/11  02:00:00,124.67967948299999,1.77125
 06/11  03:00:00,123.21842753700001,1.77125
 06/11  04:00:00,129.963197089,2.9155186712299996
 06/11  05:00:00,117.83107664399999,1.77125
 06/11  06:00:00,159.47226661,5.4297593678
 06/11  07:00:00,179.212728747,20.6519462183
 06/11  08:00:00,213.296350623,13.8113678211
 06/11  09:00:00,196.525776529,5.44715622153
 06/11  10:00:00,235.20873550599998,7.025
 06/11  11:00:00,262.89211013799996,8.169828321910002
 06/11  12:00:00,286.185336007,10.504908650800001
 06/11  13:00:00,287.363747912,10.504961271900001
 06/11  14:00:00,280.110248457,10.5047599263
 06/11  15:00:00,275.08977564400004,10.5048063352
 06/11  16:00:00,275.087461317,9.36
 06/11  17:00:00,245.67787649599998,8.16984962866
 06/11  18:00:00,244.637977988,6.48349665449
 06/11  19:00:00,233.70928362200002,5.83468591795
 06/11  20:00:00,224.565720708,4.69
 06/11  21:00:00,197.377354763,5.83445919028
 06/11  22:00:00,128.406601187,1.77125
 06/11  23:00:00,155.872489817,1.77125
 06/11  24:00:00,135.607336705,2.91557364347
 06/12  01:00:00,126.681025584,2.355
 06/12  02:00:00,123.598023574,2.355
 06/12  03:00:00,119.679857903,3.49921774871
 06/12  04:00:00,124.877296809,2.355
 06/12  05:00:00,112.837338927,2.355
 06/12  06:00:00,163.01709713399998,45.4324860047
 06/12  07:00:00,179.26122641700002,72.2359064728
 06/12  08:00:00,255.572620175,52.002964077200005
 06/12  09:00:00,286.009854339,23.4217070507
 06/12  10:00:00,278.54088589400004,13.5886540849
 06/12  11:00:00,304.388244709,12.817945688
 06/12  12:00:00,293.868324433,11.6727352183
 06/12  13:00:00,293.57346915799997,11.672973438800001
 06/12  14:00:00,287.052566958,11.672653325799999
 06/12  15:00:00,284.509136565,11.672604525699999
 06/12  16:00:00,284.638701593,11.6726281879
 06/12  17:00:00,284.198350544,11.6726676795
 06/12  18:00:00,276.06492357400003,10.5050711484
 06/12  19:00:00,261.404203574,11.492348655999999
 06/12  20:00:00,233.991291737,14.1803663743
 06/12  21:00:00,172.858551052,4.69
 06/12  22:00:00,110.851537739,3.4994662633999996
 06/12  23:00:00,141.356734937,2.355
 06/12  24:00:00,114.04792247600001,3.4992242842800003
 06/13  01:00:00,103.24692048,2.355
 06/13  02:00:00,101.048207047,2.355
 06/13  03:00:00,99.3516795355,2.355
 06/13  04:00:00,120.38084560200001,3.4992139237
 06/13  05:00:00,110.316555125,2.355
 06/13  06:00:00,162.250304075,116.515628202
 06/13  07:00:00,170.97846148600001,125.440046064
 06/13  08:00:00,240.45136155900002,94.79919591040002
 06/13  09:00:00,271.804751645,61.8188851151
 06/13  10:00:00,264.874800925,46.5737171348
 06/13  11:00:00,294.35622991599996,24.8599479464
 06/13  12:00:00,284.705216564,12.8181551453
 06/13  13:00:00,292.473376882,11.6727502682
 06/13  14:00:00,293.039449358,11.6726781239
 06/13  15:00:00,289.440113296,11.672607422999999
 06/13  16:00:00,281.568485787,13.638266679000001
 06/13  17:00:00,284.473952802,12.3788388573
 06/13  18:00:00,284.066425314,10.5050556665
 06/13  19:00:00,263.982197954,10.504770800700001
 06/13  20:00:00,245.14672754900002,9.33724649017
 06/13  21:00:00,183.539406304,4.69
 06/13  22:00:00,124.592212464,3.4994606632800003
 06/13  23:00:00,153.278106196,2.355
 06/13  24:00:00,128.82859654,2.355
 06/14  01:00:00,117.259876785,3.49929020774
 06/14  02:00:00,114.37846561200001,2.355
 06/14  03:00:00,111.858563946,2.355
 06/14  04:00:00,116.418034724,2.355
 06/14  05:00:00,101.211590736,3.4992460297400005
 06/14  06:00:00,147.746380469,104.083997848
 06/14  07:00:00,157.705928021,132.328837047
 06/14  08:00:00,231.539866483,113.49230033799999
 06/14  09:00:00,261.93918150900004,88.5203357558
 06/14  10:00:00,253.78124224099997,79.3628532293
 06/14  11:00:00,285.016981778,61.645836260699994
 06/14  12:00:00,271.11269026400004,51.1868721401
 06/14  13:00:00,271.893349688,42.4741309072
 06/14  14:00:00,272.478525312,21.6800459075
 06/14  15:00:00,273.352976149,11.672578181099999
 06/14  16:00:00,279.626583917,11.672605221800001
 06/14  17:00:00,284.68177054,11.6726479946
 06/14  18:00:00,281.62615659700003,10.505008331
 06/14  19:00:00,270.61597677599997,9.36
 06/14  20:00:00,248.68936960599999,9.33735545791
 06/14  21:00:00,185.801117592,5.83459041359
 06/14  22:00:00,123.15821160799999,2.355
 06/14  23:00:00,153.59294231799998,3.49935523583
 06/14  24:00:00,130.23564207799998,2.355
 06/15  01:00:00,118.177282656,2.355
 06/15  02:00:00,116.10630888899999,3.49923597394
 06/15  03:00:00,114.359809037,2.355
 06/15  04:00:00,120.304226468,2.355
 06/15  05:00:00,108.721202171,2.355
 06/15  06:00:00,160.734772513,57.1047316362
 06/15  07:00:00,181.07725195900002,74.247588206
 06/15  08:00:00,260.821308281,48.6418904471
 06/15  09:00:00,294.922664187,15.684587394100001
 06/15  10:00:00,296.21009655299997,11.6723972144
 06/15  11:00:00,321.400266129,11.672852871199998
 06/15  12:00:00,314.532291842,11.6729022302
 06/15  13:00:00,319.437818429,11.67284059
 06/15  14:00:00,315.34234633,11.67255982
 06/15  15:00:00,313.040617231,11.6725244797
 06/15  16:00:00,312.047519417,11.672537578800002
 06/15  17:00:00,310.966743869,11.6725663421
 06/15  18:00:00,303.58626833299996,10.5049839673
 06/15  19:00:00,292.39764694,10.5047594939
 06/15  20:00:00,267.81669827400003,10.222109121699999
 06/15  21:00:00,194.344336614,5.83457577325
 06/15  22:00:00,128.71373736,2.355
 06/15  23:00:00,156.636841764,2.355
 06/15  24:00:00,136.148631225,3.4992727558199994
 06/16  01:00:00,125.781739051,2.355
 06/16  02:00:00,125.749594317,2.355
 06/16  03:00:00,126.526753358,3.49926044792
 06/16  04:00:00,152.85456199799998,2.355
 06/16  05:00:00,141.8103012,2.355
 06/16  06:00:00,193.22716585900002,9.425944230610002
 06/16  07:00:00,203.13469850200002,44.054583372799996
 06/16  08:00:00,267.857277889,28.1151216784
 06/16  09:00:00,302.905631565,10.5275
 06/16  10:00:00,307.055862678,11.672372873399999
 06/16  11:00:00,325.88658931,11.672637715699999
 06/16  12:00:00,318.791281562,12.8183016829
 06/16  13:00:00,321.781112496,11.6728137817
 06/16  14:00:00,320.663795654,11.6727358297
 06/16  15:00:00,317.247211107,11.672431122899999
 06/16  16:00:00,312.619315717,11.672446049300001
 06/16  17:00:00,309.47859920900004,11.6724765809
 06/16  18:00:00,301.431448542,10.5048726632
 06/16  19:00:00,279.173590256,10.9169994893
 06/16  20:00:00,262.275488548,9.33727024928
 06/16  21:00:00,188.922563915,4.69
 06/16  22:00:00,129.11144984700002,3.4993794387699997
 06/16  23:00:00,156.821534305,2.355
 06/16  24:00:00,136.711521392,2.355
 06/17  01:00:00,124.10072332,2.91563412467
 06/17  02:00:00,122.98001576899999,1.77125
 06/17  03:00:00,122.313684875,1.77125
 06/17  04:00:00,129.368896793,2.915518381
 06/17  05:00:00,118.131501065,1.77125
 06/17  06:00:00,157.901261914,14.9152715505
 06/17  07:00:00,178.54795491099998,42.5262138616
 06/17  08:00:00,240.31480504099997,32.6907065889
 06/17  09:00:00,264.638032325,19.4936988639
 06/17  10:00:00,288.427760662,12.9237644148
 06/17  11:00:00,306.574825877,11.6727915329
 06/17  12:00:00,298.083437076,12.8179479947
 06/17  13:00:00,308.61271506099996,11.672924477999999
 06/17  14:00:00,304.733880692,11.6725431302
 06/17  15:00:00,307.928062486,11.6725644344
 06/17  16:00:00,309.821928283,11.672570103800002
 06/17  17:00:00,307.884113077,11.672560136900001
 06/17  18:00:00,285.243444737,10.254268827699999
 06/17  19:00:00,240.288061048,8.26610001405
 06/17  20:00:00,227.01889745,6.97316543583
 06/17  21:00:00,174.273164878,4.66714459632
 06/17  22:00:00,123.723293166,2.9156700632300003
 06/17  23:00:00,152.77134835299998,1.77125
 06/17  24:00:00,128.56084929,1.77125
 06/18  01:00:00,117.36832638799999,2.9155414949500003
 06/18  02:00:00,114.50376652700001,1.77125
 06/18  03:00:00,111.36094683799999,1.77125
 06/18  04:00:00,115.928475777,2.91552868264
 06/18  05:00:00,104.120356017,1.77125
 06/18  06:00:00,145.368037622,75.4753480686
 06/18  07:00:00,167.252513185,84.7232055438
 06/18  08:00:00,202.855426056,66.9759470424
 06/18  09:00:00,182.58943434900002,56.9461362104
 06/18  10:00:00,216.912163467,38.347226309
 06/18  11:00:00,243.460649754,24.3426723894
 06/18  12:00:00,259.025931612,10.5047883906
 06/18  13:00:00,259.298601046,10.504826033099999
 06/18  14:00:00,252.84275402,10.5047983355
 06/18  15:00:00,249.95316529599998,9.36
 06/18  16:00:00,251.545911474,10.5048755296
 06/18  17:00:00,216.19441305,8.57943510011
 06/18  18:00:00,214.76570613400003,6.296711319859999
 06/18  19:00:00,198.16340782400002,4.69
 06/18  20:00:00,193.881329147,19.7266170651
 06/18  21:00:00,178.96245028299998,9.27919908732
 06/18  22:00:00,114.741508986,2.9156507014899997
 06/18  23:00:00,144.34882014299998,1.77125
 06/18  24:00:00,118.415697151,2.9155214335500004
 06/19  01:00:00,109.996989786,2.355
 06/19  02:00:00,107.757273843,2.355
 06/19  03:00:00,106.06405008799999,2.355
 06/19  04:00:00,111.721468711,3.49927299045
 06/19  05:00:00,100.22986432,2.355
 06/19  06:00:00,152.507326269,95.840787509
 06/19  07:00:00,174.891198393,94.22830241930001
 06/19  08:00:00,259.30934634,52.980289595500004
 06/19  09:00:00,296.17781463200004,15.433527365
 06/19  10:00:00,296.583368731,11.672443801099998
 06/19  11:00:00,321.045036079,11.6727617807
 06/19  12:00:00,315.09741784,12.8179804448
 06/19  13:00:00,318.532027993,11.672931775999999
 06/19  14:00:00,313.213329257,11.6725598548
 06/19  15:00:00,311.165832007,11.672477645799999
 06/19  16:00:00,311.90756091599997,11.6724898818
 06/19  17:00:00,309.047172338,11.6725175856
 06/19  18:00:00,300.219723362,10.5048888041
 06/19  19:00:00,287.022501946,11.447487345799999
 06/19  20:00:00,260.630632151,9.5468552369
 06/19  21:00:00,190.25251868799998,5.8346723889400005
 06/19  22:00:00,126.41998331200001,2.355
 06/19  23:00:00,156.485456658,3.4993509171699997
 06/19  24:00:00,134.96721376600001,2.355
 06/20  01:00:00,124.43221674899999,2.355
 06/20  02:00:00,123.09004575200001,3.49924053888
 06/20  03:00:00,121.48173108700001,2.355
 06/20  04:00:00,147.287614163,2.355
 06/20  05:00:00,136.346392288,3.4992523865
 06/20  06:00:00,188.576620518,16.5966572391
 06/20  07:00:00,199.371624244,48.7052091902
 06/20  08:00:00,264.67944641599996,35.081925419099996
 06/20  09:00:00,294.466628512,14.9209054975
 06/20  10:00:00,288.267741538,12.859232659100002
 06/20  11:00:00,305.40016211299996,11.672872308399999
 06/20  12:00:00,295.24758214900004,11.6729094361
 06/20  13:00:00,295.368126782,11.6728373778
 06/20  14:00:00,288.735483075,11.6725494599
 06/20  15:00:00,284.712980512,11.6725040185
 06/20  16:00:00,281.940731764,11.672506339100002
 06/20  17:00:00,278.424912401,11.6725240958
 06/20  18:00:00,274.12039035,10.504932324
 06/20  19:00:00,252.506851549,13.592082203399999
 06/20  20:00:00,227.603948042,28.8299105379
 06/20  21:00:00,167.558141105,9.384940351960001
 06/20  22:00:00,110.660575667,3.49943309805
 06/20  23:00:00,141.86574212,2.355
 06/20  24:00:00,114.188223069,3.49926417118
 06/21  01:00:00,103.65492416200001,2.355
 06/21  02:00:00,100.59853465299999,2.355
 06/21  03:00:00,99.6935625699,2.355
 06/21  04:00:00,104.971894541,3.49924824171
 06/21  05:00:00,93.0803777518,2.355
 06/21  06:00:00,145.884138552,114.809334959
 06/21  07:00:00,164.936411728,109.870041622
 06/21  08:00:00,243.28654690099998,88.7831275994
 06/21  09:00:00,274.453548947,59.218474989899995
 06/21  10:00:00,267.24720591700003,41.2170357525
 06/21  11:00:00,293.090991197,23.456397033600002
 06/21  12:00:00,279.417271549,13.6454443978
 06/21  13:00:00,280.543195678,11.6729406846
 06/21  14:00:00,276.99617296400004,11.6725663587
 06/21  15:00:00,275.67960668,11.672480481700001
 06/21  16:00:00,278.370025342,11.672488451300001
 06/21  17:00:00,278.937452163,11.672511798499999
 06/21  18:00:00,273.720428718,10.5048795797
 06/21  19:00:00,261.07248544,10.5047676665
 06/21  20:00:00,233.908883308,11.5981513721
 06/21  21:00:00,174.966711717,5.9674822147099995
 06/21  22:00:00,112.37722759399999,2.355
 06/21  23:00:00,142.538309189,3.4993343633
 06/21  24:00:00,116.040704103,2.355
 06/22  01:00:00,105.849406392,2.355
 06/22  02:00:00,104.426327359,3.49929392864
 06/22  03:00:00,102.835096374,2.355
 06/22  04:00:00,108.606878096,2.355
 06/22  05:00:00,97.8835044091,3.49923352851
 06/22  06:00:00,149.430367417,102.31171318700001
 06/22  07:00:00,165.762437109,118.57409605299999
 06/22  08:00:00,245.303072447,96.9785370818
 06/22  09:00:00,282.243479398,48.78426567819999
 06/22  10:00:00,283.410180773,17.5318092055
 06/22  11:00:00,307.06018235700003,11.672832585999998
 06/22  12:00:00,297.269047753,11.6728651842
 06/22  13:00:00,305.675481632,11.6727891338
 06/22  14:00:00,305.032907658,11.6724983992
 06/22  15:00:00,299.102410302,11.672448983499999
 06/22  16:00:00,299.541747068,11.672447228900001
 06/22  17:00:00,303.15127081,11.6724607737
 06/22  18:00:00,298.202072613,10.5048653586
 06/22  19:00:00,285.879527081,10.5048134323
 06/22  20:00:00,254.97623676599997,10.772690163599998
 06/22  21:00:00,189.449112444,4.69
 06/22  22:00:00,126.52502538700001,3.49945948334
 06/22  23:00:00,155.634955657,2.355
 06/22  24:00:00,133.574721478,2.355
 06/23  01:00:00,123.50744548200001,3.49927560438
 06/23  02:00:00,122.692380069,2.355
 06/23  03:00:00,121.023523807,2.355
 06/23  04:00:00,145.203154775,3.49923755742
 06/23  05:00:00,134.492699028,2.355
 06/23  06:00:00,187.283245648,33.0763166511
 06/23  07:00:00,196.735866515,67.7208646509
 06/23  08:00:00,260.095544191,55.1431602642
 06/23  09:00:00,289.070238976,36.5695672721
 06/23  10:00:00,285.872959323,21.9404237844
 06/23  11:00:00,303.79471603400003,19.3410708929
 06/23  12:00:00,291.186652864,17.4692766364
 06/23  13:00:00,293.684658546,12.8182266437
 06/23  14:00:00,294.766148403,11.6726977804
 06/23  15:00:00,295.088113741,11.6725888803
 06/23  16:00:00,294.835188165,11.6725963707
 06/23  17:00:00,294.248964231,11.6726191846
 06/23  18:00:00,288.435401258,10.5049644173
 06/23  19:00:00,270.444464099,9.36
 06/23  20:00:00,246.56577616,9.33729809778
 06/23  21:00:00,185.017160452,5.83466264314
 06/23  22:00:00,127.20833668700001,2.355
 06/23  23:00:00,156.175094869,3.49928139958
 06/23  24:00:00,135.044940459,2.355
 06/24  01:00:00,122.356305569,1.77125
 06/24  02:00:00,120.593154431,2.91556946625
 06/24  03:00:00,119.23966441799999,1.77125
 06/24  04:00:00,125.03933617,1.77125
 06/24  05:00:00,112.634375351,2.9155195113300003
 06/24  06:00:00,149.96105275899998,42.9760933738
 06/24  07:00:00,167.730147179,70.0124411342
 06/24  08:00:00,233.248973554,44.8416950737
 06/24  09:00:00,262.980760031,15.6803018575
 06/24  10:00:00,294.450147884,11.6725576896
 06/24  11:00:00,324.747130491,11.672611695399999
 06/24  12:00:00,322.66519218,11.6728636348
 06/24  13:00:00,329.95453932099997,11.672797909000002
 06/24  14:00:00,325.133574111,11.6724930733
 06/24  15:00:00,327.154370236,11.6725069653
 06/24  16:00:00,325.616435822,11.6725057041
 06/24  17:00:00,320.060089339,11.672489148699999
 06/24  18:00:00,296.12066788,10.062185009
 06/24  19:00:00,257.768007455,7.42009924146
 06/24  20:00:00,245.19801966,7.002246833019999
 06/24  21:00:00,190.330080171,3.5225
 06/24  22:00:00,132.073769134,2.9157611284400002
 06/24  23:00:00,158.776374795,1.77125
 06/24  24:00:00,139.946567761,2.91560279754
 06/25  01:00:00,129.328844625,1.77125
 06/25  02:00:00,128.244254988,1.77125
 06/25  03:00:00,127.64652244,2.91556264857
 06/25  04:00:00,135.686449854,1.77125
 06/25  05:00:00,123.858490977,1.77125
 06/25  06:00:00,163.11810779799998,6.47155732241
 06/25  07:00:00,184.60520677,21.7251160573
 06/25  08:00:00,216.658211257,23.3260107671
 06/25  09:00:00,199.64418223200002,10.3462223413
 06/25  10:00:00,236.732410495,8.169654647469999
 06/25  11:00:00,247.091140483,15.3893865867
 06/25  12:00:00,263.751819749,14.4327022861
 06/25  13:00:00,264.711041318,10.5049050516
 06/25  14:00:00,267.004323474,10.5048720663
 06/25  15:00:00,272.482814716,10.5048893924
 06/25  16:00:00,277.98648606,10.5047724633
 06/25  17:00:00,252.275036613,7.025
 06/25  18:00:00,256.024690713,5.83466974429
 06/25  19:00:00,246.930218756,5.83469492166
 06/25  20:00:00,233.329415825,4.69
 06/25  21:00:00,211.322709994,5.8344545306699995
 06/25  22:00:00,134.530253087,1.77125
 06/25  23:00:00,160.390911868,1.77125
 06/25  24:00:00,141.579851993,2.91556011004
 06/26  01:00:00,133.179040391,2.355
 06/26  02:00:00,132.271422972,2.355
 06/26  03:00:00,131.889798189,3.49926336078
 06/26  04:00:00,140.067625034,2.355
 06/26  05:00:00,129.130579447,2.355
 06/26  06:00:00,183.876117644,6.90955342383
 06/26  07:00:00,204.887094967,9.800722723139998
 06/26  08:00:00,284.461867217,9.33710241594
 06/26  09:00:00,324.52159959700003,10.5275
 06/26  10:00:00,329.83411352900004,11.6723829158
 06/26  11:00:00,344.200508683,11.672619678299998
 06/26  12:00:00,354.211234709,12.818187220599999
 06/26  13:00:00,376.60228091199997,11.672726213499999
 06/26  14:00:00,380.520616696,11.672629783
 06/26  15:00:00,375.783750359,11.6725348798
 06/26  16:00:00,376.424240357,11.672532526600001
 06/26  17:00:00,367.702452583,11.6725453609
 06/26  18:00:00,349.25368393,10.5049048474
 06/26  19:00:00,334.60735676900003,10.5047850673
 06/26  20:00:00,297.840260173,8.1925
 06/26  21:00:00,227.286732503,5.83452772924
 06/26  22:00:00,137.584238935,2.355
 06/26  23:00:00,163.485294737,3.4993420702099995
 06/26  24:00:00,144.12316872600002,2.355
 06/27  01:00:00,131.633170226,2.355
 06/27  02:00:00,127.61049411799999,3.49922793417
 06/27  03:00:00,126.18504033200001,2.355
 06/27  04:00:00,150.820370856,2.355
 06/27  05:00:00,137.50448361600002,3.4992357024300005
 06/27  06:00:00,191.320467452,13.3640433274
 06/27  07:00:00,204.805655365,30.9609934422
 06/27  08:00:00,271.336574328,14.108083410399999
 06/27  09:00:00,306.254733026,11.672312583800002
 06/27  10:00:00,306.933206143,11.672369561199998
 06/27  11:00:00,328.62663941299996,11.672784938800001
 06/27  12:00:00,323.210730345,11.6728064601
 06/27  13:00:00,328.946963678,11.672720783599999
 06/27  14:00:00,323.825600635,11.6726643004
 06/27  15:00:00,324.666157446,11.6725866016
 06/27  16:00:00,326.225972691,11.6725784
 06/27  17:00:00,324.320816724,11.6725853967
 06/27  18:00:00,311.784597422,10.5049622347
 06/27  19:00:00,290.282616962,10.504871226
 06/27  20:00:00,262.620768317,10.576489164
 06/27  21:00:00,190.560056331,4.69
 06/27  22:00:00,128.59801805,3.4994248855000003
 06/27  23:00:00,156.01468211899999,2.355
 06/27  24:00:00,134.824378796,2.355
 06/28  01:00:00,123.75965037299999,3.4992794597900003
 06/28  02:00:00,123.49924003299999,2.355
 06/28  03:00:00,122.50083144700001,2.355
 06/28  04:00:00,128.082126478,3.49923091518
 06/28  05:00:00,115.697510926,2.355
 06/28  06:00:00,169.33349946799999,23.8989270937
 06/28  07:00:00,189.660195083,49.59505020100001
 06/28  08:00:00,266.56441535,31.3108958712
 06/28  09:00:00,299.955098105,12.231229689600001
 06/28  10:00:00,307.870264176,11.6724194743
 06/28  11:00:00,330.316796959,11.6727715877
 06/28  12:00:00,323.635916337,11.6727720825
 06/28  13:00:00,324.793167062,11.6726882997
 06/28  14:00:00,319.589665093,12.3758885798
 06/28  15:00:00,321.893947451,10.969084416700001
 06/28  16:00:00,328.255171761,11.672597274100001
 06/28  17:00:00,329.05573028599997,11.672598484100002
 06/28  18:00:00,320.462354135,10.504992719299999
 06/28  19:00:00,309.845242741,10.504750147100001
 06/28  20:00:00,280.948725138,10.3900025526
 06/28  21:00:00,207.138210095,5.8345259259
 06/28  22:00:00,133.408254055,2.355
 06/28  23:00:00,159.78472013299998,2.355
 06/28  24:00:00,139.841537448,3.49922128565
 06/29  01:00:00,129.182429991,2.355
 06/29  02:00:00,128.484543876,2.355
 06/29  03:00:00,128.154683199,2.355
 06/29  04:00:00,135.515780912,3.4992671092400003
 06/29  05:00:00,127.65190282299999,2.355
 06/29  06:00:00,176.43509778400002,7.10049942752
 06/29  07:00:00,199.300391883,19.3623762074
 06/29  08:00:00,281.531228264,8.1925
 06/29  09:00:00,322.964468977,11.6722867594
 06/29  10:00:00,325.484192876,11.6724430451
 06/29  11:00:00,340.168068815,11.672732101600001
 06/29  12:00:00,347.333811694,11.672711830199999
 06/29  13:00:00,357.54884163599996,12.818245165699999
 06/29  14:00:00,360.725885596,11.6726914694
 06/29  15:00:00,360.669096425,11.6725725003
 06/29  16:00:00,361.723091431,11.6725680197
 06/29  17:00:00,360.07574950400004,11.6725786076
 06/29  18:00:00,344.759209056,10.5049145961
 06/29  19:00:00,331.495081558,9.36
 06/29  20:00:00,296.521422663,9.33724000637
 06/29  21:00:00,223.540800563,5.83459659663
 06/29  22:00:00,136.482345408,2.355
 06/29  23:00:00,163.684994501,3.4992953871900006
 06/29  24:00:00,145.778163032,2.355
 06/30  01:00:00,133.559837437,2.355
 06/30  02:00:00,129.795867628,2.355
 06/30  03:00:00,129.14997615,3.49920779929
 06/30  04:00:00,155.837992153,2.355
 06/30  05:00:00,148.712767138,2.355
 06/30  06:00:00,199.174038294,5.8342230438
 06/30  07:00:00,211.45013660400002,13.165202407999999
 06/30  08:00:00,277.736781975,9.3370311759
 06/30  09:00:00,311.963703039,10.5275
 06/30  10:00:00,309.295027383,11.672439873900002
 06/30  11:00:00,325.22520103700003,11.672666066800002
 06/30  12:00:00,320.950948601,12.818251141500001
 06/30  13:00:00,327.73039759200003,11.6727468551
 06/30  14:00:00,324.709056684,11.6726437182
 06/30  15:00:00,323.684426045,11.672542006099999
 06/30  16:00:00,324.4228289,11.6725318938
 06/30  17:00:00,323.937660706,11.6725368141
 06/30  18:00:00,315.89387140599996,10.5048900591
 06/30  19:00:00,287.987772467,13.0072541461
 06/30  20:00:00,253.604224005,10.397049145
 06/30  21:00:00,187.11035269400003,5.834641020369999
 06/30  22:00:00,129.30732794899998,2.355
 06/30  23:00:00,157.182445255,3.4993137920199997
 06/30  24:00:00,136.001207064,2.355
 07/01  01:00:00,122.700150154,1.77125
 07/01  02:00:00,121.140066351,2.9155952900499997
 07/01  03:00:00,119.360922764,1.77125
 07/01  04:00:00,124.113047655,1.77125
 07/01  05:00:00,114.70135671799999,2.9155479611699997
 07/01  06:00:00,148.751785158,32.358704096
 07/01  07:00:00,164.40183933,68.2722729074
 07/01  08:00:00,225.00073126400002,59.344869697
 07/01  09:00:00,249.533624862,39.248156562800006
 07/01  10:00:00,274.426998945,19.197224399999996
 07/01  11:00:00,301.35215692599996,11.6726522517
 07/01  12:00:00,289.35903624599996,11.672885624600001
 07/01  13:00:00,290.713310418,11.6728063731
 07/01  14:00:00,285.77832959299997,11.6724928735
 07/01  15:00:00,282.114169609,11.6724928982
 07/01  16:00:00,283.41789766200003,11.672478016500001
 07/01  17:00:00,283.47822488,11.672448153800001
 07/01  18:00:00,263.637487842,10.297979914099999
 07/01  19:00:00,223.68525536200002,7.4232923594
 07/01  20:00:00,212.218993199,13.285249008800001
 07/01  21:00:00,169.558968683,3.5225
 07/01  22:00:00,119.52714386299999,2.91570671322
 07/01  23:00:00,149.048909746,1.77125
 07/01  24:00:00,124.685671266,2.91560768373
 07/02  01:00:00,113.94025936700001,1.77125
 07/02  02:00:00,112.65583932700001,1.77125
 07/02  03:00:00,112.054408465,2.9155439116500004
 07/02  04:00:00,118.82590507,1.77125
 07/02  05:00:00,111.655648953,1.77125
 07/02  06:00:00,148.019054605,58.8442898587
 07/02  07:00:00,165.860638053,86.25087462340001
 07/02  08:00:00,202.890044806,62.8655826696
 07/02  09:00:00,184.907122195,47.8574904325
 07/02  10:00:00,221.258195141,22.061830764099998
 07/02  11:00:00,249.44843678900003,7.025
 07/02  12:00:00,274.354280035,10.5047424513
 07/02  13:00:00,275.014390823,10.5047530285
 07/02  14:00:00,270.005772892,10.5047082616
 07/02  15:00:00,266.139985556,9.36
 07/02  16:00:00,264.812060761,10.504935872999999
 07/02  17:00:00,232.203223167,8.56951474991
 07/02  18:00:00,235.05068117099998,5.83461739758
 07/02  19:00:00,221.19529958799998,4.69
 07/02  20:00:00,205.585153679,6.125070089119999
 07/02  21:00:00,189.519719262,4.69
 07/02  22:00:00,123.303242847,2.91563606222
 07/02  23:00:00,151.919648038,1.77125
 07/02  24:00:00,128.020055188,1.77125
 07/03  01:00:00,118.95048337700001,3.4992847673000003
 07/03  02:00:00,117.217845276,2.355
 07/03  03:00:00,115.679786835,2.355
 07/03  04:00:00,121.549713232,3.4992411993
 07/03  05:00:00,112.46768491700001,2.355
 07/03  06:00:00,158.676350479,54.750651001
 07/03  07:00:00,174.957857972,76.8379512412
 07/03  08:00:00,257.64088516,43.241089880699995
 07/03  09:00:00,295.56949910099996,12.858670251700001
 07/03  10:00:00,298.005670285,11.672328554100002
 07/03  11:00:00,324.888218045,11.6726073035
 07/03  12:00:00,319.925733551,11.672861616099999
 07/03  13:00:00,323.363547306,12.8179537603
 07/03  14:00:00,317.58135958,11.6725361583
 07/03  15:00:00,315.210520799,11.672411186600002
 07/03  16:00:00,315.24788848099996,11.672399329500001
 07/03  17:00:00,313.767685829,10.5275
 07/03  18:00:00,302.943167497,10.505028901900001
 07/03  19:00:00,291.33674923,10.504780173099999
 07/03  20:00:00,264.662484373,9.33722780604
 07/03  21:00:00,201.62977798,5.8345420598099995
 07/03  22:00:00,131.784640299,2.355
 07/03  23:00:00,161.473949115,2.355
 07/03  24:00:00,142.514373774,3.49923661563
 07/04  01:00:00,127.966585919,1.77125
 07/04  02:00:00,127.347469843,1.77125
 07/04  03:00:00,127.107465138,2.91551055036
 07/04  04:00:00,135.175363046,1.77125
 07/04  05:00:00,127.682794488,1.77125
 07/04  06:00:00,169.481722995,4.95690087002
 07/04  07:00:00,191.137810823,5.68306852064
 07/04  08:00:00,227.024619246,3.5225
 07/04  09:00:00,213.409365664,4.66687416321
 07/04  10:00:00,251.779706817,8.169649687289999
 07/04  11:00:00,273.879806385,7.025
 07/04  12:00:00,305.665090002,10.5048826844
 07/04  13:00:00,320.602837479,10.5048896841
 07/04  14:00:00,322.424792937,10.5048342046
 07/04  15:00:00,316.981848839,9.36
 07/04  16:00:00,314.935574495,10.5048790891
 07/04  17:00:00,286.213778421,8.169833349060001
 07/04  18:00:00,281.398399109,5.83455517781
 07/04  19:00:00,268.63757909099996,4.69
 07/04  20:00:00,250.988363267,5.83458218269
 07/04  21:00:00,238.69701813900002,4.69
 07/04  22:00:00,138.816028936,2.9156434283499997
 07/04  23:00:00,165.525095443,1.77125
 07/04  24:00:00,147.961704736,1.77125
 07/05  01:00:00,139.727684791,3.49928721124
 07/05  02:00:00,138.157831771,2.355
 07/05  03:00:00,137.416464563,2.355
 07/05  04:00:00,145.98718714,3.4992388577599995
 07/05  05:00:00,137.478681116,2.355
 07/05  06:00:00,197.718590498,5.1672567553699995
 07/05  07:00:00,218.63720223,7.8585397312300005
 07/05  08:00:00,297.78102152400004,8.1925
 07/05  09:00:00,336.409351011,11.6722746945
 07/05  10:00:00,340.653699395,11.6724529361
 07/05  11:00:00,363.373494031,11.672785564000002
 07/05  12:00:00,368.889903994,11.672772056800001
 07/05  13:00:00,376.362554808,11.672675958
 07/05  14:00:00,371.33519517599996,11.672646524500001
 07/05  15:00:00,367.07708509099996,11.6725741372
 07/05  16:00:00,368.971635865,11.672547420899999
 07/05  17:00:00,368.981199799,11.672535658900001
 07/05  18:00:00,353.463454399,10.5049187931
 07/05  19:00:00,339.86209358,10.5048455381
 07/05  20:00:00,316.111992616,9.33728630657
 07/05  21:00:00,249.999849554,4.69
 07/05  22:00:00,138.07416237799998,3.49944718814
 07/05  23:00:00,161.784830333,2.355
 07/05  24:00:00,142.967333851,2.355
 07/06  01:00:00,133.711838956,3.4992716103800006
 07/06  02:00:00,131.31028796,2.355
 07/06  03:00:00,129.586919622,2.355
 07/06  04:00:00,136.989443902,3.49922635181
 07/06  05:00:00,129.293889476,2.355
 07/06  06:00:00,178.78079625400002,4.69
 07/06  07:00:00,196.592617474,7.431232082389999
 07/06  08:00:00,272.419385107,8.1925
 07/06  09:00:00,303.88052418,11.6723249805
 07/06  10:00:00,295.74483033,11.6725010527
 07/06  11:00:00,316.88212743400004,11.672535538699998
 07/06  12:00:00,307.042633594,11.6728155579
 07/06  13:00:00,308.39096553,11.6727178416
 07/06  14:00:00,300.692433853,12.8176626039
 07/06  15:00:00,295.983265499,10.5275
 07/06  16:00:00,296.790335958,11.6725844289
 07/06  17:00:00,298.12138176900004,11.6725708526
 07/06  18:00:00,289.977772404,10.5049525296
 07/06  19:00:00,278.494152355,10.5047001784
 07/06  20:00:00,257.92387158599996,9.33731722731
 07/06  21:00:00,190.88581704799998,4.69
 07/06  22:00:00,127.700476594,3.4994518591199992
 07/06  23:00:00,157.434882521,2.355
 07/06  24:00:00,136.656974326,3.49921510175
 07/07  01:00:00,125.955429945,2.355
 07/07  02:00:00,125.15753171200001,2.355
 07/07  03:00:00,123.16800945700001,2.355
 07/07  04:00:00,147.740835109,3.49925585089
 07/07  05:00:00,139.30556849200002,2.355
 07/07  06:00:00,189.06262975,14.413998530699999
 07/07  07:00:00,201.226840566,37.5310703648
 07/07  08:00:00,268.902593419,12.894774713
 07/07  09:00:00,309.990571318,11.6722674677
 07/07  10:00:00,310.437529876,11.672322120999999
 07/07  11:00:00,330.277620179,11.672591022899999
 07/07  12:00:00,325.30541513599997,11.672835622000001
 07/07  13:00:00,335.869394887,12.8178818125
 07/07  14:00:00,327.573401787,11.6724911206
 07/07  15:00:00,321.692958481,10.5275
 07/07  16:00:00,321.358418952,11.6725978784
 07/07  17:00:00,322.23913994099996,11.672582538199999
 07/07  18:00:00,308.531272931,10.5049627677
 07/07  19:00:00,287.081562361,10.504709312100001
 07/07  20:00:00,264.427100477,10.240173698
 07/07  21:00:00,191.30930008299998,4.69
 07/07  22:00:00,130.523537944,3.49944160634
 07/07  23:00:00,158.08124546,2.355
 07/07  24:00:00,137.824626225,3.4992215715499997
 07/08  01:00:00,123.476010158,1.77125
 07/08  02:00:00,122.54446429299999,1.77125
 07/08  03:00:00,122.196611222,2.9155579219
 07/08  04:00:00,130.05328872799998,1.77125
 07/08  05:00:00,122.409518083,1.77125
 07/08  06:00:00,159.106805087,6.54021549653
 07/08  07:00:00,177.923152486,27.9727495757
 07/08  08:00:00,239.92503059599997,19.5631136198
 07/08  09:00:00,269.851629021,9.36
 07/08  10:00:00,304.338863527,11.672403578599999
 07/08  11:00:00,326.182447933,11.6725464765
 07/08  12:00:00,321.82688597099997,12.8178386148
 07/08  13:00:00,332.36843475,11.67279712
 07/08  14:00:00,327.878362149,11.672626729200001
 07/08  15:00:00,322.620594532,11.672603110799999
 07/08  16:00:00,318.466389721,11.672564837000001
 07/08  17:00:00,314.28254671,11.672511899100002
 07/08  18:00:00,289.75403497400004,10.0823666358
 07/08  19:00:00,249.23878948700002,6.489124197180001
 07/08  20:00:00,242.24346127099997,7.002145258139999
 07/08  21:00:00,183.490501463,4.6671174659500005
 07/08  22:00:00,128.946121603,1.77125
 07/08  23:00:00,157.590952206,2.9156416772900005
 07/08  24:00:00,138.85287489200002,1.77125
 07/09  01:00:00,127.646798595,1.77125
 07/09  02:00:00,126.408540212,2.9155351597400005
 07/09  03:00:00,124.762418486,1.77125
 07/09  04:00:00,130.712632566,1.77125
 07/09  05:00:00,121.96936658700001,2.9152963749
 07/09  06:00:00,157.25218645299998,5.9584840586
 07/09  07:00:00,176.123368125,30.4367736726
 07/09  08:00:00,211.184213113,20.112733401099998
 07/09  09:00:00,192.056279093,7.44742766867
 07/09  10:00:00,228.84401758400003,8.169620606419999
 07/09  11:00:00,255.270352513,8.169711256869999
 07/09  12:00:00,277.550176613,9.36
 07/09  13:00:00,280.008338954,10.5047909901
 07/09  14:00:00,277.66573552200003,10.504742897
 07/09  15:00:00,274.148630484,10.5047323238
 07/09  16:00:00,274.515116848,10.5047746441
 07/09  17:00:00,242.35535875,7.025
 07/09  18:00:00,243.222987803,5.83465358564
 07/09  19:00:00,230.750481475,5.834655999240001
 07/09  20:00:00,217.790766109,6.0432449086
 07/09  21:00:00,195.03776931299998,5.83440411728
 07/09  22:00:00,126.026554553,1.77125
 07/09  23:00:00,154.95062318799998,1.77125
 07/09  24:00:00,133.37088181299998,2.91557999856
 07/10  01:00:00,123.299558893,2.355
 07/10  02:00:00,120.807759679,2.355
 07/10  03:00:00,120.18287835299999,3.4992650975300004
 07/10  04:00:00,128.362960827,2.355
 07/10  05:00:00,120.815663052,2.355
 07/10  06:00:00,170.815631053,8.74147856718
 07/10  07:00:00,190.20016399099998,34.286792801
 07/10  08:00:00,264.054991922,23.8674990064
 07/10  09:00:00,293.01754921400004,12.173408058699998
 07/10  10:00:00,285.111839045,11.672448346600001
 07/10  11:00:00,305.576128709,11.6727100049
 07/10  12:00:00,293.505364825,11.672669535499999
 07/10  13:00:00,291.78177908099997,12.81809165
 07/10  14:00:00,285.749283531,11.672589763800001
 07/10  15:00:00,284.269215985,11.672454687
 07/10  16:00:00,285.32511645799997,11.672430905399999
 07/10  17:00:00,285.94150555,11.6724217749
 07/10  18:00:00,282.237337486,9.36
 07/10  19:00:00,273.025950401,10.5047904188
 07/10  20:00:00,255.117857953,9.33722766386
 07/10  21:00:00,189.56704378,5.834534651769999
 07/10  22:00:00,127.04103137,2.355
 07/10  23:00:00,156.355018875,2.355
 07/10  24:00:00,135.42302654,3.4992283916000004
 07/11  01:00:00,124.836963035,2.355
 07/11  02:00:00,124.25101820200001,2.355
 07/11  03:00:00,123.998826078,2.355
 07/11  04:00:00,149.93857676,3.4992670282
 07/11  05:00:00,142.729633364,2.355
 07/11  06:00:00,192.56787553900003,8.213233799460001
 07/11  07:00:00,203.169444645,36.152457821300004
 07/11  08:00:00,266.33923614,24.610538137
 07/11  09:00:00,296.490201983,11.6722462491
 07/11  10:00:00,294.273136811,11.6723797616
 07/11  11:00:00,314.260918512,11.6726393596
 07/11  12:00:00,310.083740108,11.672874986400002
 07/11  13:00:00,322.163717013,12.8179413662
 07/11  14:00:00,322.976115806,11.6725125721
 07/11  15:00:00,322.741894563,11.672376280999998
 07/11  16:00:00,322.406972136,10.5275
 07/11  17:00:00,323.52926336900003,11.6725903479
 07/11  18:00:00,311.17424145,10.5049650127
 07/11  19:00:00,291.26912517200003,10.504707273200001
 07/11  20:00:00,266.501297771,10.968958717000001
 07/11  21:00:00,192.310495042,4.69
 07/11  22:00:00,130.281160336,3.49943787502
 07/11  23:00:00,157.405752446,2.355
 07/11  24:00:00,136.475429449,3.49920931264
 07/12  01:00:00,125.25261458799999,2.355
 07/12  02:00:00,124.655058811,2.355
 07/12  03:00:00,124.396477948,2.355
 07/12  04:00:00,131.30168703,3.49924731786
 07/12  05:00:00,123.579666036,2.355
 07/12  06:00:00,172.240211877,6.942503167060001
 07/12  07:00:00,191.102127432,32.455190484
 07/12  08:00:00,270.176737582,11.7232330155
 07/12  09:00:00,308.008492768,11.6722434107
 07/12  10:00:00,308.17751350599997,11.672490697799999
 07/12  11:00:00,328.600758389,11.672806059100001
 07/12  12:00:00,318.05477076,11.672780135899998
 07/12  13:00:00,326.35656318,11.672673159
 07/12  14:00:00,304.93380950700003,13.3570830823
 07/12  15:00:00,290.299371626,11.6725495545
 07/12  16:00:00,297.801400832,11.672511483800001
 07/12  17:00:00,304.029898345,11.6724882146
 07/12  18:00:00,298.14312407299997,10.5048615088
 07/12  19:00:00,285.087543535,10.5047784961
 07/12  20:00:00,262.51501406200003,9.33720941112
 07/12  21:00:00,192.068793371,4.69
 07/12  22:00:00,128.745024045,3.49943005694
 07/12  23:00:00,156.19353521,2.355
 07/12  24:00:00,134.06661868,2.355
 07/13  01:00:00,122.933543109,3.49925822505
 07/13  02:00:00,119.486174279,2.355
 07/13  03:00:00,116.67388411799999,2.355
 07/13  04:00:00,122.40683712399999,3.49920601502
 07/13  05:00:00,113.880343085,2.355
 07/13  06:00:00,164.42637418299998,23.1768095088
 07/13  07:00:00,184.904818642,41.114049070300005
 07/13  08:00:00,262.352529916,22.1776797694
 07/13  09:00:00,293.096338307,11.6722158092
 07/13  10:00:00,288.10570488400003,11.672378553
 07/13  11:00:00,313.172371312,11.672691821199999
 07/13  12:00:00,307.50227935099997,11.672664705199999
 07/13  13:00:00,312.16972268,11.6728291071
 07/13  14:00:00,307.415142757,11.6725135526
 07/13  15:00:00,303.554121726,11.6724291984
 07/13  16:00:00,306.211755213,11.6723899395
 07/13  17:00:00,306.139847171,11.672587771400002
 07/13  18:00:00,299.22267592,10.5049415141
 07/13  19:00:00,287.79150661200003,10.9082399095
 07/13  20:00:00,259.855618413,10.7969792644
 07/13  21:00:00,189.812440105,4.69
 07/13  22:00:00,125.589778189,3.49935128056
 07/13  23:00:00,154.309198161,2.355
 07/13  24:00:00,131.432975029,2.355
 07/14  01:00:00,119.96762993200001,3.4992701747800004
 07/14  02:00:00,118.19461645700001,2.355
 07/14  03:00:00,116.961770576,2.355
 07/14  04:00:00,140.197588945,2.355
 07/14  05:00:00,132.066198632,3.4992103115099997
 07/14  06:00:00,181.6646125,39.5208845405
 07/14  07:00:00,193.16787668900002,65.2778031272
 07/14  08:00:00,262.363524111,36.2862514139
 07/14  09:00:00,296.502790864,11.672252547100001
 07/14  10:00:00,295.689195149,11.672446023800001
 07/14  11:00:00,321.245899324,11.6725566066
 07/14  12:00:00,318.349402592,11.672803993299999
 07/14  13:00:00,322.39917747,11.6726905023
 07/14  14:00:00,317.396458027,11.6726067877
 07/14  15:00:00,320.222185565,11.6725028691
 07/14  16:00:00,320.719976078,11.6724657278
 07/14  17:00:00,319.625325114,11.6724431327
 07/14  18:00:00,311.223573038,10.5049997849
 07/14  19:00:00,292.224696523,10.504856071699999
 07/14  20:00:00,270.531095793,8.1925
 07/14  21:00:00,200.161268458,5.834581963759999
 07/14  22:00:00,133.199477965,2.355
 07/14  23:00:00,161.206689926,3.49930260895
 07/14  24:00:00,141.708012475,2.355
 07/15  01:00:00,127.930703406,1.77125
 07/15  02:00:00,126.778927182,2.91557319553
 07/15  03:00:00,125.794991888,1.77125
 07/15  04:00:00,133.85970151200002,1.77125
 07/15  05:00:00,127.135567669,2.91552483263
 07/15  06:00:00,164.65824810700002,3.5225
 07/15  07:00:00,186.212621435,8.84682328011
 07/15  08:00:00,247.28146355,5.8575
 07/15  09:00:00,281.018875759,10.5046505171
 07/15  10:00:00,314.13840996,11.6723802685
 07/15  11:00:00,335.73478852,11.6725965531
 07/15  12:00:00,330.21957872400003,11.6727987341
 07/15  13:00:00,332.000494357,11.6726973462
 07/15  14:00:00,312.18460417299997,13.9436597179
 07/15  15:00:00,296.73990880400004,12.595346174300001
 07/15  16:00:00,302.284821419,11.672529331
 07/15  17:00:00,311.36263050599996,11.6724733668
 07/15  18:00:00,290.937769728,10.0891621415
 07/15  19:00:00,252.490083927,7.00230018477
 07/15  20:00:00,241.796572003,5.8575
 07/15  21:00:00,183.214916264,4.66709795375
 07/15  22:00:00,129.854707288,2.91566379834
 07/15  23:00:00,157.811998107,1.77125
 07/15  24:00:00,138.038777246,1.77125
 07/16  01:00:00,126.563987185,2.91551571623
 07/16  02:00:00,125.93907792799999,1.77125
 07/16  03:00:00,125.63773258299999,1.77125
 07/16  04:00:00,133.53707986700002,2.91555640016
 07/16  05:00:00,126.05226668200001,1.77125
 07/16  06:00:00,163.082937501,4.91390283622
 07/16  07:00:00,186.280085905,11.632406482999999
 07/16  08:00:00,225.270478749,3.5225
 07/16  09:00:00,213.82826156099998,4.66691132635
 07/16  10:00:00,252.325566711,7.025
 07/16  11:00:00,277.631680383,8.169715576189999
 07/16  12:00:00,314.417423879,10.5047480028
 07/16  13:00:00,323.690306808,10.5047368373
 07/16  14:00:00,321.837633077,9.36
 07/16  15:00:00,320.431811804,10.5048556551
 07/16  16:00:00,324.64658354200003,10.5048798732
 07/16  17:00:00,296.03655678900003,8.169795561039999
 07/16  18:00:00,287.18777899400004,4.69
 07/16  19:00:00,274.4523575,5.834630799480001
 07/16  20:00:00,258.57805236900003,4.69
 07/16  21:00:00,241.189807543,5.83445401266
 07/16  22:00:00,138.685283932,1.77125
 07/16  23:00:00,165.119625527,2.91552459784
 07/16  24:00:00,147.458185408,1.77125
 07/17  01:00:00,139.182389402,2.355
 07/17  02:00:00,136.842577703,3.4992786208800006
 07/17  03:00:00,136.303527363,2.355
 07/17  04:00:00,144.608252736,2.355
 07/17  05:00:00,136.773703225,2.355
 07/17  06:00:00,197.256612549,6.4100715424
 07/17  07:00:00,219.359945159,6.75143433826
 07/17  08:00:00,300.218003152,9.337112575399999
 07/17  09:00:00,339.688021734,10.5275
 07/17  10:00:00,345.102095601,11.6724809425
 07/17  11:00:00,365.759955442,11.6726700148
 07/17  12:00:00,369.631120325,12.8181564128
 07/17  13:00:00,378.28344907699994,11.6726597157
 07/17  14:00:00,374.916481789,11.6725323775
 07/17  15:00:00,371.83394298900004,11.672406733099999
 07/17  16:00:00,372.886097923,11.6725866131
 07/17  17:00:00,370.759910036,11.6725667789
 07/17  18:00:00,356.588397691,10.5048798175
 07/17  19:00:00,341.530239468,9.36
 07/17  20:00:00,313.855234851,9.33718476995
 07/17  21:00:00,244.63598172,5.834521613430001
 07/17  22:00:00,141.273018629,2.355
 07/17  23:00:00,167.333201449,2.355
 07/17  24:00:00,149.84779086,3.49921686857
 07/18  01:00:00,139.456144443,2.355
 07/18  02:00:00,137.58926295700002,2.355
 07/18  03:00:00,137.029881619,3.49925228194
 07/18  04:00:00,166.12819164200002,2.355
 07/18  05:00:00,158.80522810899998,2.355
 07/18  06:00:00,223.5102109,5.15948199602
 07/18  07:00:00,235.340260854,7.512751795800001
 07/18  08:00:00,302.693143457,9.337034825549999
 07/18  09:00:00,342.357129392,10.5275
 07/18  10:00:00,349.189200471,11.6724662948
 07/18  11:00:00,369.375786811,11.672711411300002
 07/18  12:00:00,372.89435876699997,11.6726587692
 07/18  13:00:00,383.21892584,12.8180287903
 07/18  14:00:00,383.926970105,11.672543310999998
 07/18  15:00:00,383.73921274599996,11.6723985157
 07/18  16:00:00,384.82105057300004,10.5275
 07/18  17:00:00,383.68369357,11.6725996696
 07/18  18:00:00,370.173787377,10.504965673300001
 07/18  19:00:00,343.27868883,10.5047012898
 07/18  20:00:00,313.29611003900004,9.33729916133
 07/18  21:00:00,238.511777228,4.69
 07/18  22:00:00,140.677249869,3.49943938633
 07/18  23:00:00,167.400583705,2.355
 07/18  24:00:00,148.084241939,2.355
 07/19  01:00:00,136.91866981799998,3.4992730568300003
 07/19  02:00:00,134.133217557,2.355
 07/19  03:00:00,133.941896033,2.355
 07/19  04:00:00,142.227758593,3.4992220780400003
 07/19  05:00:00,134.86425061399999,2.355
 07/19  06:00:00,185.95372261,4.69
 07/19  07:00:00,200.503245273,7.6631603777
 07/19  08:00:00,276.337578346,8.1925
 07/19  09:00:00,315.431055997,11.6722812841
 07/19  10:00:00,315.627306853,11.672433874200001
 07/19  11:00:00,335.366575546,11.672734587
 07/19  12:00:00,334.396927789,11.6726983727
 07/19  13:00:00,337.409392008,11.6728522122
 07/19  14:00:00,330.741382089,11.6725310977
 07/19  15:00:00,327.650803676,11.6724391602
 07/19  16:00:00,334.134051229,11.6723917026
 07/19  17:00:00,333.986746449,11.6725790278
 07/19  18:00:00,325.298546028,10.5049258742
 07/19  19:00:00,309.993524799,10.5048057695
 07/19  20:00:00,284.21058380799997,9.337224588160002
 07/19  21:00:00,208.24175223,4.69
 07/19  22:00:00,131.80890926700002,3.4994186022400005
 07/19  23:00:00,161.065293859,2.355
 07/19  24:00:00,142.16101741100002,2.355
 07/20  01:00:00,129.464969139,3.49923682986
 07/20  02:00:00,126.49979441299999,2.355
 07/20  03:00:00,125.30571839299999,2.355
 07/20  04:00:00,131.342504302,2.355
 07/20  05:00:00,125.31615738100001,3.4992409212099997
 07/20  06:00:00,171.616355624,6.970299810479999
 07/20  07:00:00,192.81644210599998,19.0951749662
 07/20  08:00:00,271.133149102,9.33707546155
 07/20  09:00:00,308.850434806,11.672199881900001
 07/20  10:00:00,306.013012547,11.6723832468
 07/20  11:00:00,328.150799587,11.6727391968
 07/20  12:00:00,322.071742437,11.6727194844
 07/20  13:00:00,328.879374303,11.672868192300001
 07/20  14:00:00,322.548550939,11.672506623199999
 07/20  15:00:00,321.949092364,11.672395596900001
 07/20  16:00:00,320.670219731,11.6725670792
 07/20  17:00:00,318.03858510599997,11.6725397402
 07/20  18:00:00,308.717470417,10.5048676432
 07/20  19:00:00,297.324146608,10.5047178248
 07/20  20:00:00,273.346321585,9.139530347380001
 07/20  21:00:00,198.000592012,5.83457247095
 07/20  22:00:00,129.026649056,2.355
 07/20  23:00:00,157.543808106,3.4993176686800003
 07/20  24:00:00,136.748514158,2.355
 07/21  01:00:00,125.010016236,2.355
 07/21  02:00:00,123.67610720100001,3.4992524999000003
 07/21  03:00:00,121.97205139299999,2.355
 07/21  04:00:00,146.326181664,2.355
 07/21  05:00:00,141.658164287,2.355
 07/21  06:00:00,188.76250480299998,13.8421879799
 07/21  07:00:00,201.289730628,34.415580185500005
 07/21  08:00:00,267.085498882,18.8427183641
 07/21  09:00:00,302.421102222,10.5275
 07/21  10:00:00,304.360273155,11.6724401406
 07/21  11:00:00,324.727530854,11.672622647899999
 07/21  12:00:00,319.65038740299997,12.8180428123
 07/21  13:00:00,325.223915923,11.672865120199999
 07/21  14:00:00,317.56099971599997,11.6724635548
 07/21  15:00:00,316.852443213,11.6725462094
 07/21  16:00:00,314.16879239,11.6725069308
 07/21  17:00:00,313.62728787099996,11.672482045999999
 07/21  18:00:00,303.184424102,9.36
 07/21  19:00:00,282.945126387,10.5048388012
 07/21  20:00:00,261.020528498,9.33726255486
 07/21  21:00:00,188.449722132,5.8345601794599995
 07/21  22:00:00,127.550443253,2.355
 07/21  23:00:00,156.275774611,2.355
 07/21  24:00:00,135.255592027,3.4992526603
 07/22  01:00:00,121.213892971,1.77125
 07/22  02:00:00,119.55439006799999,1.77125
 07/22  03:00:00,118.18962234,2.9154979901200004
 07/22  04:00:00,125.26858128200001,1.77125
 07/22  05:00:00,121.87501523200001,1.77125
 07/22  06:00:00,156.499831415,10.2105343198
 07/22  07:00:00,176.09885624400002,35.1702197639
 07/22  08:00:00,241.434623935,14.475527108800001
 07/22  09:00:00,274.474183995,9.36
 07/22  10:00:00,304.899110941,11.672431406800001
 07/22  11:00:00,329.10113883,11.6725497271
 07/22  12:00:00,325.421330787,12.817775351400002
 07/22  13:00:00,331.63662693,11.672730267
 07/22  14:00:00,331.4273875,11.6725443587
 07/22  15:00:00,331.685995431,11.6725010451
 07/22  16:00:00,332.963732708,11.672443503
 07/22  17:00:00,328.283657719,11.6723717142
 07/22  18:00:00,297.088322897,8.1925
 07/22  19:00:00,254.428871407,7.002310313270001
 07/22  20:00:00,239.44746126099997,7.42446938053
 07/22  21:00:00,187.00590292200002,3.5225
 07/22  22:00:00,128.737396133,2.9157526283599995
 07/22  23:00:00,156.783534827,1.77125
 07/22  24:00:00,137.101206716,2.9156000447
 07/23  01:00:00,125.533341112,1.77125
 07/23  02:00:00,124.518283023,1.77125
 07/23  03:00:00,123.637920838,2.91554346704
 07/23  04:00:00,130.61020767899998,1.77125
 07/23  05:00:00,125.94662435,1.77125
 07/23  06:00:00,160.35305414799998,5.85533683017
 07/23  07:00:00,183.287047034,7.301925028119999
 07/23  08:00:00,220.90904416799998,3.5225
 07/23  09:00:00,207.015335195,4.6669478861
 07/23  10:00:00,244.55906587200002,8.16969018265
 07/23  11:00:00,268.629261857,7.025
 07/23  12:00:00,294.71660930400003,10.5048011319
 07/23  13:00:00,302.673548418,10.504869813600001
 07/23  14:00:00,299.44869920599996,10.5047901641
 07/23  15:00:00,297.200973762,9.36
 07/23  16:00:00,297.455691145,10.5048069294
 07/23  17:00:00,266.200811758,8.16973659349
 07/23  18:00:00,262.43098732,5.834584292969999
 07/23  19:00:00,249.02292761900003,4.69
 07/23  20:00:00,237.688119506,5.83457331656
 07/23  21:00:00,221.756491942,4.69
 07/23  22:00:00,135.19974073,2.91555369117
 07/23  23:00:00,163.176470857,1.77125
 07/23  24:00:00,145.230646345,1.77125
 07/24  01:00:00,135.634424626,3.4992704384800004
 07/24  02:00:00,134.670471482,2.355
 07/24  03:00:00,134.512267232,2.355
 07/24  04:00:00,142.75410885,2.355
 07/24  05:00:00,138.390201094,3.49920710841
 07/24  06:00:00,192.325183101,5.21960138492
 07/24  07:00:00,215.44309462400003,6.2843893926
 07/24  08:00:00,296.18966185,9.33710297155
 07/24  09:00:00,335.278626982,11.6722222701
 07/24  10:00:00,340.69168045099997,11.6723997651
 07/24  11:00:00,363.72445128199996,11.6727482931
 07/24  12:00:00,369.26145789599997,11.672723386500001
 07/24  13:00:00,373.047338182,11.6725774905
 07/24  14:00:00,370.38390642,11.6725018573
 07/24  15:00:00,364.884418736,11.672386678099999
 07/24  16:00:00,363.12032971800005,11.672552370999998
 07/24  17:00:00,354.320358995,11.6725203158
 07/24  18:00:00,332.840063398,10.5048444848
 07/24  19:00:00,302.946856984,11.130969759100001
 07/24  20:00:00,277.235656988,8.82056402057
 07/24  21:00:00,206.636853574,5.834542462080001
 07/24  22:00:00,132.813914915,2.355
 07/24  23:00:00,160.086040718,3.49928630921
 07/24  24:00:00,140.739787951,2.355
 07/25  01:00:00,130.26226692,2.355
 07/25  02:00:00,129.739161288,3.4992199820699996
 07/25  03:00:00,129.531832047,2.355
 07/25  04:00:00,157.170549145,2.355
 07/25  05:00:00,153.027502721,2.355
 07/25  06:00:00,199.072655955,5.83420834048
 07/25  07:00:00,208.544861798,7.97690855755
 07/25  08:00:00,271.588756335,9.3370398482
 07/25  09:00:00,308.563973046,10.5275
 07/25  10:00:00,309.311816292,11.672394598299999
 07/25  11:00:00,328.415300343,11.6725713646
 07/25  12:00:00,325.54413757099996,12.81792357
 07/25  13:00:00,336.378809397,11.6727974639
 07/25  14:00:00,334.013925157,11.672622965899999
 07/25  15:00:00,330.112997898,11.6724711094
 07/25  16:00:00,329.487865576,11.672427423599999
 07/25  17:00:00,324.41715013,11.6723979464
 07/25  18:00:00,312.19830731900004,9.36
 07/25  19:00:00,286.058857144,10.9539066125
 07/25  20:00:00,260.468139791,10.4379421759
 07/25  21:00:00,188.95047002200002,4.69
 07/25  22:00:00,129.44984415,3.49944059992
 07/25  23:00:00,157.301859596,2.355
 07/25  24:00:00,136.741657131,3.49922440172
 07/26  01:00:00,125.252316008,2.355
 07/26  02:00:00,124.25916985799999,2.355
 07/26  03:00:00,122.587642551,2.355
 07/26  04:00:00,128.47212094100001,3.49925624542
 07/26  05:00:00,123.009781921,2.355
 07/26  06:00:00,168.527792813,17.1806496478
 07/26  07:00:00,189.307812268,37.5841711032
 07/26  08:00:00,266.049453298,20.2668924213
 07/26  09:00:00,302.882533917,11.672299151099999
 07/26  10:00:00,308.866957427,11.672442028099999
 07/26  11:00:00,332.113998394,11.6727306766
 07/26  12:00:00,329.96325778799996,11.6726858452
 07/26  13:00:00,338.480027328,11.6728293244
 07/26  14:00:00,332.756033771,11.6725029942
 07/26  15:00:00,330.781037877,11.672403633499998
 07/26  16:00:00,333.313143981,11.6725631138
 07/26  17:00:00,334.003818217,11.6725253275
 07/26  18:00:00,321.101768806,10.5048655691
 07/26  19:00:00,307.690503816,10.504738955
 07/26  20:00:00,283.193565041,8.1925
 07/26  21:00:00,214.345664969,5.83462836824
 07/26  22:00:00,134.729363225,2.355
 07/26  23:00:00,162.983502486,3.4993447411900003
 07/26  24:00:00,144.970503685,2.355
 07/27  01:00:00,133.316503992,2.355
 07/27  02:00:00,131.873920226,3.49922936296
 07/27  03:00:00,131.257897423,2.355
 07/27  04:00:00,139.23488124600001,2.355
 07/27  05:00:00,135.443763331,3.4992276560800004
 07/27  06:00:00,184.58218405,4.69
 07/27  07:00:00,199.73216735900002,7.516237824430001
 07/27  08:00:00,269.617462156,9.90957708466
 07/27  09:00:00,304.775306084,11.6722696577
 07/27  10:00:00,313.890722072,10.5275
 07/27  11:00:00,330.242247278,12.817901383499999
 07/27  12:00:00,319.089959013,11.6728639707
 07/27  13:00:00,326.23341965099996,11.672731476500001
 07/27  14:00:00,324.854205337,11.6725942849
 07/27  15:00:00,322.892851586,11.672458430899999
 07/27  16:00:00,330.76259477400004,11.672409193599998
 07/27  17:00:00,330.337591612,11.6725921948
 07/27  18:00:00,300.022076372,11.9939675001
 07/27  19:00:00,279.268774823,10.0351878074
 07/27  20:00:00,262.920071397,9.33719297507
 07/27  21:00:00,193.988726868,5.834522129190001
 07/27  22:00:00,129.516784569,2.355
 07/27  23:00:00,157.856621686,2.355
 07/27  24:00:00,137.458891447,3.4992156104300003
 07/28  01:00:00,126.321730716,2.355
 07/28  02:00:00,125.655070133,2.355
 07/28  03:00:00,125.65042051200001,3.4992471172099995
 07/28  04:00:00,151.795931071,2.355
 07/28  05:00:00,148.437659421,2.355
 07/28  06:00:00,194.834090423,6.43893211753
 07/28  07:00:00,206.038467896,25.806065326
 07/28  08:00:00,269.59472755900003,15.6843123986
 07/28  09:00:00,300.864996036,10.5275
 07/28  10:00:00,300.11275515200003,11.6724265572
 07/28  11:00:00,318.296971868,11.6726558766
 07/28  12:00:00,316.079075368,11.6728619476
 07/28  13:00:00,322.90507756700003,12.8178538124
 07/28  14:00:00,318.387038367,11.6724412542
 07/28  15:00:00,319.362396531,10.5275
 07/28  16:00:00,323.68509737200003,11.672516968399998
 07/28  17:00:00,321.702552247,11.672473786900001
 07/28  18:00:00,308.03867271400003,10.5048301559
 07/28  19:00:00,285.61907596099996,10.9250770787
 07/28  20:00:00,265.403282838,10.2498581146
 07/28  21:00:00,190.479027602,4.69
 07/28  22:00:00,130.036510355,3.4994058473500003
 07/28  23:00:00,158.44936161200002,2.355
 07/28  24:00:00,138.96267547,2.355
 07/29  01:00:00,124.92536266299999,2.91563169042
 07/29  02:00:00,123.595379203,1.77125
 07/29  03:00:00,122.603711047,1.77125
 07/29  04:00:00,129.831681923,2.9154940398400004
 07/29  05:00:00,125.613411078,1.77125
 07/29  06:00:00,157.77181934799998,6.04540723949
 07/29  07:00:00,176.055451085,38.5151312677
 07/29  08:00:00,238.261035442,27.9301163706
 07/29  09:00:00,268.403514298,11.0497800653
 07/29  10:00:00,305.558495945,11.6723142849
 07/29  11:00:00,331.824545483,11.672708307999999
 07/29  12:00:00,327.49646797599996,11.6726285947
 07/29  13:00:00,334.71734693,11.672771344200001
 07/29  14:00:00,337.464284815,11.672432604
 07/29  15:00:00,337.395336071,11.6723927224
 07/29  16:00:00,337.419999163,11.6725563751
 07/29  17:00:00,333.43931051,11.672484691
 07/29  18:00:00,302.78205737400003,9.33737631043
 07/29  19:00:00,258.265248928,7.002282727260001
 07/29  20:00:00,247.51511263700002,6.77942911743
 07/29  21:00:00,186.08371567900002,4.667070657180001
 07/29  22:00:00,129.254177353,1.77125
 07/29  23:00:00,157.62076203799998,2.9156787238
 07/29  24:00:00,138.221700291,1.77125
 07/30  01:00:00,126.693882465,2.91554985008
 07/30  02:00:00,125.444526307,1.77125
 07/30  03:00:00,124.84440726,1.77125
 07/30  04:00:00,132.617614196,2.91550720495
 07/30  05:00:00,128.447022144,1.77125
 07/30  06:00:00,161.623712457,4.29416430384
 07/30  07:00:00,181.75558405599998,17.6255916295
 07/30  08:00:00,212.22197274,25.0716785098
 07/30  09:00:00,188.46677298900002,35.7278337216
 07/30  10:00:00,222.593992118,17.4422946494
 07/30  11:00:00,251.124892502,8.169624775019999
 07/30  12:00:00,281.782070295,10.504820132999999
 07/30  13:00:00,288.50481165,9.36
 07/30  14:00:00,284.88787777,10.5047557266
 07/30  15:00:00,283.507348405,10.5047167536
 07/30  16:00:00,286.361000117,10.5047251688
 07/30  17:00:00,256.464856279,7.025
 07/30  18:00:00,256.591306245,5.83462789537
 07/30  19:00:00,244.70044973,5.834599852999999
 07/30  20:00:00,235.79735338700002,4.69
 07/30  21:00:00,208.4876487,5.83448354979
 07/30  22:00:00,132.32437164,1.77125
 07/30  23:00:00,159.307035596,1.77125
 07/30  24:00:00,140.684127392,2.91557385299
 07/31  01:00:00,131.979740649,2.355
 07/31  02:00:00,130.534019717,2.355
 07/31  03:00:00,129.507596613,3.49926268046
 07/31  04:00:00,136.68141678799998,2.355
 07/31  05:00:00,132.207849341,2.355
 07/31  06:00:00,177.88886322,4.69
 07/31  07:00:00,194.523656189,10.9695930451
 07/31  08:00:00,271.370145359,9.337023631889998
 07/31  09:00:00,306.403330642,10.5275
 07/31  10:00:00,304.412101906,11.672433724300001
 07/31  11:00:00,324.914642046,11.672659288599998
 07/31  12:00:00,315.914267171,11.6728617202
 07/31  13:00:00,318.973134105,12.817845780599999
 07/31  14:00:00,311.039977979,11.6724338509
 07/31  15:00:00,304.791189946,10.5275
 07/31  16:00:00,305.111014681,11.672506636900001
 07/31  17:00:00,302.295951989,11.672460833299999
 07/31  18:00:00,293.693306554,10.5048149413
 07/31  19:00:00,281.79003715,10.9162580325
 07/31  20:00:00,259.48417792,9.74630004156
 07/31  21:00:00,188.946164694,4.69
 07/31  22:00:00,124.152418467,3.49938504114
 07/31  23:00:00,154.003180242,2.355
 07/31  24:00:00,131.97400820200002,2.355
 08/01  01:00:00,121.545328699,3.4992292252800006
 08/01  02:00:00,122.442002525,2.355
 08/01  03:00:00,122.319278144,2.355
 08/01  04:00:00,147.84872186299998,2.355
 08/01  05:00:00,144.02371652,3.4992331739999996
 08/01  06:00:00,191.35720732299998,7.34499292775
 08/01  07:00:00,202.77974968400002,31.8494818346
 08/01  08:00:00,269.354796271,16.1183297146
 08/01  09:00:00,311.58035346,11.6722336239
 08/01  10:00:00,315.547299937,11.6724003236
 08/01  11:00:00,336.204101138,11.672736996700001
 08/01  12:00:00,337.927438918,11.6727038799
 08/01  13:00:00,350.943362941,11.672836992999999
 08/01  14:00:00,348.637477171,11.6724682827
 08/01  15:00:00,344.84118700199997,11.6723463617
 08/01  16:00:00,342.750493983,11.6725027934
 08/01  17:00:00,342.85970164599996,11.6724632516
 08/01  18:00:00,332.644035663,10.5049809094
 08/01  19:00:00,307.422948713,9.36
 08/01  20:00:00,280.58971665400003,9.33727471648
 08/01  21:00:00,209.921739823,5.83460105171
 08/01  22:00:00,133.506195861,2.355
 08/01  23:00:00,160.111107241,3.49928973039
 08/01  24:00:00,140.388360589,2.355
 08/02  01:00:00,130.017674426,2.355
 08/02  02:00:00,128.741155974,2.355
 08/02  03:00:00,127.47909060799999,3.4992578039
 08/02  04:00:00,134.432621259,2.355
 08/02  05:00:00,130.405899197,2.355
 08/02  06:00:00,176.642410517,5.83425959793
 08/02  07:00:00,197.675672434,5.93432916857
 08/02  08:00:00,278.8831036,9.33708317913
 08/02  09:00:00,316.375586377,10.5275
 08/02  10:00:00,315.293204004,11.672294861500001
 08/02  11:00:00,336.266358121,11.672714041099999
 08/02  12:00:00,335.681160227,11.6726451816
 08/02  13:00:00,347.906375654,12.8179467668
 08/02  14:00:00,347.855042381,11.6724823415
 08/02  15:00:00,346.46900819,10.5275
 08/02  16:00:00,346.105236635,11.6725533262
 08/02  17:00:00,342.602296319,11.672505816700001
 08/02  18:00:00,325.37042343900004,10.5048586577
 08/02  19:00:00,312.04106764200003,10.504755303
 08/02  20:00:00,291.169292588,9.33716546325
 08/02  21:00:00,222.293327355,4.69
 08/02  22:00:00,136.429322971,3.49942562116
 08/02  23:00:00,164.620181624,2.355
 08/02  24:00:00,146.798721614,2.355
 08/03  01:00:00,135.738977415,3.49926931264
 08/03  02:00:00,134.594775696,2.355
 08/03  03:00:00,134.680636945,2.355
 08/03  04:00:00,143.426090158,3.49920690685
 08/03  05:00:00,139.24701554700002,2.355
 08/03  06:00:00,197.016293448,5.1348268482699995
 08/03  07:00:00,218.89553118,7.809662630419999
 08/03  08:00:00,296.941178282,8.1925
 08/03  09:00:00,334.46511414,11.6722688222
 08/03  10:00:00,342.619823345,11.672435034400001
 08/03  11:00:00,365.152731296,11.672769318699999
 08/03  12:00:00,371.53919823900003,11.6727344382
 08/03  13:00:00,377.46906381800005,11.6726004727
 08/03  14:00:00,371.871259857,11.6724963977
 08/03  15:00:00,370.30548441699995,11.672373193499999
 08/03  16:00:00,366.21195633300005,11.6725277721
 08/03  17:00:00,354.888138052,11.672486658499999
 08/03  18:00:00,330.222169066,10.50480366
 08/03  19:00:00,318.25797393700003,9.36
 08/03  20:00:00,299.287959448,9.3372957717
 08/03  21:00:00,226.504888056,5.834621148589999
 08/03  22:00:00,137.915211054,2.355
 08/03  23:00:00,165.399053089,3.49930949071
 08/03  24:00:00,147.52279342100002,2.355
 08/04  01:00:00,137.343859807,2.355
 08/04  02:00:00,135.401996255,2.355
 08/04  03:00:00,135.11906616,3.4992113266400002
 08/04  04:00:00,164.218092861,2.355
 08/04  05:00:00,164.053730375,2.355
 08/04  06:00:00,218.646358988,6.35678284189
 08/04  07:00:00,232.566738016,6.34037119592
 08/04  08:00:00,300.757995349,9.337100563789999
 08/04  09:00:00,339.817830623,10.5275
 08/04  10:00:00,348.014986971,11.672310378099999
 08/04  11:00:00,373.45883142199995,11.672727246900001
 08/04  12:00:00,373.847564049,11.672656843199999
 08/04  13:00:00,376.49216316900004,12.8179652118
 08/04  14:00:00,380.914045754,11.6724897626
 08/04  15:00:00,380.717067091,10.5275
 08/04  16:00:00,383.60550188,11.672559185799999
 08/04  17:00:00,371.705446485,11.6725102573
 08/04  18:00:00,319.135361761,10.8010538112
 08/04  19:00:00,276.010178643,11.7762862632
 08/04  20:00:00,257.88252395,9.74557867665
 08/04  21:00:00,189.76965558900002,4.69
 08/04  22:00:00,130.84628520799998,3.4994259154900003
 08/04  23:00:00,159.173835657,2.355
 08/04  24:00:00,139.121268757,2.355
 08/05  01:00:00,124.92727168200001,2.91556246523
 08/05  02:00:00,123.09178708,1.77125
 08/05  03:00:00,122.26827043600001,1.77125
 08/05  04:00:00,129.683645474,2.91551006859
 08/05  05:00:00,129.22473346799998,1.77125
 08/05  06:00:00,159.66467661299998,4.6259957655
 08/05  07:00:00,181.83438636099999,17.5574836594
 08/05  08:00:00,247.959390879,5.8575
 08/05  09:00:00,280.98693816400004,10.504665536000001
 08/05  10:00:00,311.05702473599996,11.672313555499999
 08/05  11:00:00,333.708443237,11.6726992121
 08/05  12:00:00,329.411004452,11.6726141073
 08/05  13:00:00,335.319012101,11.6727500036
 08/05  14:00:00,327.646674753,11.6724079245
 08/05  15:00:00,323.69153344299997,11.6725823779
 08/05  16:00:00,322.627356314,11.672519556900001
 08/05  17:00:00,317.671138672,11.6724428073
 08/05  18:00:00,289.40701388400004,9.337329620710001
 08/05  19:00:00,245.43186997599997,7.976620872739999
 08/05  20:00:00,235.993451542,6.267066301719999
 08/05  21:00:00,180.848078862,4.66708065378
 08/05  22:00:00,124.34200355700001,1.77125
 08/05  23:00:00,152.57270218899998,2.91562121644
 08/05  24:00:00,131.158050177,1.77125
 08/06  01:00:00,119.346138951,2.91556655988
 08/06  02:00:00,117.151283346,1.77125
 08/06  03:00:00,115.45788596,1.77125
 08/06  04:00:00,121.593132703,2.91551843133
 08/06  05:00:00,118.362198803,1.77125
 08/06  06:00:00,146.102623545,37.7682529385
 08/06  07:00:00,158.951187479,84.5155417738
 08/06  08:00:00,188.17554657099998,81.0525646156
 08/06  09:00:00,161.239570765,84.4263626646
 08/06  10:00:00,191.778302626,79.5033242687
 08/06  11:00:00,220.06068526400003,69.33152880909999
 08/06  12:00:00,234.877822959,37.367688848
 08/06  13:00:00,235.28827857,21.3977333835
 08/06  14:00:00,231.87353067400002,13.596583562100001
 08/06  15:00:00,227.908126463,10.5048014608
 08/06  16:00:00,227.158592975,10.504811765700001
 08/06  17:00:00,197.50071368599998,18.3681387112
 08/06  18:00:00,201.274901507,28.333202683000003
 08/06  19:00:00,185.098705758,37.851417605
 08/06  20:00:00,181.041333092,60.126009526400004
 08/06  21:00:00,165.218129709,35.9880978957
 08/06  22:00:00,103.673764959,1.77125
 08/06  23:00:00,136.347776122,1.77125
 08/06  24:00:00,110.77950493600001,2.91554277116
 08/07  01:00:00,104.817726244,2.355
 08/07  02:00:00,104.649807816,2.355
 08/07  03:00:00,104.07127966899999,3.49921984064
 08/07  04:00:00,109.662550203,2.355
 08/07  05:00:00,107.80747148100001,2.355
 08/07  06:00:00,148.795635328,95.18533806379999
 08/07  07:00:00,166.573811969,106.49364273200001
 08/07  08:00:00,245.871641013,78.9239191005
 08/07  09:00:00,276.840450983,47.7015403744
 08/07  10:00:00,271.29262537299996,27.5986493455
 08/07  11:00:00,298.22584042799997,12.2141993548
 08/07  12:00:00,284.216271102,11.672726514
 08/07  13:00:00,283.769396707,11.6725937039
 08/07  14:00:00,280.503521282,11.672525951099999
 08/07  15:00:00,278.07740606,11.6724180865
 08/07  16:00:00,279.08604195,11.6723535974
 08/07  17:00:00,278.355981687,11.672519035899999
 08/07  18:00:00,271.31531282599997,10.504851587100001
 08/07  19:00:00,256.153318102,11.6979255263
 08/07  20:00:00,234.52238138299998,9.38886525798
 08/07  21:00:00,172.510613852,5.83460061136
 08/07  22:00:00,109.900123851,2.355
 08/07  23:00:00,139.929183889,3.4993131238300004
 08/07  24:00:00,114.396767528,2.355
 08/08  01:00:00,105.436030409,2.355
 08/08  02:00:00,105.55772955200001,3.4992645534199993
 08/08  03:00:00,105.378528995,2.355
 08/08  04:00:00,129.301511395,2.355
 08/08  05:00:00,129.698708699,3.4992566857
 08/08  06:00:00,171.707474525,64.4551464246
 08/08  07:00:00,180.697944199,88.35306795
 08/08  08:00:00,248.25159224900003,68.4167913865
 08/08  09:00:00,282.26552220599996,27.8820249596
 08/08  10:00:00,279.904195895,10.5275
 08/08  11:00:00,309.111297202,12.8177498971
 08/08  12:00:00,303.835372682,11.672771416700002
 08/08  13:00:00,305.50773128099996,11.6726310356
 08/08  14:00:00,300.536265186,11.672485957200001
 08/08  15:00:00,297.659174217,11.672342591300001
 08/08  16:00:00,297.88110421,11.6724969747
 08/08  17:00:00,296.133478331,11.6724564101
 08/08  18:00:00,290.925255182,9.36
 08/08  19:00:00,271.363837831,11.373469522799999
 08/08  20:00:00,247.96600413599998,10.8505445681
 08/08  21:00:00,180.19561256400002,5.834499861519999
 08/08  22:00:00,122.675066177,2.355
 08/08  23:00:00,151.904182002,2.355
 08/08  24:00:00,128.85693028,3.4992573466900003
 08/09  01:00:00,117.80421752,2.355
 08/09  02:00:00,115.500576294,2.355
 08/09  03:00:00,113.205277079,2.355
 08/09  04:00:00,119.95564076299999,3.49921993495
 08/09  05:00:00,119.444877573,2.355
 08/09  06:00:00,161.534858348,41.410879880100005
 08/09  07:00:00,180.881098285,67.2756726692
 08/09  08:00:00,259.44156079,40.3615065851
 08/09  09:00:00,294.518801914,12.815853470999999
 08/09  10:00:00,295.45500419900003,11.672438305899998
 08/09  11:00:00,323.40729674,11.6727115296
 08/09  12:00:00,317.587076465,11.6726557315
 08/09  13:00:00,319.512607805,11.672785906400001
 08/09  14:00:00,311.424076251,11.672452943900002
 08/09  15:00:00,307.181928155,11.6723440422
 08/09  16:00:00,310.016470749,11.67249088
 08/09  17:00:00,309.74377015700003,11.6724428813
 08/09  18:00:00,300.85677364400004,10.504972926799999
 08/09  19:00:00,285.638286532,10.5048100778
 08/09  20:00:00,263.179975566,10.167915938
 08/09  21:00:00,189.46768452900002,5.8345876928
 08/09  22:00:00,125.646581751,2.355
 08/09  23:00:00,153.737957142,3.4993134241500004
 08/09  24:00:00,131.115750016,2.355
 08/10  01:00:00,119.72896790600001,2.355
 08/10  02:00:00,118.01187962700001,3.4992541439199996
 08/10  03:00:00,116.71632366799999,2.355
 08/10  04:00:00,122.994775372,2.355
 08/10  05:00:00,120.75303192700001,2.355
 08/10  06:00:00,161.956499571,36.6866202512
 08/10  07:00:00,182.35389130599998,55.615389783400005
 08/10  08:00:00,262.519449261,28.10406347
 08/10  09:00:00,300.383890255,10.5275
 08/10  10:00:00,303.140250719,11.6724639406
 08/10  11:00:00,326.74592532099996,11.6726247219
 08/10  12:00:00,324.927762918,12.8179870144
 08/10  13:00:00,336.06700310599996,11.6728084171
 08/10  14:00:00,329.377288426,11.672624331600002
 08/10  15:00:00,328.960454674,11.672462637999999
 08/10  16:00:00,331.592880626,11.6724072473
 08/10  17:00:00,325.231632995,11.6723658004
 08/10  18:00:00,309.791160638,9.36
 08/10  19:00:00,292.394036169,10.5047097524
 08/10  20:00:00,272.12782228599997,10.995054550199999
 08/10  21:00:00,193.16747355799998,4.69
 08/10  22:00:00,127.625651394,3.4994319333599995
 08/10  23:00:00,156.632043471,2.355
 08/10  24:00:00,133.80146380899998,2.355
 08/11  01:00:00,121.130287136,3.49924906055
 08/11  02:00:00,119.21734326200001,2.355
 08/11  03:00:00,117.318256811,2.355
 08/11  04:00:00,141.331864476,3.4992581440300006
 08/11  05:00:00,141.996784719,2.355
 08/11  06:00:00,186.332308496,15.3063489089
 08/11  07:00:00,203.066673025,23.6682036912
 08/11  08:00:00,270.302612334,8.1925
 08/11  09:00:00,304.279078498,11.672213046500001
 08/11  10:00:00,307.073025696,11.6723427315
 08/11  11:00:00,331.820274399,11.6726149104
 08/11  12:00:00,333.730952795,11.672825734000002
 08/11  13:00:00,337.09244518099996,11.6726872798
 08/11  14:00:00,323.516597772,11.6725796221
 08/11  15:00:00,315.525427358,11.6724524949
 08/11  16:00:00,317.68891114400003,11.672389736300001
 08/11  17:00:00,319.457840007,11.6725564082
 08/11  18:00:00,309.785536684,10.504869943200001
 08/11  19:00:00,284.341333196,10.504706555599999
 08/11  20:00:00,266.708361355,9.08240931267
 08/11  21:00:00,191.65240395,5.83454877506
 08/11  22:00:00,128.538279791,2.355
 08/11  23:00:00,156.39739437,3.4992886156300003
 08/11  24:00:00,134.725587158,2.355
 08/12  01:00:00,120.46716118,1.77125
 08/12  02:00:00,119.507576162,2.91554731949
 08/12  03:00:00,118.47735289100001,1.77125
 08/12  04:00:00,124.32684063,1.77125
 08/12  05:00:00,122.73170208399999,2.91554864046
 08/12  06:00:00,151.990634854,22.672019596
 08/12  07:00:00,171.608578331,48.0926811724
 08/12  08:00:00,237.249572826,25.1071754725
 08/12  09:00:00,268.963853818,10.5046992759
 08/12  10:00:00,303.172946023,11.6723025347
 08/12  11:00:00,330.404437544,11.6725265876
 08/12  12:00:00,328.114214595,11.6727126962
 08/12  13:00:00,335.464020206,11.6725909972
 08/12  14:00:00,329.47473584,11.6724305304
 08/12  15:00:00,323.644821035,11.6725939596
 08/12  16:00:00,325.100751909,11.6725208953
 08/12  17:00:00,319.813179529,11.6724340475
 08/12  18:00:00,286.596580184,8.1925
 08/12  19:00:00,242.744180033,8.15185851901
 08/12  20:00:00,237.956414618,7.0021683142999995
 08/12  21:00:00,178.846040304,3.5225
 08/12  22:00:00,125.74303403,2.91572610796
 08/12  23:00:00,154.609231156,1.77125
 08/12  24:00:00,133.880019541,2.9156196649400004
 08/13  01:00:00,123.47636756200001,1.77125
 08/13  02:00:00,123.199989075,1.77125
 08/13  03:00:00,123.14707100700001,2.91548477773
 08/13  04:00:00,131.583471828,1.77125
 08/13  05:00:00,130.956223109,1.77125
 08/13  06:00:00,160.60880073299998,4.66678217549
 08/13  07:00:00,178.86845542700001,20.752618934
 08/13  08:00:00,209.741036698,26.203676792800003
 08/13  09:00:00,187.26923897900002,32.4645436316
 08/13  10:00:00,220.49984341200002,22.7038092269
 08/13  11:00:00,245.583120907,13.9848092505
 08/13  12:00:00,264.729589662,10.5048496262
 08/13  13:00:00,268.190651627,10.5048156288
 08/13  14:00:00,268.075075657,10.504723028099999
 08/13  15:00:00,269.31900642200003,9.36
 08/13  16:00:00,271.206706692,10.5047247354
 08/13  17:00:00,241.459346307,8.16981155365
 08/13  18:00:00,241.36028312599998,5.0951301979000005
 08/13  19:00:00,227.88095672900002,5.834655316259999
 08/13  20:00:00,222.703337347,5.83458031341
 08/13  21:00:00,194.621313638,4.69
 08/13  22:00:00,128.098509233,1.77125
 08/13  23:00:00,156.573395208,2.9155283816799997
 08/13  24:00:00,135.633738891,1.77125
 08/14  01:00:00,125.823605854,2.355
 08/14  02:00:00,124.15674507899999,3.4992808830800004
 08/14  03:00:00,122.782495661,2.355
 08/14  04:00:00,129.595539901,2.355
 08/14  05:00:00,128.176743436,3.49920668056
 08/14  06:00:00,170.080134947,11.4553511064
 08/14  07:00:00,188.49837149299998,40.9860196832
 08/14  08:00:00,264.550177173,26.72053459
 08/14  09:00:00,295.462336698,11.6722239312
 08/14  10:00:00,293.696410787,10.5275
 08/14  11:00:00,319.761335341,12.817761904600001
 08/14  12:00:00,310.74475331400004,11.6727733235
 08/14  13:00:00,307.01515508200004,11.67263086
 08/14  14:00:00,305.81132317,11.672483903900002
 08/14  15:00:00,307.43925117099997,11.6723386492
 08/14  16:00:00,307.964668227,11.6724903172
 08/14  17:00:00,308.141473668,11.672447538
 08/14  18:00:00,299.135292586,9.36
 08/14  19:00:00,279.627366139,12.5165960928
 08/14  20:00:00,262.668239181,10.5370912516
 08/14  21:00:00,188.956881707,4.69
 08/14  22:00:00,125.81035300399999,3.4994303125699995
 08/14  23:00:00,155.542455066,2.355
 08/14  24:00:00,133.701463458,3.4992435183199997
 08/15  01:00:00,122.972185578,2.355
 08/15  02:00:00,121.490527301,2.355
 08/15  03:00:00,120.1331736,2.355
 08/15  04:00:00,144.077589581,3.4992054243
 08/15  05:00:00,142.090833375,2.355
 08/15  06:00:00,183.980135133,24.486949575100002
 08/15  07:00:00,192.433411892,60.7147008043
 08/15  08:00:00,255.701214633,50.862355738299996
 08/15  09:00:00,284.616829844,30.4881661938
 08/15  10:00:00,278.769717325,22.3421155561
 08/15  11:00:00,301.28954633,13.584730806
 08/15  12:00:00,289.762317317,11.6726301032
 08/15  13:00:00,291.033990884,11.672757701199998
 08/15  14:00:00,286.05466165400003,11.6724235507
 08/15  15:00:00,285.259931493,11.6725211032
 08/15  16:00:00,288.755084997,11.6724571486
 08/15  17:00:00,289.446860674,11.6724072405
 08/15  18:00:00,283.009412842,10.5049352343
 08/15  19:00:00,260.068055829,11.367421347
 08/15  20:00:00,245.01075305700002,9.236813408160002
 08/15  21:00:00,177.03178845,5.83461251372
 08/15  22:00:00,120.182355537,2.355
 08/15  23:00:00,149.787266456,3.49927223482
 08/15  24:00:00,124.870968638,2.355
 08/16  01:00:00,113.67537078299999,2.355
 08/16  02:00:00,111.77260805700001,3.49928175509
 08/16  03:00:00,111.01317218,2.355
 08/16  04:00:00,118.085799757,2.355
 08/16  05:00:00,117.171030955,2.355
 08/16  06:00:00,157.670967333,67.7664990076
 08/16  07:00:00,174.074250164,93.7809938531
 08/16  08:00:00,250.279139403,79.7588078049
 08/16  09:00:00,283.95590929,39.4029643121
 08/16  10:00:00,283.808224289,14.589234915999999
 08/16  11:00:00,310.522830625,11.6725762746
 08/16  12:00:00,303.668878183,12.817883927899999
 08/16  13:00:00,300.109384804,11.6727538666
 08/16  14:00:00,291.809513253,11.6725686021
 08/16  15:00:00,289.626217369,11.672405563800002
 08/16  16:00:00,291.080154842,11.6723484934
 08/16  17:00:00,291.902507867,10.5275
 08/16  18:00:00,285.927877195,10.504926579
 08/16  19:00:00,271.048852403,11.8658571434
 08/16  20:00:00,252.02031302,10.6181941788
 08/16  21:00:00,182.56161539299998,4.69
 08/16  22:00:00,118.98829476600001,3.4993832048400004
 08/16  23:00:00,148.042236643,2.355
 08/16  24:00:00,123.284696755,2.355
 08/17  01:00:00,112.192517226,3.4992534578099996
 08/17  02:00:00,110.15882409999999,2.355
 08/17  03:00:00,108.79221574200001,2.355
 08/17  04:00:00,113.941027641,3.49925858318
 08/17  05:00:00,111.829603548,2.355
 08/17  06:00:00,155.212230218,84.8183552199
 08/17  07:00:00,168.060230762,105.880422609
 08/17  08:00:00,249.178680047,71.8996300931
 08/17  09:00:00,285.800616317,27.0284009037
 08/17  10:00:00,288.00230011,11.6722730216
 08/17  11:00:00,320.733005675,11.6725431846
 08/17  12:00:00,311.952021583,11.672752021199999
 08/17  13:00:00,309.531996826,11.6726125869
 08/17  14:00:00,302.420357611,11.6725033389
 08/17  15:00:00,292.7313475,11.6723750498
 08/17  16:00:00,291.46875654900003,11.6725225941
 08/17  17:00:00,290.57769630900003,11.672475726300002
 08/17  18:00:00,284.01485937,10.9123381049
 08/17  19:00:00,272.365870295,10.2447016051
 08/17  20:00:00,251.83377272099997,10.679136285
 08/17  21:00:00,181.60591331900002,5.83459673255
 08/17  22:00:00,118.918711915,2.355
 08/17  23:00:00,148.127972398,3.4992838433199998
 08/17  24:00:00,123.873453793,2.355
 08/18  01:00:00,112.92334085,2.355
 08/18  02:00:00,111.171196954,2.355
 08/18  03:00:00,110.21068848200001,3.4992502841300004
 08/18  04:00:00,133.492595385,2.355
 08/18  05:00:00,131.88846382399998,2.355
 08/18  06:00:00,176.832638,60.495945551300004
 08/18  07:00:00,184.20658768299998,77.8103844717
 08/18  08:00:00,253.41636245799998,51.2515457571
 08/18  09:00:00,289.73442687799997,13.927870259
 08/18  10:00:00,287.625190648,11.672463060899998
 08/18  11:00:00,313.24145823099997,11.6726771304
 08/18  12:00:00,306.53773502900003,11.6726016987
 08/18  13:00:00,308.453302924,12.8178367284
 08/18  14:00:00,304.136107518,11.6724189949
 08/18  15:00:00,300.759651093,10.5275
 08/18  16:00:00,300.708387963,11.672482844200001
 08/18  17:00:00,296.650049181,11.6724290236
 08/18  18:00:00,288.29187682,10.504974067400001
 08/18  19:00:00,265.412557903,11.4999262077
 08/18  20:00:00,241.491430662,11.4922344211
 08/18  21:00:00,173.500254937,4.69
 08/18  22:00:00,116.729754919,3.49942631766
 08/18  23:00:00,147.365628993,2.355
 08/18  24:00:00,123.43331156200001,2.355
 08/19  01:00:00,110.774631159,2.91555105045
 08/19  02:00:00,110.85818045399999,1.77125
 08/19  03:00:00,111.606953376,1.77125
 08/19  04:00:00,119.295461999,2.91529091135
 08/19  05:00:00,117.53621969299999,1.77125
 08/19  06:00:00,150.43947729799999,27.2597720691
 08/19  07:00:00,166.57105912,50.942364991999995
 08/19  08:00:00,232.214109855,28.4084157291
 08/19  09:00:00,262.619801348,10.504556733
 08/19  10:00:00,294.111079278,11.672398407000001
 08/19  11:00:00,323.314462115,11.672579120999998
 08/19  12:00:00,316.160892853,11.672746137
 08/19  13:00:00,319.667795202,11.6726195945
 08/19  14:00:00,311.25538841599996,11.6724964333
 08/19  15:00:00,299.37037494,13.4310512121
 08/19  16:00:00,296.368393598,12.404342135599999
 08/19  17:00:00,297.411423992,11.6725066557
 08/19  18:00:00,275.247765378,10.3073587015
 08/19  19:00:00,235.264461385,7.552195610619999
 08/19  20:00:00,236.132319178,5.8575
 08/19  21:00:00,177.923036411,4.66698497075
 08/19  22:00:00,127.18770807,1.77125
 08/19  23:00:00,156.250073838,2.9156541225
 08/19  24:00:00,136.49284191799998,1.77125
 08/20  01:00:00,125.999749136,1.77125
 08/20  02:00:00,125.678504194,2.91555560787
 08/20  03:00:00,125.36984592399999,1.77125
 08/20  04:00:00,132.223771492,1.77125
 08/20  05:00:00,130.886686409,2.9154989774799995
 08/20  06:00:00,163.22801857,5.727122542259999
 08/20  07:00:00,178.955019297,30.881507540799998
 08/20  08:00:00,213.209821217,21.567844784000002
 08/20  09:00:00,193.61247515,14.670524110999999
 08/20  10:00:00,227.34717828,8.16964088528
 08/20  11:00:00,254.68394800299998,8.16969569638
 08/20  12:00:00,280.452450998,9.36
 08/20  13:00:00,282.110355575,10.5047375941
 08/20  14:00:00,276.051192971,10.5048283221
 08/20  15:00:00,272.371850274,10.5047879204
 08/20  16:00:00,271.032054321,9.36
 08/20  17:00:00,239.458444295,8.16974478636
 08/20  18:00:00,238.37655997,6.516839759480001
 08/20  19:00:00,225.16409354700002,4.82466651894
 08/20  20:00:00,216.220191102,7.01730708834
 08/20  21:00:00,188.801108165,4.69
 08/20  22:00:00,123.09668723600001,2.9156165026700003
 08/20  23:00:00,152.083300146,1.77125
 08/20  24:00:00,129.590915484,1.77125
 08/21  01:00:00,120.562866205,3.4992762163599997
 08/21  02:00:00,118.79670935,2.355
 08/21  03:00:00,118.045426495,2.355
 08/21  04:00:00,125.032342148,3.49921573639
 08/21  05:00:00,123.908890399,2.355
 08/21  06:00:00,169.815624684,28.587448761100003
 08/21  07:00:00,185.079687746,61.6726679637
 08/21  08:00:00,260.50660008200003,45.267103617
 08/21  09:00:00,293.673903542,14.9142254234
 08/21  10:00:00,294.53289249,11.6722956446
 08/21  11:00:00,321.260706795,11.6725656264
 08/21  12:00:00,318.842132097,11.6727743177
 08/21  13:00:00,327.192886913,11.6726346754
 08/21  14:00:00,329.31730316700003,11.6725254212
 08/21  15:00:00,329.88363861700003,11.6723970127
 08/21  16:00:00,335.13693922,11.672544412999999
 08/21  17:00:00,335.799025346,11.6724973848
 08/21  18:00:00,321.894121244,10.50480979
 08/21  19:00:00,308.861332087,9.36
 08/21  20:00:00,288.017604701,9.33729661469
 08/21  21:00:00,212.624085045,5.83461817421
 08/21  22:00:00,134.584997337,2.355
 08/21  23:00:00,163.255687491,3.49930525536
 08/21  24:00:00,144.732027126,2.355
 08/22  01:00:00,131.598431526,2.355
 08/22  02:00:00,127.20125388700001,2.355
 08/22  03:00:00,125.46060319799999,3.49920590399
 08/22  04:00:00,151.170529926,2.355
 08/22  05:00:00,150.540517587,2.355
 08/22  06:00:00,196.260322972,5.94243123262
 08/22  07:00:00,204.371159854,20.4100953025
 08/22  08:00:00,271.301468101,9.87165592325
 08/22  09:00:00,309.969196313,10.5275
 08/22  10:00:00,311.677688813,11.6722903758
 08/22  11:00:00,334.847614418,11.6726990944
 08/22  12:00:00,332.39781299099997,11.6726236072
 08/22  13:00:00,345.480998152,12.8178808942
 08/22  14:00:00,348.378502635,11.6724411623
 08/22  15:00:00,345.346085782,10.5275
 08/22  16:00:00,347.06307863,11.6725050649
 08/22  17:00:00,345.671023208,11.672451252
 08/22  18:00:00,329.88025164,10.5047985666
 08/22  19:00:00,303.333263345,10.504689705599999
 08/22  20:00:00,278.229897204,10.379420646
 08/22  21:00:00,201.198983445,4.69
 08/22  22:00:00,133.54517424600002,3.4993517485300005
 08/22  23:00:00,160.38616694700002,2.355
 08/22  24:00:00,140.739952009,2.355
 08/23  01:00:00,130.80161011,3.4992636493300004
 08/23  02:00:00,129.501722867,2.355
 08/23  03:00:00,128.728793337,2.355
 08/23  04:00:00,136.004585618,2.355
 08/23  05:00:00,133.789694464,3.49926184961
 08/23  06:00:00,177.57199832400002,4.69
 08/23  07:00:00,190.856769775,21.8271960981
 08/23  08:00:00,265.445253556,17.2857912318
 08/23  09:00:00,296.863785467,11.672180314
 08/23  10:00:00,294.033830433,11.6723396875
 08/23  11:00:00,315.669193177,11.6726652355
 08/23  12:00:00,307.822435944,11.672624669200001
 08/23  13:00:00,307.958472603,11.672748546300001
 08/23  14:00:00,299.786161984,11.672601426500002
 08/23  15:00:00,295.532038188,11.6724556777
 08/23  16:00:00,295.422508122,11.672395117699999
 08/23  17:00:00,295.19898941900004,11.672563600899998
 08/23  18:00:00,287.618185102,10.504858716900001
 08/23  19:00:00,278.891949882,9.36
 08/23  20:00:00,261.48441252099997,9.33731453664
 08/23  21:00:00,187.521697875,5.834601245580001
 08/23  22:00:00,123.71533727,2.355
 08/23  23:00:00,153.380620275,2.355
 08/23  24:00:00,129.252630323,3.49922666429
 08/24  01:00:00,117.56651256200001,2.355
 08/24  02:00:00,114.746897277,2.355
 08/24  03:00:00,112.061460535,3.49925436495
 08/24  04:00:00,117.157129345,2.355
 08/24  05:00:00,114.48037223600001,2.355
 08/24  06:00:00,157.065192642,80.3341117455
 08/24  07:00:00,172.36625420200002,91.3932595955
 08/24  08:00:00,253.49542138299998,60.735213202299995
 08/24  09:00:00,284.91738323,37.567695343400004
 08/24  10:00:00,281.014889802,20.9716900602
 08/24  11:00:00,305.24610249799997,11.6725518277
 08/24  12:00:00,294.483787209,11.6727435672
 08/24  13:00:00,299.390564384,11.6726078611
 08/24  14:00:00,301.073834852,11.6725372864
 08/24  15:00:00,297.554119051,11.6724266903
 08/24  16:00:00,300.055403356,11.6723593028
 08/24  17:00:00,298.98619223,11.6725210375
 08/24  18:00:00,289.230330574,10.9334739542
 08/24  19:00:00,277.059449319,11.705822241300002
 08/24  20:00:00,254.77218043,9.57049050971
 08/24  21:00:00,184.637467348,5.83459559959
 08/24  22:00:00,121.934803171,2.355
 08/24  23:00:00,151.689470271,3.49930710691
 08/24  24:00:00,127.049653381,2.355
 08/25  01:00:00,115.028719785,2.355
 08/25  02:00:00,112.563339615,3.4992577461800005
 08/25  03:00:00,110.06867710700001,2.355
 08/25  04:00:00,131.284503675,2.355
 08/25  05:00:00,130.19542403,3.4992492058
 08/25  06:00:00,175.80635799799998,69.4903444571
 08/25  07:00:00,182.69431552400002,91.31843460479999
 08/25  08:00:00,251.84489085599998,67.12438896350001
 08/25  09:00:00,285.211059587,34.165875993200004
 08/25  10:00:00,282.668707106,14.936290037400001
 08/25  11:00:00,308.84303353900003,12.8177152821
 08/25  12:00:00,307.29427364599997,11.672749888199998
 08/25  13:00:00,313.441491939,11.6726075157
 08/25  14:00:00,307.16635275,11.672460454100001
 08/25  15:00:00,303.33091824400003,11.6725235215
 08/25  16:00:00,304.387433667,11.672466675099999
 08/25  17:00:00,304.84912106,11.672423878
 08/25  18:00:00,297.369151515,9.36
 08/25  19:00:00,280.098079446,10.5047669288
 08/25  20:00:00,262.763477888,9.3371754361
 08/25  21:00:00,189.046521311,4.69
 08/25  22:00:00,130.112782463,3.4994259238099996
 08/25  23:00:00,159.72994574,2.355
 08/25  24:00:00,139.60268127700002,3.4992197067400004
 08/26  01:00:00,125.62458643299999,1.77125
 08/26  02:00:00,124.006722055,1.77125
 08/26  03:00:00,122.51962530200001,2.91553567321
 08/26  04:00:00,129.09046045,1.77125
 08/26  05:00:00,127.560246296,1.77125
 08/26  06:00:00,160.595421326,6.67652986053
 08/26  07:00:00,176.412462862,23.855409375300002
 08/26  08:00:00,238.91445830700002,15.4597230533
 08/26  09:00:00,265.06942714900003,9.36
 08/26  10:00:00,291.001717666,11.6724721269
 08/26  11:00:00,308.03517388299997,11.6726121674
 08/26  12:00:00,298.574540779,11.672762998900001
 08/26  13:00:00,308.710283727,11.6726337416
 08/26  14:00:00,307.724220378,11.672549930399999
 08/26  15:00:00,304.6241523,11.6725009773
 08/26  16:00:00,309.673743134,11.672438149100001
 08/26  17:00:00,311.41898706,11.6723614174
 08/26  18:00:00,288.545367942,10.2502080041
 08/26  19:00:00,249.464332774,8.24435263219
 08/26  20:00:00,238.51439877200002,7.54330348948
 08/26  21:00:00,178.818255235,3.5225
 08/26  22:00:00,127.30654644299999,2.9156901515299998
 08/26  23:00:00,155.116481794,1.77125
 08/26  24:00:00,135.344319014,1.77125
 08/27  01:00:00,125.315060275,2.9155326129400003
 08/27  02:00:00,124.527580845,1.77125
 08/27  03:00:00,123.56849793100001,1.77125
 08/27  04:00:00,131.86382947200002,2.9154903848799996
 08/27  05:00:00,131.28027605,1.77125
 08/27  06:00:00,162.845413546,6.03032785309
 08/27  07:00:00,178.03525862799998,40.6796354646
 08/27  08:00:00,210.516361268,35.6401097908
 08/27  09:00:00,192.940118505,22.6336850419
 08/27  10:00:00,228.33486149400002,7.025
 08/27  11:00:00,258.652715488,8.169660865780001
 08/27  12:00:00,287.148023249,10.5048467174
 08/27  13:00:00,292.040140168,9.36
 08/27  14:00:00,284.57899963200003,10.5047753
 08/27  15:00:00,283.253279165,10.5047290584
 08/27  16:00:00,283.983548079,10.5047296559
 08/27  17:00:00,249.62076002400002,7.025
 08/27  18:00:00,246.44850328200002,7.03647827757
 08/27  19:00:00,236.242474053,7.09231662197
 08/27  20:00:00,227.981651576,4.83437229209
 08/27  21:00:00,197.378867847,5.834470626799999
 08/27  22:00:00,129.748038295,1.77125
 08/27  23:00:00,157.755326871,1.77125
 08/27  24:00:00,139.091058538,2.9155587339499998
 08/28  01:00:00,130.3262429,2.355
 08/28  02:00:00,129.40684966,2.355
 08/28  03:00:00,128.746665695,3.4992456232099998
 08/28  04:00:00,134.810633692,2.355
 08/28  05:00:00,132.41676226,2.355
 08/28  06:00:00,177.30091977200001,5.41649358225
 08/28  07:00:00,193.092703035,25.040596850700002
 08/28  08:00:00,268.29104467400003,16.3669923273
 08/28  09:00:00,300.658054098,10.5275
 08/28  10:00:00,298.400643131,11.6723965267
 08/28  11:00:00,316.492772771,11.672612969400001
 08/28  12:00:00,313.40285172299997,11.6728062818
 08/28  13:00:00,328.120821384,11.6726713375
 08/28  14:00:00,328.20487357,11.672602106400001
 08/28  15:00:00,334.289716269,11.672492406300002
 08/28  16:00:00,333.69072431,11.6724260033
 08/28  17:00:00,331.38387584099996,11.672373670599999
 08/28  18:00:00,316.151408729,10.504920242799999
 08/28  19:00:00,305.542053595,10.5047847232
 08/28  20:00:00,287.286474052,9.337187071
 08/28  21:00:00,206.370098838,4.69
 08/28  22:00:00,133.623424638,3.49937528551
 08/28  23:00:00,160.873656263,2.355
 08/28  24:00:00,141.536740372,2.355
 08/29  01:00:00,130.662652427,2.355
 08/29  02:00:00,130.346310083,3.4992597420199996
 08/29  03:00:00,131.026332395,2.355
 08/29  04:00:00,158.691439831,2.355
 08/29  05:00:00,156.888323701,3.49925498808
 08/29  06:00:00,203.16378684,4.69
 08/29  07:00:00,210.76484186599998,8.53990233888
 08/29  08:00:00,274.534440629,9.33700585666
 08/29  09:00:00,308.17487711,11.6722749146
 08/29  10:00:00,302.934672813,11.310641681300002
 08/29  11:00:00,322.043524325,12.0341854155
 08/29  12:00:00,310.802336979,11.6728294482
 08/29  13:00:00,309.248795256,11.672687845799999
 08/29  14:00:00,300.572824007,11.672542121800001
 08/29  15:00:00,297.035196616,11.6723978618
 08/29  16:00:00,297.495421622,11.6725510222
 08/29  17:00:00,294.12852656900003,11.6725093294
 08/29  18:00:00,285.458611107,10.954148240999999
 08/29  19:00:00,265.667665816,11.328945805999998
 08/29  20:00:00,240.953419889,10.099598076900001
 08/29  21:00:00,174.606879547,5.83455076672
 08/29  22:00:00,115.708021501,2.355
 08/29  23:00:00,146.350594009,2.355
 08/29  24:00:00,122.708044909,3.4992421471199995
 08/30  01:00:00,112.36706936700001,2.355
 08/30  02:00:00,110.449205564,2.355
 08/30  03:00:00,109.32761555799999,3.49920465001
 08/30  04:00:00,114.86945109700001,2.355
 08/30  05:00:00,113.195939061,2.355
 08/30  06:00:00,157.343567115,65.3166320242
 08/30  07:00:00,171.81762591900002,87.80044696540001
 08/30  08:00:00,252.87510151599997,55.3779795261
 08/30  09:00:00,286.111999642,23.6406903292
 08/30  10:00:00,283.938378795,11.672293186300001
 08/30  11:00:00,310.420110781,11.672761253
 08/30  12:00:00,300.258175076,11.672705137000001
 08/30  13:00:00,303.093176035,11.6728354225
 08/30  14:00:00,299.851557278,11.672502276300001
 08/30  15:00:00,288.92662041200003,11.6723934447
 08/30  16:00:00,278.140795851,12.473251814700001
 08/30  17:00:00,278.58307491200003,11.6724919306
 08/30  18:00:00,278.243827432,10.5048236007
 08/30  19:00:00,273.62851359900003,10.504688614700001
 08/30  20:00:00,252.63208524799998,8.1925
 08/30  21:00:00,183.59409637299999,5.834570954319999
 08/30  22:00:00,121.310798012,2.355
 08/30  23:00:00,151.897037964,3.49928303917
 08/30  24:00:00,128.615344161,2.355
 08/31  01:00:00,117.240373797,2.355
 08/31  02:00:00,116.18465176,3.49923434307
 08/31  03:00:00,115.52093028200001,2.355
 08/31  04:00:00,122.82625070600001,2.355
 08/31  05:00:00,122.34243050200001,3.4992264446099997
 08/31  06:00:00,174.677689583,17.8113685721
 08/31  07:00:00,191.13779222099998,32.0385411485
 08/31  08:00:00,268.679200922,16.4087882364
 08/31  09:00:00,302.706648099,11.6721825196
 08/31  10:00:00,303.901544312,10.5275
 08/31  11:00:00,323.577228081,11.6726778639
 08/31  12:00:00,312.646859134,12.8180959246
 08/31  13:00:00,317.47044541400004,11.6726000841
 08/31  14:00:00,315.153126084,11.6724548396
 08/31  15:00:00,316.335919155,11.6725203046
 08/31  16:00:00,317.397819767,11.6724656133
 08/31  17:00:00,315.865800306,11.6724249971
 08/31  18:00:00,305.80469419400004,9.36
 08/31  19:00:00,299.153720491,11.771366549000001
 08/31  20:00:00,279.367823108,9.3371800752
 08/31  21:00:00,193.315904628,4.69
 08/31  22:00:00,126.933756276,3.49943155812
 08/31  23:00:00,154.905421901,2.355
 08/31  24:00:00,133.02315703600001,3.4992258493199997
 09/01  01:00:00,122.172755049,2.355
 09/01  02:00:00,120.27884718799999,2.355
 09/01  03:00:00,117.257435085,2.355
 09/01  04:00:00,138.13930757100002,3.49925431504
 09/01  05:00:00,134.936052392,2.355
 09/01  06:00:00,181.02950391,81.086856867
 09/01  07:00:00,183.046440673,100.84966858
 09/01  08:00:00,249.44002978,83.807232568
 09/01  09:00:00,279.460102351,61.9634178528
 09/01  10:00:00,276.200335601,37.6178659885
 09/01  11:00:00,305.528287923,12.672529183800002
 09/01  12:00:00,298.86345955900003,11.6726295486
 09/01  13:00:00,298.391881969,11.6727607627
 09/01  14:00:00,290.555109284,11.672428460199999
 09/01  15:00:00,286.137804476,11.6725293078
 09/01  16:00:00,287.191760151,11.6724681275
 09/01  17:00:00,285.686606925,11.6724210627
 09/01  18:00:00,281.833904186,10.5049520468
 09/01  19:00:00,265.705357365,12.637443328800002
 09/01  20:00:00,237.319037592,11.1421861316
 09/01  21:00:00,173.630122222,5.834568060830001
 09/01  22:00:00,117.21523829700001,2.355
 09/01  23:00:00,146.198333684,3.4992940478400003
 09/01  24:00:00,120.250199189,2.355
 09/02  01:00:00,107.098191287,1.77125
 09/02  02:00:00,104.79459468399999,2.91555372163
 09/02  03:00:00,102.76188075299999,1.77125
 09/02  04:00:00,108.220450592,1.77125
 09/02  05:00:00,106.622242698,2.9154900907099996
 09/02  06:00:00,141.148205974,125.57501288899999
 09/02  07:00:00,150.205626817,134.156443769
 09/02  08:00:00,215.763995806,105.25825181799999
 09/02  09:00:00,245.852387635,67.5460768229
 09/02  10:00:00,276.883350122,25.598901821
 09/02  11:00:00,310.00040516,11.672626321400001
 09/02  12:00:00,300.212452597,11.6725582416
 09/02  13:00:00,298.88317078299997,11.672696520399999
 09/02  14:00:00,294.877276204,11.6725385553
 09/02  15:00:00,291.993106581,11.6724855984
 09/02  16:00:00,292.957837091,11.6724186853
 09/02  17:00:00,291.647182025,11.6725503767
 09/02  18:00:00,269.320716499,10.3799177448
 09/02  19:00:00,230.962687004,8.28875296507
 09/02  20:00:00,218.60056377599997,8.19640893941
 09/02  21:00:00,167.743472072,4.6670821801099995
 09/02  22:00:00,119.829974746,1.77125
 09/02  23:00:00,150.6726533,2.91559290084
 09/02  24:00:00,127.26815208299999,1.77125
 09/03  01:00:00,115.377461075,1.77125
 09/03  02:00:00,114.441906353,2.91555163367
 09/03  03:00:00,113.190099388,1.77125
 09/03  04:00:00,120.43039503899999,1.77125
 09/03  05:00:00,118.71183349100001,2.91548965896
 09/03  06:00:00,154.119976962,61.363425405200005
 09/03  07:00:00,167.954336224,70.30396692640001
 09/03  08:00:00,200.079087762,57.002857661099995
 09/03  09:00:00,175.882542076,49.93835542229999
 09/03  10:00:00,207.844388881,35.32684313
 09/03  11:00:00,235.73766735599997,19.8683661408
 09/03  12:00:00,252.468741475,10.5048084663
 09/03  13:00:00,250.84450635099998,10.5047778787
 09/03  14:00:00,241.92611418200002,15.829012235499999
 09/03  15:00:00,237.595602802,14.811650007699999
 09/03  16:00:00,239.93271692599998,10.9255353982
 09/03  17:00:00,209.75935139400002,17.8448008574
 09/03  18:00:00,213.36154042400003,30.855631371199998
 09/03  19:00:00,205.59668211,41.3013632188
 09/03  20:00:00,198.520579169,55.2737898214
 09/03  21:00:00,177.49049916200002,17.6510259032
 09/03  22:00:00,114.28025866200001,2.9155869059099997
 09/03  23:00:00,144.627263365,1.77125
 09/03  24:00:00,118.562534056,1.77125
 09/04  01:00:00,107.64328149,2.9155327297299998
 09/04  02:00:00,105.466734479,1.77125
 09/04  03:00:00,103.58946069299999,1.77125
 09/04  04:00:00,109.470111135,2.91548844171
 09/04  05:00:00,107.491768296,1.77125
 09/04  06:00:00,141.543044854,143.282271379
 09/04  07:00:00,151.458622731,144.798883297
 09/04  08:00:00,188.78157239799998,116.877980329
 09/04  09:00:00,168.977070619,98.1483595499
 09/04  10:00:00,204.40692746099998,75.0262743911
 09/04  11:00:00,232.31515931099997,60.1893996798
 09/04  12:00:00,248.620242941,27.992518691999997
 09/04  13:00:00,247.399719213,12.482657538
 09/04  14:00:00,242.171747526,10.5047186275
 09/04  15:00:00,238.232652349,10.5048506375
 09/04  16:00:00,239.764166632,10.504862003300001
 09/04  17:00:00,210.45785907200002,7.025
 09/04  18:00:00,212.584912576,10.258274605599999
 09/04  19:00:00,199.83997397599998,36.713433167199995
 09/04  20:00:00,191.075881777,65.074155011
 09/04  21:00:00,171.30533093100001,42.6086959173
 09/04  22:00:00,108.79752705799999,1.77125
 09/04  23:00:00,139.610412802,1.77125
 09/04  24:00:00,112.793889551,2.91551917361
 09/05  01:00:00,104.85978430899999,2.355
 09/05  02:00:00,102.43099064200001,2.355
 09/05  03:00:00,100.65272219,3.49920728138
 09/05  04:00:00,121.452161385,2.355
 09/05  05:00:00,120.60645888200001,2.355
 09/05  06:00:00,168.012394135,156.347249946
 09/05  07:00:00,169.299107341,159.920278635
 09/05  08:00:00,239.04844855,128.530867711
 09/05  09:00:00,274.858600825,81.006526209
 09/05  10:00:00,273.419047802,44.8126202571
 09/05  11:00:00,304.646596506,13.5310996703
 09/05  12:00:00,298.374149967,11.672792768699999
 09/05  13:00:00,297.678885357,11.6726619089
 09/05  14:00:00,292.97839643,11.6725967445
 09/05  15:00:00,290.94261762400004,11.6724909204
 09/05  16:00:00,290.94181984,11.6724286377
 09/05  17:00:00,289.48338851200003,11.6723805054
 09/05  18:00:00,283.12582049599996,10.9140947422
 09/05  19:00:00,268.378767042,11.8502078717
 09/05  20:00:00,239.727447091,11.034325212
 09/05  21:00:00,173.01941851799998,4.69
 09/05  22:00:00,120.812195392,3.4993948952099996
 09/05  23:00:00,152.191652045,2.355
 09/05  24:00:00,127.905032264,2.355
 09/06  01:00:00,116.29927188100001,2.355
 09/06  02:00:00,114.92764716,3.4992800997400004
 09/06  03:00:00,113.555320072,2.355
 09/06  04:00:00,120.42616402700001,2.355
 09/06  05:00:00,119.48275085700001,3.49921079589
 09/06  06:00:00,168.626972979,44.157198146199995
 09/06  07:00:00,181.479575879,63.69793772479999
 09/06  08:00:00,259.143151749,46.4642755349
 09/06  09:00:00,292.028857826,18.8642595476
 09/06  10:00:00,291.569887173,11.6723094177
 09/06  11:00:00,321.286876867,11.6726447541
 09/06  12:00:00,319.789179421,11.672611065
 09/06  13:00:00,329.498801643,11.6727427768
 09/06  14:00:00,333.002581177,11.672601048499999
 09/06  15:00:00,338.235821978,11.6724606332
 09/06  16:00:00,341.642781443,11.672406179600001
 09/06  17:00:00,339.447207886,11.6725824945
 09/06  18:00:00,323.85088886200003,10.50488234
 09/06  19:00:00,312.257194015,9.36
 09/06  20:00:00,280.832119809,11.082628901400001
 09/06  21:00:00,201.04760493400002,5.8345012658
 09/06  22:00:00,131.130202783,2.355
 09/06  23:00:00,159.5148349,2.355
 09/06  24:00:00,138.940586995,3.49925987186
 09/07  01:00:00,127.711658409,2.355
 09/07  02:00:00,126.74701037700001,2.355
 09/07  03:00:00,124.755454809,3.4992239904400004
 09/07  04:00:00,130.42396801799998,2.355
 09/07  05:00:00,128.275341973,2.355
 09/07  06:00:00,176.057727167,32.8165146651
 09/07  07:00:00,187.502009743,63.544284667700005
 09/07  08:00:00,264.184959045,42.928144779
 09/07  09:00:00,298.80206587,14.7051680706
 09/07  10:00:00,301.565801739,11.6723922167
 09/07  11:00:00,325.174071597,11.6726166436
 09/07  12:00:00,320.425109922,11.672817773
 09/07  13:00:00,329.144961597,11.6726882001
 09/07  14:00:00,327.869210467,11.6726245753
 09/07  15:00:00,328.844649158,11.672520047799999
 09/07  16:00:00,326.96806758400004,11.6724591594
 09/07  17:00:00,322.052381863,11.672412489100001
 09/07  18:00:00,309.532915431,10.504965219199999
 09/07  19:00:00,305.38928321,11.5840082321
 09/07  20:00:00,277.081098682,10.6782435317
 09/07  21:00:00,196.37801253700002,4.69
 09/07  22:00:00,129.300949418,3.49943127422
 09/07  23:00:00,157.630782285,2.355
 09/07  24:00:00,135.778329571,2.355
 09/08  01:00:00,124.675136884,3.4992472521499995
 09/08  02:00:00,123.655574281,2.355
 09/08  03:00:00,121.95150295399999,2.355
 09/08  04:00:00,145.916737561,2.355
 09/08  05:00:00,144.834539205,3.49924771872
 09/08  06:00:00,192.78042966400002,45.0343138545
 09/08  07:00:00,196.71739304099998,70.8670172336
 09/08  08:00:00,264.32552833299997,47.839721105
 09/08  09:00:00,298.66412364900003,16.307029858499998
 09/08  10:00:00,302.015405383,11.672351398699998
 09/08  11:00:00,327.39779183900004,11.672689150799998
 09/08  12:00:00,325.179292696,11.6726569738
 09/08  13:00:00,334.741824771,11.672790799100001
 09/08  14:00:00,332.819487835,11.672422685599999
 09/08  15:00:00,329.883782275,11.6725113664
 09/08  16:00:00,327.225404433,11.672458405799999
 09/08  17:00:00,322.046642411,11.672419572799999
 09/08  18:00:00,307.874970534,10.5049379215
 09/08  19:00:00,293.293625217,10.4316630621
 09/08  20:00:00,265.62275846200004,10.7158306829
 09/08  21:00:00,190.13205633599998,5.83455895972
 09/08  22:00:00,129.197777274,2.355
 09/08  23:00:00,158.03853118,2.355
 09/08  24:00:00,136.174673587,3.49925174386
 09/09  01:00:00,122.54618338200001,1.77125
 09/09  02:00:00,121.138550735,1.77125
 09/09  03:00:00,119.538706656,2.9155518892799996
 09/09  04:00:00,125.885245287,1.77125
 09/09  05:00:00,124.05505524,1.77125
 09/09  06:00:00,159.13313047100002,45.7915082212
 09/09  07:00:00,170.802110823,71.6440586147
 09/09  08:00:00,235.43289444200002,52.150672435299995
 09/09  09:00:00,264.857055313,21.1785758353
 09/09  10:00:00,299.167090836,10.5275
 09/09  11:00:00,325.749762688,11.6726450545
 09/09  12:00:00,321.49670595599997,12.8179297573
 09/09  13:00:00,328.31564714,11.6727930392
 09/09  14:00:00,323.676937889,11.6726003947
 09/09  15:00:00,319.37555192,11.67254881
 09/09  16:00:00,316.58894315099997,11.6724832159
 09/09  17:00:00,314.178225423,11.6724035673
 09/09  18:00:00,288.44520379200003,8.1925
 09/09  19:00:00,256.235426031,9.1574708594
 09/09  20:00:00,241.39095835400002,7.66850077386
 09/09  21:00:00,183.62084583599997,3.5225
 09/09  22:00:00,129.315729699,2.91573903834
 09/09  23:00:00,158.779094486,1.77125
 09/09  24:00:00,138.000356582,2.9156095738800003
 09/10  01:00:00,126.208941174,1.77125
 09/10  02:00:00,124.66634168700001,1.77125
 09/10  03:00:00,123.75314253799999,2.9155505014
 09/10  04:00:00,131.32315616399998,1.77125
 09/10  05:00:00,130.096099106,1.77125
 09/10  06:00:00,166.65785793700002,9.70187194326
 09/10  07:00:00,179.778274489,31.4032979326
 09/10  08:00:00,213.827686183,25.5145532828
 09/10  09:00:00,196.171050821,14.5141263879
 09/10  10:00:00,232.25389818099998,8.169682146489999
 09/10  11:00:00,259.11573854700003,7.025
 09/10  12:00:00,284.624360899,10.504873849800001
 09/10  13:00:00,288.32479318400004,10.5048481623
 09/10  14:00:00,281.22693721,10.5047631248
 09/10  15:00:00,277.147784254,9.36
 09/10  16:00:00,277.02289505,10.5047736239
 09/10  17:00:00,245.476762599,8.169697780469999
 09/10  18:00:00,244.303684216,7.2351667612399995
 09/10  19:00:00,240.20402580299998,5.25055996862
 09/10  20:00:00,225.779110496,5.8345251426699996
 09/10  21:00:00,198.78411675200002,4.69
 09/10  22:00:00,129.242350905,2.9155906126
 09/10  23:00:00,158.80299314,1.77125
 09/10  24:00:00,136.627541316,1.77125
 09/11  01:00:00,126.78093518,2.355
 09/11  02:00:00,125.38891153200001,3.49928778732
 09/11  03:00:00,124.33420092200001,2.355
 09/11  04:00:00,131.580593507,2.355
 09/11  05:00:00,130.45288935,3.4992196402900007
 09/11  06:00:00,179.949311678,11.0381063366
 09/11  07:00:00,194.65132218099998,30.877084642600003
 09/11  08:00:00,271.548827181,16.7429085798
 09/11  09:00:00,307.563355715,11.672159884600001
 09/11  10:00:00,309.357936745,11.6723321776
 09/11  11:00:00,331.358192256,11.672674083599999
 09/11  12:00:00,327.962542105,11.6726448526
 09/11  13:00:00,339.890010101,11.6727819844
 09/11  14:00:00,334.68412465,11.672643775
 09/11  15:00:00,329.750248171,11.672506891800001
 09/11  16:00:00,326.841649936,11.6724565377
 09/11  17:00:00,320.352640991,11.672420353
 09/11  18:00:00,306.69676333,10.5049413937
 09/11  19:00:00,303.855113034,9.36
 09/11  20:00:00,275.610079438,9.33723752235
 09/11  21:00:00,201.69911012400001,5.83456596901
 09/11  22:00:00,132.451960992,2.355
 09/11  23:00:00,161.13196017,2.355
 09/11  24:00:00,140.19301623200002,3.4992591196699996
 09/12  01:00:00,128.454026683,2.355
 09/12  02:00:00,127.40844407700001,2.355
 09/12  03:00:00,126.19765709200001,3.4992247078199994
 09/12  04:00:00,153.843737945,2.355
 09/12  05:00:00,151.801868075,2.355
 09/12  06:00:00,200.596873042,10.4892777427
 09/12  07:00:00,204.087063323,43.6732505141
 09/12  08:00:00,267.198973344,38.5606240202
 09/12  09:00:00,295.80586323299997,23.737986315100002
 09/12  10:00:00,292.375741315,18.5352106757
 09/12  11:00:00,311.32047783900003,11.672702836
 09/12  12:00:00,299.984044081,12.631337197
 09/12  13:00:00,296.950305037,15.949731007
 09/12  14:00:00,291.387585259,11.6724917028
 09/12  15:00:00,289.152219924,10.5275
 09/12  16:00:00,290.972556194,11.672568241099999
 09/12  17:00:00,291.04845175599996,11.672525715299999
 09/12  18:00:00,285.002131463,10.5048828324
 09/12  19:00:00,274.796165101,13.8045760458
 09/12  20:00:00,251.921700343,24.4951100711
 09/12  21:00:00,180.98860249999998,4.82579174387
 09/12  22:00:00,124.175685119,3.49941168155
 09/12  23:00:00,154.628996243,2.355
 09/12  24:00:00,131.342554597,2.355
 09/13  01:00:00,120.98328191600001,3.49923574486
 09/13  02:00:00,119.767329335,2.355
 09/13  03:00:00,118.94446462,2.355
 09/13  04:00:00,126.303050929,3.4992445864999997
 09/13  05:00:00,125.725382015,2.355
 09/13  06:00:00,178.44128874400002,48.3185261728
 09/13  07:00:00,187.385960598,73.7317195512
 09/13  08:00:00,261.946928443,63.196119288199995
 09/13  09:00:00,292.62421642,40.673511366
 09/13  10:00:00,289.467628195,24.8879737362
 09/13  11:00:00,309.24839286900004,13.017439836
 09/13  12:00:00,299.868410687,11.6728130862
 09/13  13:00:00,298.891737937,11.6726851556
 09/13  14:00:00,289.336936495,11.6725875526
 09/13  15:00:00,283.372008601,11.6724701984
 09/13  16:00:00,282.544622836,16.4611877318
 09/13  17:00:00,281.355782762,24.548327826799998
 09/13  18:00:00,276.40437415,33.1408220848
 09/13  19:00:00,275.081373722,43.5208224506
 09/13  20:00:00,253.20736166900002,48.35465359609999
 09/13  21:00:00,183.782504835,17.9551577601
 09/13  22:00:00,122.272186154,2.355
 09/13  23:00:00,153.19961436100002,3.49927887078
 09/13  24:00:00,129.326060292,2.355
 09/14  01:00:00,119.062641157,2.355
 09/14  02:00:00,116.899242183,3.4992227802399998
 09/14  03:00:00,114.96905446299999,2.355
 09/14  04:00:00,120.51793275799999,2.355
 09/14  05:00:00,118.769412586,2.355
 09/14  06:00:00,169.02697142,87.18200640180001
 09/14  07:00:00,175.400250473,103.77996693
 09/14  08:00:00,251.06514509599998,92.9116586257
 09/14  09:00:00,281.52902702299997,68.53202738659999
 09/14  10:00:00,275.188512748,52.2290767913
 09/14  11:00:00,298.244115965,34.5885920797
 09/14  12:00:00,282.62489455400004,31.899121757899998
 09/14  13:00:00,280.048924461,20.932428796
 09/14  14:00:00,274.557525032,11.6724640585
 09/14  15:00:00,271.618434827,11.6725415227
 09/14  16:00:00,268.118518117,11.6724975622
 09/14  17:00:00,265.55350184900004,11.672467907
 09/14  18:00:00,260.958626547,21.653090778800003
 09/14  19:00:00,256.546064936,44.593883679499996
 09/14  20:00:00,227.82191841099998,70.8883625479
 09/14  21:00:00,165.207801959,49.0212624447
 09/14  22:00:00,106.324176535,2.355
 09/14  23:00:00,138.058347709,2.355
 09/14  24:00:00,110.34491114299999,3.49922776042
 09/15  01:00:00,100.56626877299999,2.355
 09/15  02:00:00,98.9400744873,2.355
 09/15  03:00:00,98.6060467618,2.355
 09/15  04:00:00,121.329998337,3.4992600944
 09/15  05:00:00,120.716861125,2.355
 09/15  06:00:00,170.494423093,160.34672411399998
 09/15  07:00:00,167.232294886,162.67625558
 09/15  08:00:00,236.153290046,132.670432685
 09/15  09:00:00,267.85440858,96.71772090530001
 09/15  10:00:00,262.32990839,72.8026520403
 09/15  11:00:00,292.648545966,40.7619375593
 09/15  12:00:00,280.57374800400004,19.953559833
 09/15  13:00:00,280.768880915,12.2762167522
 09/15  14:00:00,275.839868675,11.672587730999998
 09/15  15:00:00,270.730483128,11.672490140599999
 09/15  16:00:00,271.57577537099996,11.6724366074
 09/15  17:00:00,271.560920727,11.6723973961
 09/15  18:00:00,265.811876894,10.5049581841
 09/15  19:00:00,258.531770155,30.312500731999997
 09/15  20:00:00,228.72660250400003,55.2217465425
 09/15  21:00:00,166.008345113,30.7903841069
 09/15  22:00:00,109.744809299,3.49943887824
 09/15  23:00:00,140.495668969,2.355
 09/15  24:00:00,113.17184296299999,2.355
 09/16  01:00:00,100.99566427200001,2.91556878024
 09/16  02:00:00,99.26041925530001,1.77125
 09/16  03:00:00,97.880292679,1.77125
 09/16  04:00:00,103.55409277700001,2.91550632839
 09/16  05:00:00,103.095355625,1.77125
 09/16  06:00:00,141.722791838,143.095345015
 09/16  07:00:00,147.910242162,144.789503301
 09/16  08:00:00,215.41608506400001,109.80398889799999
 09/16  09:00:00,245.67884447,70.0923217957
 09/16  10:00:00,275.412575484,32.851725707199996
 09/16  11:00:00,308.475614065,11.672675593
 09/16  12:00:00,303.508953787,11.672602111400002
 09/16  13:00:00,309.821925049,11.6727523376
 09/16  14:00:00,308.97263718799996,11.6724174308
 09/16  15:00:00,307.920940874,11.672606165
 09/16  16:00:00,308.842826595,11.672554357200001
 09/16  17:00:00,305.270722908,11.672488373
 09/16  18:00:00,280.268574802,10.4493136903
 09/16  19:00:00,249.510727223,9.97639301136
 09/16  20:00:00,229.43274535700002,6.59435539963
 09/16  21:00:00,172.68869327599998,4.667088322830001
 09/16  22:00:00,122.46663458799999,2.91564841176
 09/16  23:00:00,152.743249375,1.77125
 09/16  24:00:00,129.574123201,1.77125
 09/17  01:00:00,118.274313856,2.9155734631
 09/17  02:00:00,116.46197106700001,1.77125
 09/17  03:00:00,115.203212028,1.77125
 09/17  04:00:00,121.771610145,2.91553370977
 09/17  05:00:00,118.926344065,1.77125
 09/17  06:00:00,156.39048203,34.1416580292
 09/17  07:00:00,162.468413718,66.0480956758
 09/17  08:00:00,197.89462321,56.671993597299995
 09/17  09:00:00,177.92748645900002,46.2646146139
 09/17  10:00:00,215.118470515,17.495323365999997
 09/17  11:00:00,246.158706602,8.16967206258
 09/17  12:00:00,268.01144127,10.5048769671
 09/17  13:00:00,269.56514014,9.36
 09/17  14:00:00,263.25989844400004,10.5048196428
 09/17  15:00:00,260.569448382,10.5047880606
 09/17  16:00:00,259.598814642,10.504804440800001
 09/17  17:00:00,226.60986335400003,8.16971348016
 09/17  18:00:00,225.795826466,6.16421391357
 09/17  19:00:00,224.064719901,5.834692120619999
 09/17  20:00:00,208.240639943,4.69
 09/17  21:00:00,185.49138938299998,5.834471410569999
 09/17  22:00:00,118.93256751,1.77125
 09/17  23:00:00,149.6401747,2.91550359473
 09/17  24:00:00,124.78820745600001,1.77125
 09/18  01:00:00,115.112313531,2.355
 09/18  02:00:00,113.18457567200001,2.355
 09/18  03:00:00,111.834738255,3.49923220572
 09/18  04:00:00,118.785273657,2.355
 09/18  05:00:00,117.90028191299999,2.355
 09/18  06:00:00,170.447162824,36.7665284396
 09/18  07:00:00,179.55374305200002,56.543348951300004
 09/18  08:00:00,258.839299111,40.6074592455
 09/18  09:00:00,293.93686180599997,13.832463364
 09/18  10:00:00,292.137220429,11.6723681655
 09/18  11:00:00,318.48613066900003,11.6725508449
 09/18  12:00:00,315.6918843,12.817898523599998
 09/18  13:00:00,321.75634152599997,11.6727926149
 09/18  14:00:00,318.41260745200003,11.672621664300001
 09/18  15:00:00,317.313498464,11.672473441700001
 09/18  16:00:00,314.827935711,11.6724340755
 09/18  17:00:00,295.881384453,13.9859613609
 09/18  18:00:00,274.864976333,11.345327055
 09/18  19:00:00,269.965328081,29.7505266948
 09/18  20:00:00,239.59144695,56.9561309834
 09/18  21:00:00,172.02939914200002,37.5670559571
 09/18  22:00:00,111.510178434,3.4994279410000004
 09/18  23:00:00,141.70674227799998,2.355
 09/18  24:00:00,114.451476845,3.49924559108
 09/19  01:00:00,104.393318945,2.355
 09/19  02:00:00,101.964663271,2.355
 09/19  03:00:00,99.4560774336,2.355
 09/19  04:00:00,119.606350125,3.4992133327699997
 09/19  05:00:00,117.831581184,2.355
 09/19  06:00:00,167.231201375,157.798244646
 09/19  07:00:00,161.05101647,166.83553244200002
 09/19  08:00:00,227.245854638,148.04175699700002
 09/19  09:00:00,256.597698987,121.451656377
 09/19  10:00:00,249.85856139400002,105.56946982299999
 09/19  11:00:00,280.576594773,85.7678713545
 09/19  12:00:00,263.98570467900004,77.0170887875
 09/19  13:00:00,263.296114902,65.2389679138
 09/19  14:00:00,259.900827376,52.0259974217
 09/19  15:00:00,255.076110978,48.2114743083
 09/19  16:00:00,254.870505022,48.2456670729
 09/19  17:00:00,254.27040619299999,53.495090368199996
 09/19  18:00:00,249.35466421099997,69.8113760784
 09/19  19:00:00,241.381199449,87.3286461341
 09/19  20:00:00,213.91225312900002,100.426172465
 09/19  21:00:00,152.972418981,83.4896510147
 09/19  22:00:00,98.8617325382,3.49935725559
 09/19  23:00:00,131.859054961,2.355
 09/19  24:00:00,103.01516160700001,2.355
 09/20  01:00:00,94.4968095451,3.4992739091800003
 09/20  02:00:00,92.9155795484,2.355
 09/20  03:00:00,92.09205273190001,2.355
 09/20  04:00:00,98.15398560610001,2.355
 09/20  05:00:00,97.02636022440001,3.4992118840099997
 09/20  06:00:00,147.76259762799998,220.01648106599998
 09/20  07:00:00,149.896880427,214.93731600799998
 09/20  08:00:00,225.620618391,190.174977702
 09/20  09:00:00,255.05699520599998,146.279157335
 09/20  10:00:00,252.806312518,102.064983915
 09/20  11:00:00,286.567240269,59.79181201270001
 09/20  12:00:00,275.84971445400004,26.7320770324
 09/20  13:00:00,276.179029104,11.6726423502
 09/20  14:00:00,273.156064357,11.672551976500001
 09/20  15:00:00,268.630799513,11.6724418504
 09/20  16:00:00,267.132273424,11.6723978169
 09/20  17:00:00,265.265372481,11.672588485599999
 09/20  18:00:00,258.40852939900003,17.4830878263
 09/20  19:00:00,257.39040568400003,41.1908929051
 09/20  20:00:00,228.73775060900002,54.320009856700004
 09/20  21:00:00,163.92140728799998,41.0429124043
 09/20  22:00:00,102.418701375,2.355
 09/20  23:00:00,134.32214627,3.4992885167800005
 09/20  24:00:00,106.070501533,2.355
 09/21  01:00:00,96.84471172100001,2.355
 09/21  02:00:00,95.1080010837,3.4992347271699993
 09/21  03:00:00,93.8457996241,2.355
 09/21  04:00:00,99.5521470106,2.355
 09/21  05:00:00,98.4074977577,2.355
 09/21  06:00:00,149.213560664,173.107381633
 09/21  07:00:00,152.13117669,169.205073252
 09/21  08:00:00,230.346909059,141.74032758
 09/21  09:00:00,262.260842222,105.715524644
 09/21  10:00:00,256.042166334,86.7190741519
 09/21  11:00:00,286.494864425,68.762774869
 09/21  12:00:00,274.598289636,54.7603082137
 09/21  13:00:00,275.167070938,43.78488237770001
 09/21  14:00:00,270.299169991,46.175508784099996
 09/21  15:00:00,266.418369225,53.3193428421
 09/21  16:00:00,266.72226266,61.616946355299994
 09/21  17:00:00,266.216194262,68.5922035818
 09/21  18:00:00,262.277593541,76.4296957735
 09/21  19:00:00,263.89741235900004,82.1738193955
 09/21  20:00:00,239.20387529299998,86.59000242290001
 09/21  21:00:00,174.6848122,53.7803821055
 09/21  22:00:00,114.70844454600001,2.355
 09/21  23:00:00,146.522452513,2.355
 09/21  24:00:00,120.59415849,3.49922167612
 09/22  01:00:00,111.301454471,2.355
 09/22  02:00:00,110.201946887,2.355
 09/22  03:00:00,108.86613610299999,3.4992570278800006
 09/22  04:00:00,131.604232796,2.355
 09/22  05:00:00,131.531630511,2.355
 09/22  06:00:00,183.419542643,113.893461398
 09/22  07:00:00,183.090487283,121.546428193
 09/22  08:00:00,248.13888367799998,102.711010339
 09/22  09:00:00,274.945389293,84.0176353117
 09/22  10:00:00,264.008582011,86.9371242021
 09/22  11:00:00,286.359910002,80.7734148899
 09/22  12:00:00,271.381386201,65.6990087192
 09/22  13:00:00,271.647050305,44.5489741655
 09/22  14:00:00,268.824260796,25.7059815303
 09/22  15:00:00,262.96807148700003,25.555510752199996
 09/22  16:00:00,260.151018378,44.421559933599994
 09/22  17:00:00,260.252822492,52.7389253482
 09/22  18:00:00,255.606844029,66.4710579448
 09/22  19:00:00,246.032847031,85.1723649979
 09/22  20:00:00,216.87902725400002,94.5878348951
 09/22  21:00:00,154.719902313,64.1460021253
 09/22  22:00:00,97.964322489,3.49942806684
 09/22  23:00:00,130.216341701,2.355
 09/22  24:00:00,100.42063980299999,3.4992074547300005
 09/23  01:00:00,89.8263329543,1.77125
 09/23  02:00:00,88.91713012,1.77125
 09/23  03:00:00,88.5136410209,2.9155363421900002
 09/23  04:00:00,94.47194861979999,1.77125
 09/23  05:00:00,93.17007180290001,1.77125
 09/23  06:00:00,132.233583667,223.11318805599998
 09/23  07:00:00,134.11854140399998,207.87925203
 09/23  08:00:00,197.32939321400002,176.202306695
 09/23  09:00:00,220.40219651299998,132.293058621
 09/23  10:00:00,249.204644993,94.2987205931
 09/23  11:00:00,280.926544771,63.9148025182
 09/23  12:00:00,268.069122516,34.1538324834
 09/23  13:00:00,268.639260529,14.7444814577
 09/23  14:00:00,265.55236895900003,11.6724991771
 09/23  15:00:00,263.25764780099996,11.6724633325
 09/23  16:00:00,264.099188761,11.672413083
 09/23  17:00:00,261.715194797,10.5275
 09/23  18:00:00,246.136634147,31.1130011289
 09/23  19:00:00,211.874338051,53.73585401729999
 09/23  20:00:00,196.465993424,77.8692745285
 09/23  21:00:00,149.86231224,46.1037170974
 09/23  22:00:00,102.54285513,2.9157457826499997
 09/23  23:00:00,136.22068970200002,1.77125
 09/23  24:00:00,109.75821931899999,2.91559689864
 09/24  01:00:00,100.963747806,1.77125
 09/24  02:00:00,100.330265359,1.77125
 09/24  03:00:00,99.59672251020001,2.91554372209
 09/24  04:00:00,106.99863034,1.77125
 09/24  05:00:00,106.47204206200001,1.77125
 09/24  06:00:00,147.684809961,103.127686331
 09/24  07:00:00,156.68335019,110.760350808
 09/24  08:00:00,190.80397333,100.34490896
 09/24  09:00:00,163.573248607,106.190534238
 09/24  10:00:00,189.66556546799998,105.946854435
 09/24  11:00:00,214.668136319,105.69350596299999
 09/24  12:00:00,223.81258557799998,96.38282701690001
 09/24  13:00:00,219.95836481,98.7729925508
 09/24  14:00:00,216.368098468,87.6071700006
 09/24  15:00:00,214.11214687700001,74.7697414224
 09/24  16:00:00,215.05968745200002,71.8100306286
 09/24  17:00:00,183.57360399900003,91.73851903010001
 09/24  18:00:00,188.762058732,114.697132267
 09/24  19:00:00,177.752358625,130.369169946
 09/24  20:00:00,166.712391169,142.47855148600001
 09/24  21:00:00,150.32344719399998,105.902476827
 09/24  22:00:00,87.9326899208,2.9156017054900003
 09/24  23:00:00,121.61353115200001,1.77125
 09/24  24:00:00,91.9192349762,1.77125
 09/25  01:00:00,86.4782039066,3.4992256896199994
 09/25  02:00:00,85.8608970138,2.355
 09/25  03:00:00,85.3657331788,2.355
 09/25  04:00:00,91.2824379171,3.4992391764599997
 09/25  05:00:00,90.2805639686,2.355
 09/25  06:00:00,141.543578714,226.972949144
 09/25  07:00:00,142.542896092,219.08751179200002
 09/25  08:00:00,219.287285144,195.277469231
 09/25  09:00:00,245.307641047,167.704199571
 09/25  10:00:00,235.851650915,150.96053717
 09/25  11:00:00,266.463436652,130.39716589
 09/25  12:00:00,249.638032445,107.951386075
 09/25  13:00:00,249.98873008200002,91.9535566882
 09/25  14:00:00,248.75652838,78.5532812088
 09/25  15:00:00,246.654610692,70.52602062529999
 09/25  16:00:00,246.84250313,71.0620526211
 09/25  17:00:00,245.644603049,80.8460256969
 09/25  18:00:00,245.829236664,94.74485895469999
 09/25  19:00:00,242.00600348,104.69693811399999
 09/25  20:00:00,215.244908777,112.04574377799999
 09/25  21:00:00,155.31091361100002,79.3312530628
 09/25  22:00:00,95.10979745120001,3.4993938972300005
 09/25  23:00:00,129.122423213,2.355
 09/25  24:00:00,100.91447207200001,2.355
 09/26  01:00:00,93.026649381,2.355
 09/26  02:00:00,91.9824359707,3.4992835686
 09/26  03:00:00,91.46471053409999,2.355
 09/26  04:00:00,113.98075386100001,2.355
 09/26  05:00:00,113.016988291,3.4992202257800002
 09/26  06:00:00,169.809489972,162.64193300600002
 09/26  07:00:00,163.502072172,154.756643296
 09/26  08:00:00,230.09455310799999,136.504007276
 09/26  09:00:00,260.08977084,107.797045831
 09/26  10:00:00,253.38387368099998,91.1881294955
 09/26  11:00:00,282.49341662,81.7836853589
 09/26  12:00:00,265.132210903,85.0910040979
 09/26  13:00:00,263.175416963,87.4824399363
 09/26  14:00:00,259.026437871,88.74378792389999
 09/26  15:00:00,256.434496963,85.497756655
 09/26  16:00:00,257.028647687,85.5778324004
 09/26  17:00:00,257.438507863,86.4330343693
 09/26  18:00:00,256.628851202,96.0583810594
 09/26  19:00:00,245.93119145900002,108.34761799200001
 09/26  20:00:00,219.32229276,112.354918651
 09/26  21:00:00,157.824101646,84.379459345
 09/26  22:00:00,102.289633075,2.355
 09/26  23:00:00,133.90139749600002,3.49934379134
 09/26  24:00:00,104.46310359700001,2.355
 09/27  01:00:00,95.37876828360001,2.355
 09/27  02:00:00,93.34411656549999,3.49922223877
 09/27  03:00:00,91.7096919168,2.355
 09/27  04:00:00,97.19930961040001,2.355
 09/27  05:00:00,96.0134454466,3.49922215176
 09/27  06:00:00,150.499721679,209.15812528799998
 09/27  07:00:00,148.927617999,200.206533316
 09/27  08:00:00,224.33761021,181.44538585799998
 09/27  09:00:00,251.578434112,155.688039089
 09/27  10:00:00,241.89735930400002,143.335929109
 09/27  11:00:00,271.576851352,131.801930101
 09/27  12:00:00,253.929558956,118.634682366
 09/27  13:00:00,251.455768851,113.04454330200001
 09/27  14:00:00,246.18542976400002,113.923303821
 09/27  15:00:00,242.720957728,109.950236373
 09/27  16:00:00,243.490665138,107.079853465
 09/27  17:00:00,243.463558449,111.371281315
 09/27  18:00:00,243.417986045,124.958504714
 09/27  19:00:00,239.531223879,135.160189381
 09/27  20:00:00,213.97636523,137.698230152
 09/27  21:00:00,155.29592037,101.843906635
 09/27  22:00:00,96.13169245540001,2.355
 09/27  23:00:00,129.288392164,3.49931301999
 09/27  24:00:00,99.96255460100001,2.355
 09/28  01:00:00,92.02076121549999,2.355
 09/28  02:00:00,90.9230899751,3.4992512015
 09/28  03:00:00,90.16813573200001,2.355
 09/28  04:00:00,96.25141716540001,2.355
 09/28  05:00:00,95.4798583592,2.355
 09/28  06:00:00,150.242282234,207.762001077
 09/28  07:00:00,148.564775271,203.09093508900003
 09/28  08:00:00,223.506490153,183.259665299
 09/28  09:00:00,249.9564878,154.768730753
 09/28  10:00:00,239.79239661900002,144.049904659
 09/28  11:00:00,269.581474499,125.40338085299999
 09/28  12:00:00,250.75106809099998,116.12378273799999
 09/28  13:00:00,248.581014547,110.66533651700001
 09/28  14:00:00,242.974921721,111.71281008700001
 09/28  15:00:00,239.407502078,109.754169173
 09/28  16:00:00,239.060221549,112.724641419
 09/28  17:00:00,238.722371131,115.67458755
 09/28  18:00:00,238.803687396,130.26605525600002
 09/28  19:00:00,233.043526626,148.621491991
 09/28  20:00:00,207.158213842,167.039466363
 09/28  21:00:00,149.235689624,146.212460851
 09/28  22:00:00,89.4456333526,2.355
 09/28  23:00:00,123.44564873200001,3.49930396431
 09/28  24:00:00,93.141779049,2.355
 09/29  01:00:00,86.12342267950001,2.355
 09/29  02:00:00,84.9921309736,2.355
 09/29  03:00:00,83.8384206593,3.4992120472099995
 09/29  04:00:00,105.09176473299999,2.355
 09/29  05:00:00,104.267806175,2.355
 09/29  06:00:00,158.716920414,333.761737118
 09/29  07:00:00,148.457145314,298.25591482
 09/29  08:00:00,216.666891224,253.490604038
 09/29  09:00:00,243.94237072599998,200.98347851
 09/29  10:00:00,235.97814571700002,161.368945279
 09/29  11:00:00,269.260437951,122.883364249
 09/29  12:00:00,253.499775722,97.98776431559999
 09/29  13:00:00,252.336552042,86.77078795530001
 09/29  14:00:00,246.802966709,85.2074907254
 09/29  15:00:00,242.50644426099998,84.8124927216
 09/29  16:00:00,243.45921989400003,86.36582758649999
 09/29  17:00:00,242.18910246599998,100.765470577
 09/29  18:00:00,241.916103188,122.450077904
 09/29  19:00:00,231.58711961900002,143.746165305
 09/29  20:00:00,205.108333385,156.10912755200002
 09/29  21:00:00,146.875127914,128.493914345
 09/29  22:00:00,91.29624176809999,2.355
 09/29  23:00:00,124.648641004,2.355
 09/29  24:00:00,94.30706781040001,3.4992381990800006
 09/30  01:00:00,84.1703950963,1.77125
 09/30  02:00:00,82.609047827,1.77125
 09/30  03:00:00,81.2025292287,2.91555191439
 09/30  04:00:00,86.6185911437,1.77125
 09/30  05:00:00,85.1711274187,1.77125
 09/30  06:00:00,127.001198771,315.56047733599996
 09/30  07:00:00,122.729630579,285.49076589
 09/30  08:00:00,186.646007284,245.797791904
 09/30  09:00:00,205.44597862900002,201.19343086400002
 09/30  10:00:00,231.880506483,165.414951504
 09/30  11:00:00,262.749500406,140.44281868299998
 09/30  12:00:00,243.85842238599997,116.72033521200001
 09/30  13:00:00,240.165727127,113.59577987200001
 09/30  14:00:00,235.762926018,106.81366230200001
 09/30  15:00:00,231.848283996,103.461238915
 09/30  16:00:00,231.432933433,105.07959610299999
 09/30  17:00:00,230.68231948599998,113.73665512
 09/30  18:00:00,217.674917367,152.56088327
 09/30  19:00:00,181.229747976,182.756904214
 09/30  20:00:00,171.507972454,199.124578645
 09/30  21:00:00,129.609630611,184.338475201
 09/30  22:00:00,82.0784208687,1.77125
 09/30  23:00:00,117.47583923,2.9156319029000004
 09/30  24:00:00,87.5313152175,1.77125
 10/01  01:00:00,81.5640595696,1.77125
 10/01  02:00:00,81.7786437911,2.9155692640099997
 10/01  03:00:00,82.0043790212,1.77125
 10/01  04:00:00,88.9867734226,1.77125
 10/01  05:00:00,88.841984739,2.915529742
 10/01  06:00:00,132.095313688,274.349965789
 10/01  07:00:00,129.56692367600002,264.566879776
 10/01  08:00:00,164.453945842,237.47462724099998
 10/01  09:00:00,139.405564822,215.061923092
 10/01  10:00:00,176.615774377,171.740670646
 10/01  11:00:00,210.601325035,142.697322977
 10/01  12:00:00,222.91210504900002,116.329731439
 10/01  13:00:00,223.654911354,98.4276503238
 10/01  14:00:00,218.78703156400002,96.4503098422
 10/01  15:00:00,214.26866928400003,96.272939443
 10/01  16:00:00,213.10759256400002,99.4354827285
 10/01  17:00:00,181.408215602,123.95472096
 10/01  18:00:00,190.90079188599998,140.5395134
 10/01  19:00:00,177.58314751400002,150.960478832
 10/01  20:00:00,166.999593124,157.323875467
 10/01  21:00:00,151.283499764,119.098131386
 10/01  22:00:00,88.3813421151,1.77125
 10/01  23:00:00,121.21025079799999,2.9155321852900005
 10/01  24:00:00,90.9341236441,1.77125
 10/02  01:00:00,85.93430787209999,2.355
 10/02  02:00:00,84.5030294305,2.355
 10/02  03:00:00,83.4252279883,3.4992674697400004
 10/02  04:00:00,89.22971722780001,2.355
 10/02  05:00:00,88.1241527074,2.355
 10/02  06:00:00,142.418133455,308.991840954
 10/02  07:00:00,139.460336479,278.246579422
 10/02  08:00:00,216.467300338,235.58361241400002
 10/02  09:00:00,242.86434043900002,187.656184873
 10/02  10:00:00,234.903088682,155.466790079
 10/02  11:00:00,268.197433272,120.895389978
 10/02  12:00:00,251.366346086,97.45006582879999
 10/02  13:00:00,250.66485994099997,78.42463359850001
 10/02  14:00:00,245.919828933,73.0514358117
 10/02  15:00:00,241.47334192099999,69.884141516
 10/02  16:00:00,241.930371694,69.0321201698
 10/02  17:00:00,241.15855178,75.9182522048
 10/02  18:00:00,242.76782725400003,101.114512437
 10/02  19:00:00,230.542162617,132.657779572
 10/02  20:00:00,204.806908013,155.81923805
 10/02  21:00:00,146.57441689,132.905794104
 10/02  22:00:00,86.6201180448,2.355
 10/02  23:00:00,121.056342194,3.4992778775699995
 10/02  24:00:00,90.3669627843,2.355
 10/03  01:00:00,83.1860674122,2.355
 10/03  02:00:00,82.1591807515,2.355
 10/03  03:00:00,81.2672697193,3.4992687042000004
 10/03  04:00:00,103.41575747,2.355
 10/03  05:00:00,103.333738149,2.355
 10/03  06:00:00,157.93827058600002,335.55689804
 10/03  07:00:00,147.063536831,307.725553856
 10/03  08:00:00,215.330690918,257.141697326
 10/03  09:00:00,242.90262580599997,203.445152629
 10/03  10:00:00,236.218249117,159.694986683
 10/03  11:00:00,271.70374619,111.011766495
 10/03  12:00:00,256.306057499,84.9243194652
 10/03  13:00:00,258.91032687,62.7638979433
 10/03  14:00:00,264.328263255,41.8791422273
 10/03  15:00:00,254.95281811700002,37.9476967211
 10/03  16:00:00,250.290644188,43.096097954399994
 10/03  17:00:00,246.94607891299998,54.9036992359
 10/03  18:00:00,248.90471106799998,76.2327068522
 10/03  19:00:00,230.91593636099998,106.0807399
 10/03  20:00:00,203.101520218,134.252443212
 10/03  21:00:00,145.32399139,122.424717969
 10/03  22:00:00,89.8890132027,2.355
 10/03  23:00:00,123.72331982,3.49930260104
 10/03  24:00:00,93.4038634138,2.355
 10/04  01:00:00,85.8926871023,2.355
 10/04  02:00:00,84.8640960763,3.4992434703199993
 10/04  03:00:00,84.1874918995,2.355
 10/04  04:00:00,90.1375789025,2.355
 10/04  05:00:00,88.89296342790001,2.355
 10/04  06:00:00,143.031679681,314.189541721
 10/04  07:00:00,140.19581723,283.55881148
 10/04  08:00:00,217.587042791,243.04986496
 10/04  09:00:00,245.959744945,180.91939110099997
 10/04  10:00:00,241.110884613,136.08730366
 10/04  11:00:00,275.941322193,97.79645140379999
 10/04  12:00:00,261.494416369,75.5469663025
 10/04  13:00:00,260.40110961,66.3161303956
 10/04  14:00:00,254.498748019,68.3519863076
 10/04  15:00:00,250.76253522099998,63.593967559
 10/04  16:00:00,252.024786565,58.9212017022
 10/04  17:00:00,251.93336528400002,63.8274141657
 10/04  18:00:00,254.832754447,76.97302923810001
 10/04  19:00:00,247.539987483,89.8767015665
 10/04  20:00:00,219.253209438,104.41246904299999
 10/04  21:00:00,159.14963320200002,82.724425545
 10/04  22:00:00,101.382509579,2.355
 10/04  23:00:00,134.829747411,3.49935183824
 10/04  24:00:00,106.805803516,2.355
 10/05  01:00:00,98.83449186520001,2.355
 10/05  02:00:00,98.34225643049999,3.4990797240099996
 10/05  03:00:00,97.4435674122,2.355
 10/05  04:00:00,102.41378346399999,2.355
 10/05  05:00:00,99.0152044481,2.355
 10/05  06:00:00,149.87082067,207.022859373
 10/05  07:00:00,144.502197409,215.652651522
 10/05  08:00:00,219.426153936,194.68738691299998
 10/05  09:00:00,247.11314677599998,147.577517015
 10/05  10:00:00,238.67264153,121.3107581
 10/05  11:00:00,270.024342104,98.7131457494
 10/05  12:00:00,253.43272379299998,79.230271986
 10/05  13:00:00,250.844355673,69.3582724586
 10/05  14:00:00,246.070149413,64.7015579158
 10/05  15:00:00,241.940730457,61.165324203000004
 10/05  16:00:00,240.21440354599997,71.2170761601
 10/05  17:00:00,237.612389857,89.4142215892
 10/05  18:00:00,241.127172782,107.75311398
 10/05  19:00:00,230.379417187,125.30509858200001
 10/05  20:00:00,203.51928539099998,137.326299846
 10/05  21:00:00,145.514187788,115.819503391
 10/05  22:00:00,85.635987929,2.355
 10/05  23:00:00,119.84553673299999,3.49934475383
 10/05  24:00:00,89.30405949680001,2.355
 10/06  01:00:00,82.1514482866,2.355
 10/06  02:00:00,81.38298502949999,3.49922703917
 10/06  03:00:00,80.7569784459,2.355
 10/06  04:00:00,102.618309217,2.355
 10/06  05:00:00,102.22216100600001,3.4992311946699997
 10/06  06:00:00,157.628029584,300.257485261
 10/06  07:00:00,146.377569316,284.371892638
 10/06  08:00:00,214.751326128,248.733957212
 10/06  09:00:00,241.15776161,207.340006667
 10/06  10:00:00,232.717737674,178.2366227
 10/06  11:00:00,263.009728873,154.368041147
 10/06  12:00:00,244.11288196,135.732710965
 10/06  13:00:00,244.344682703,117.180671379
 10/06  14:00:00,241.99450367900002,103.391930555
 10/06  15:00:00,239.38060546900002,93.1040183083
 10/06  16:00:00,240.046978288,92.99804598940001
 10/06  17:00:00,239.34639495599998,100.52260462299999
 10/06  18:00:00,241.378960917,123.41153013600001
 10/06  19:00:00,224.474350042,154.048310621
 10/06  20:00:00,198.190903727,173.27983750400003
 10/06  21:00:00,141.428775264,151.142199918
 10/06  22:00:00,86.11377971479999,3.49936377306
 10/06  23:00:00,120.54415289100001,2.355
 10/06  24:00:00,89.7677995168,2.355
 10/07  01:00:00,80.6400206029,2.9155941215900003
 10/07  02:00:00,79.827070615,1.77125
 10/07  03:00:00,79.0923784722,1.77125
 10/07  04:00:00,85.47527125010001,2.91552787948
 10/07  05:00:00,85.3826730574,1.77125
 10/07  06:00:00,129.24658317,301.65663242700003
 10/07  07:00:00,127.42759968,267.26853835099996
 10/07  08:00:00,190.651922527,238.895640262
 10/07  09:00:00,209.622254015,211.01382150700002
 10/07  10:00:00,234.292158658,186.039565683
 10/07  11:00:00,264.721898656,170.33793908299998
 10/07  12:00:00,245.501622959,168.030394972
 10/07  13:00:00,243.70831666,172.63622126299998
 10/07  14:00:00,239.57491178900003,176.743707142
 10/07  15:00:00,235.840228974,176.677675553
 10/07  16:00:00,235.58248779599998,178.83465523
 10/07  17:00:00,235.104866872,188.414151798
 10/07  18:00:00,225.636182645,209.29986615400003
 10/07  19:00:00,187.50887400599999,214.31492875400002
 10/07  20:00:00,177.182721762,215.76637371799998
 10/07  21:00:00,134.795571371,178.563504805
 10/07  22:00:00,87.699760236,2.9157587045599995
 10/07  23:00:00,122.38722959399999,1.77125
 10/07  24:00:00,92.3670098483,2.91561283705
 10/08  01:00:00,85.79516199529999,1.77125
 10/08  02:00:00,85.412201685,1.77125
 10/08  03:00:00,85.374759547,2.9154936447299997
 10/08  04:00:00,92.1319412187,1.77125
 10/08  05:00:00,91.9135658047,1.77125
 10/08  06:00:00,135.38367337100001,281.300439967
 10/08  07:00:00,133.271904106,267.395783022
 10/08  08:00:00,167.05203691100002,242.618161147
 10/08  09:00:00,141.067563389,239.416459912
 10/08  10:00:00,175.129063274,215.934861194
 10/08  11:00:00,204.677043,211.977539835
 10/08  12:00:00,210.863709938,208.804512913
 10/08  13:00:00,208.192672145,207.558298713
 10/08  14:00:00,203.485649892,204.770753935
 10/08  15:00:00,199.822880095,203.528306217
 10/08  16:00:00,200.07118553200002,201.013367043
 10/08  17:00:00,171.85839363099998,227.078222383
 10/08  18:00:00,184.695745444,235.397336611
 10/08  19:00:00,173.421891909,236.44579300900003
 10/08  20:00:00,165.034149421,235.997169603
 10/08  21:00:00,149.899680812,195.40432548099997
 10/08  22:00:00,87.725504536,1.77125
 10/08  23:00:00,121.851938766,1.77125
 10/08  24:00:00,91.0603995881,2.9155319018799997
 10/09  01:00:00,84.2413307038,1.77125
 10/09  02:00:00,83.37994998069999,1.77125
 10/09  03:00:00,82.5921547385,2.91552019593
 10/09  04:00:00,88.54883990270001,1.77125
 10/09  05:00:00,87.58920117049999,1.77125
 10/09  06:00:00,130.237847149,319.544387348
 10/09  07:00:00,130.78357122399999,292.984847206
 10/09  08:00:00,162.183726479,261.282816208
 10/09  09:00:00,135.647048378,248.97875836900002
 10/09  10:00:00,170.542279965,213.203202708
 10/09  11:00:00,201.239595622,200.30081641599998
 10/09  12:00:00,208.73584331599997,173.012194938
 10/09  13:00:00,209.352247003,147.39847383
 10/09  14:00:00,206.995112005,135.68145541299998
 10/09  15:00:00,203.882062011,127.811882828
 10/09  16:00:00,204.577706143,122.886992922
 10/09  17:00:00,173.99179963900002,150.512228344
 10/09  18:00:00,187.746906226,180.901849581
 10/09  19:00:00,171.84481257,201.85718013299999
 10/09  20:00:00,163.39024513200002,215.62585702799998
 10/09  21:00:00,148.764575035,175.938668356
 10/09  22:00:00,87.16657915129998,2.91563655736
 10/09  23:00:00,121.470929646,1.77125
 10/09  24:00:00,91.06490927549999,1.77125
 10/10  01:00:00,86.3470198041,3.4992928322300005
 10/10  02:00:00,85.5368157,2.355
 10/10  03:00:00,85.1679483195,2.355
 10/10  04:00:00,106.96336230700001,3.4992509450199996
 10/10  05:00:00,106.254103352,2.355
 10/10  06:00:00,161.184776403,295.06168111200003
 10/10  07:00:00,154.723965916,270.626999943
 10/10  08:00:00,218.83263568700002,233.845131753
 10/10  09:00:00,246.00501978900002,189.96599673400002
 10/10  10:00:00,238.867291972,156.961203158
 10/10  11:00:00,271.116844399,131.689505351
 10/10  12:00:00,254.74262859900003,118.844807492
 10/10  13:00:00,255.020626254,108.554313908
 10/10  14:00:00,250.495529857,110.54970425200001
 10/10  15:00:00,247.324546242,112.60549665299999
 10/10  16:00:00,248.33761626900002,116.199692043
 10/10  17:00:00,245.169614803,138.02717519200002
 10/10  18:00:00,247.206367324,166.16091255700002
 10/10  19:00:00,225.335618378,192.313168278
 10/10  20:00:00,197.674948497,208.36584518700002
 10/10  21:00:00,140.60581047899998,177.70271162900002
 10/10  22:00:00,84.8279496158,2.355
 10/10  23:00:00,119.33837243299999,2.355
 10/10  24:00:00,87.7954890101,3.49920965058
 10/11  01:00:00,80.8172450921,2.355
 10/11  02:00:00,79.7989647404,2.355
 10/11  03:00:00,79.2036385354,3.4992556571800004
 10/11  04:00:00,85.5927734715,2.355
 10/11  05:00:00,85.039047615,2.355
 10/11  06:00:00,140.666191013,331.72574587
 10/11  07:00:00,139.60155879799999,304.620215369
 10/11  08:00:00,212.251587331,274.71128927
 10/11  09:00:00,237.03792429799998,246.33967149999998
 10/11  10:00:00,229.328287095,230.80693432700002
 10/11  11:00:00,261.237612217,212.154891392
 10/11  12:00:00,242.071594162,202.285800184
 10/11  13:00:00,240.627479398,194.970158423
 10/11  14:00:00,236.68057161299998,191.533185978
 10/11  15:00:00,232.739685107,187.304810362
 10/11  16:00:00,232.16947938799998,188.261156158
 10/11  17:00:00,231.47666985200001,192.199091283
 10/11  18:00:00,239.74146008900001,198.09430273400002
 10/11  19:00:00,228.12149037900002,200.485389642
 10/11  20:00:00,201.59153616,203.033623318
 10/11  21:00:00,143.66221393200001,168.99494251299998
 10/11  22:00:00,83.66597392850001,2.355
 10/11  23:00:00,118.38129341,3.4992755512300002
 10/11  24:00:00,87.08739191629999,2.355
 10/12  01:00:00,80.3783368403,2.355
 10/12  02:00:00,79.7789160111,3.4992317009800007
 10/12  03:00:00,79.4824733813,2.355
 10/12  04:00:00,85.8557119829,2.355
 10/12  05:00:00,85.16454782859999,2.355
 10/12  06:00:00,140.506998358,343.218557026
 10/12  07:00:00,139.293820227,318.991742287
 10/12  08:00:00,212.205775668,278.44169621099996
 10/12  09:00:00,237.252229581,227.608824397
 10/12  10:00:00,228.74045279599997,194.274142246
 10/12  11:00:00,260.172998135,171.12027647600002
 10/12  12:00:00,240.408223731,152.942894264
 10/12  13:00:00,238.954046256,139.589521044
 10/12  14:00:00,236.253921591,121.87687469299999
 10/12  15:00:00,234.32646621400002,106.85388314
 10/12  16:00:00,234.661139652,106.890542006
 10/12  17:00:00,232.24771619900002,123.13005006200001
 10/12  18:00:00,238.81054269400002,152.653570019
 10/12  19:00:00,224.87133384,186.602918778
 10/12  20:00:00,199.53470974400003,212.20791023299998
 10/12  21:00:00,142.50868386,191.427586692
 10/12  22:00:00,82.4853097375,3.4994539140400005
 10/12  23:00:00,117.65030915700001,2.355
 10/12  24:00:00,86.13980517739999,2.355
 10/13  01:00:00,79.3230158483,3.4992785344
 10/13  02:00:00,78.6095089451,2.355
 10/13  03:00:00,78.2781432857,2.355
 10/13  04:00:00,100.475738082,2.355
 10/13  05:00:00,109.165750084,17.3495947356
 10/13  06:00:00,156.520466404,375.44855939300004
 10/13  07:00:00,148.108129016,344.783741346
 10/13  08:00:00,211.987501488,296.595193934
 10/13  09:00:00,237.640638277,238.62235487900003
 10/13  10:00:00,232.615321867,193.89430214
 10/13  11:00:00,264.689316619,148.44808294700002
 10/13  12:00:00,249.284038607,111.649924759
 10/13  13:00:00,250.96710421400002,83.8432457696
 10/13  14:00:00,249.07429021099998,66.5634321925
 10/13  15:00:00,245.80002634099998,57.9236025501
 10/13  16:00:00,245.19780073,63.31105822399999
 10/13  17:00:00,243.527353752,76.2265096167
 10/13  18:00:00,248.190554047,100.75967109999999
 10/13  19:00:00,226.867381247,123.276726042
 10/13  20:00:00,200.881764205,133.156546813
 10/13  21:00:00,143.85549400600001,100.100516016
 10/13  22:00:00,88.8490127991,3.49945308355
 10/13  23:00:00,122.15015291600001,2.355
 10/13  24:00:00,92.08319653379999,3.4992663653699996
 10/14  01:00:00,82.6177350305,1.77125
 10/14  02:00:00,81.9456870104,1.77125
 10/14  03:00:00,81.32199891180001,2.9155409243700006
 10/14  04:00:00,87.4723744041,1.77125
 10/14  05:00:00,86.7805004141,1.77125
 10/14  06:00:00,129.44470104,268.93386582200003
 10/14  07:00:00,129.798207413,256.672323156
 10/14  08:00:00,189.744895622,223.69178969
 10/14  09:00:00,209.39883997799998,178.581976001
 10/14  10:00:00,237.450720473,141.958446429
 10/14  11:00:00,270.315053233,114.55848968
 10/14  12:00:00,254.79822778,91.9008884684
 10/14  13:00:00,257.881413651,64.0083899487
 10/14  14:00:00,257.703639078,42.983818551000006
 10/14  15:00:00,255.27825155099998,35.846965048
 10/14  16:00:00,253.31101040400003,42.1344032017
 10/14  17:00:00,247.923529745,63.3956755292
 10/14  18:00:00,237.270274475,97.9769933668
 10/14  19:00:00,191.61232108599998,121.857288339
 10/14  20:00:00,176.59560852299998,142.478615053
 10/14  21:00:00,132.13448729700002,124.980816956
 10/14  22:00:00,84.63360567470001,2.9156776183099997
 10/14  23:00:00,118.886698881,1.77125
 10/14  24:00:00,88.56536827209999,1.77125
 10/15  01:00:00,81.5323577092,2.91554280167
 10/15  02:00:00,80.9198668084,1.77125
 10/15  03:00:00,80.6179939552,1.77125
 10/15  04:00:00,86.7906936014,2.91552448066
 10/15  05:00:00,85.7709889818,1.77125
 10/15  06:00:00,128.071541982,291.573831803
 10/15  07:00:00,127.469264344,277.693986132
 10/15  08:00:00,159.309554811,242.10553831
 10/15  09:00:00,132.211155008,223.177028912
 10/15  10:00:00,167.287080459,188.31815295799998
 10/15  11:00:00,198.099303976,172.73242098
 10/15  12:00:00,206.732383286,149.513709356
 10/15  13:00:00,205.88471672,137.286609859
 10/15  14:00:00,201.557167745,133.401054909
 10/15  15:00:00,197.60718500599998,130.815898358
 10/15  16:00:00,196.438889754,138.323132837
 10/15  17:00:00,166.406339059,174.20089565799998
 10/15  18:00:00,182.48143895,200.833333694
 10/15  19:00:00,165.63510926,213.10130165400003
 10/15  20:00:00,156.797983941,227.032502333
 10/15  21:00:00,142.102909214,199.153897563
 10/15  22:00:00,78.8093301987,2.91563438048
 10/15  23:00:00,113.802494827,1.77125
 10/15  24:00:00,82.60727568840001,1.77125
 10/16  01:00:00,78.6887961276,3.49925408208
 10/16  02:00:00,78.4084385848,2.355
 10/16  03:00:00,78.09422358489999,2.355
 10/16  04:00:00,84.4623819168,3.49921179569
 10/16  05:00:00,92.8375440493,16.173300051400002
 10/16  06:00:00,139.798066326,394.85599409300005
 10/16  07:00:00,138.745295433,365.259979519
 10/16  08:00:00,211.542154685,312.088599368
 10/16  09:00:00,236.48550513599997,253.29081879400002
 10/16  10:00:00,227.96014607900003,213.12978867799998
 10/16  11:00:00,259.589404063,170.379498054
 10/16  12:00:00,240.78477280200002,138.084919655
 10/16  13:00:00,240.180448237,117.382455112
 10/16  14:00:00,237.829613378,98.9811510552
 10/16  15:00:00,235.770877759,86.10303649120002
 10/16  16:00:00,236.55507774400002,86.1445395291
 10/16  17:00:00,234.929390763,100.452011754
 10/16  18:00:00,240.28095067599997,130.734298231
 10/16  19:00:00,226.238461929,159.376701467
 10/16  20:00:00,200.647751945,178.576920685
 10/16  21:00:00,143.76029692,154.736624835
 10/16  22:00:00,84.5041884996,2.355
 10/16  23:00:00,119.408822767,2.355
 10/16  24:00:00,88.84409630110001,3.49926736948
 10/17  01:00:00,81.96464329289999,2.355
 10/17  02:00:00,81.2349808289,2.355
 10/17  03:00:00,80.67195466689999,3.4992504051899997
 10/17  04:00:00,102.618070995,2.355
 10/17  05:00:00,102.390241296,2.355
 10/17  06:00:00,158.1750996,285.740478579
 10/17  07:00:00,149.78576915,262.346518813
 10/17  08:00:00,214.088481863,223.783546418
 10/17  09:00:00,240.437060709,173.66590537
 10/17  10:00:00,234.246653947,144.999283293
 10/17  11:00:00,268.265111463,114.902485349
 10/17  12:00:00,254.509963408,85.3430190493
 10/17  13:00:00,255.66916564599998,65.3868112783
 10/17  14:00:00,251.29085256099998,55.513455969
 10/17  15:00:00,245.603769328,52.5575357228
 10/17  16:00:00,243.208774825,61.9670956606
 10/17  17:00:00,241.208858333,75.6094745214
 10/17  18:00:00,248.000708377,94.70459200549999
 10/17  19:00:00,228.999265322,112.040025019
 10/17  20:00:00,201.997547114,129.180996124
 10/17  21:00:00,144.710111858,104.307147962
 10/17  22:00:00,90.3576441527,3.49942357328
 10/17  23:00:00,124.08993530299999,2.355
 10/17  24:00:00,96.2563705649,2.355
 10/18  01:00:00,86.87528412530001,3.4992501301999996
 10/18  02:00:00,84.3618567914,2.355
 10/18  03:00:00,84.2624266588,2.355
 10/18  04:00:00,90.8269830409,2.355
 10/18  05:00:00,90.60686903850001,3.49926849298
 10/18  06:00:00,146.55327298,235.027881063
 10/18  07:00:00,148.766347909,220.718789342
 10/18  08:00:00,221.04649158599997,202.854416862
 10/18  09:00:00,247.818896502,179.357917707
 10/18  10:00:00,238.96369315099997,167.68590015799998
 10/18  11:00:00,269.879881686,143.194741605
 10/18  12:00:00,251.39764925400002,132.472784295
 10/18  13:00:00,248.9776116,129.223464894
 10/18  14:00:00,243.620367235,131.534311933
 10/18  15:00:00,239.39939910799998,127.210013213
 10/18  16:00:00,239.632421205,128.4667149
 10/18  17:00:00,239.528693137,132.18097793799998
 10/18  18:00:00,250.731101366,142.003334863
 10/18  19:00:00,235.68451079,151.137783465
 10/18  20:00:00,209.531780327,158.277817201
 10/18  21:00:00,150.269709281,137.301123806
 10/18  22:00:00,89.6533890724,2.355
 10/18  23:00:00,123.685941715,2.355
 10/18  24:00:00,92.9943098916,3.49924659805
 10/19  01:00:00,85.404353704,2.355
 10/19  02:00:00,83.7548877374,2.355
 10/19  03:00:00,82.3957913366,3.49923086516
 10/19  04:00:00,88.0205485791,2.355
 10/19  05:00:00,86.7325152543,2.355
 10/19  06:00:00,140.525067256,360.91267379199996
 10/19  07:00:00,140.061589729,323.53359200799997
 10/19  08:00:00,214.931208719,279.37373613299997
 10/19  09:00:00,242.02698766700001,244.33890268
 10/19  10:00:00,234.150365011,220.361621158
 10/19  11:00:00,265.9960832,177.51784241099998
 10/19  12:00:00,247.54552962,145.938071009
 10/19  13:00:00,248.532515413,113.227618035
 10/19  14:00:00,247.59842079400002,87.9408927844
 10/19  15:00:00,244.98697367,74.1852246781
 10/19  16:00:00,244.62265651799999,74.6280565886
 10/19  17:00:00,243.08519485099998,85.7897334815
 10/19  18:00:00,251.332445541,112.13255645299999
 10/19  19:00:00,233.568979522,143.997264207
 10/19  20:00:00,206.86128343200002,166.301126316
 10/19  21:00:00,148.145547883,149.136989563
 10/19  22:00:00,87.550025811,3.49939427765
 10/19  23:00:00,121.767049755,2.355
 10/19  24:00:00,90.9144714405,2.355
 10/20  01:00:00,83.758667617,2.355
 10/20  02:00:00,82.8973665233,3.4992928909800005
 10/20  03:00:00,82.5561282047,2.355
 10/20  04:00:00,104.9321372,2.355
 10/20  05:00:00,104.96715208399999,3.4992414102699994
 10/20  06:00:00,160.423174746,299.870970234
 10/20  07:00:00,154.268685731,270.351920743
 10/20  08:00:00,218.47650581599999,227.581827225
 10/20  09:00:00,246.29207783,170.442791183
 10/20  10:00:00,240.449846229,136.285333227
 10/20  11:00:00,274.524889262,102.186952207
 10/20  12:00:00,260.993661864,74.6197572617
 10/20  13:00:00,261.806110501,58.246976678100005
 10/20  14:00:00,258.89856878,48.2071877547
 10/20  15:00:00,255.49452281799998,38.936499052600006
 10/20  16:00:00,254.863327088,43.469780521800004
 10/20  17:00:00,252.386786427,58.556466209300005
 10/20  18:00:00,260.90616824200004,75.5946676571
 10/20  19:00:00,236.639472925,100.452413756
 10/20  20:00:00,208.29050924400002,113.90723069299999
 10/20  21:00:00,148.836914736,88.34452906
 10/20  22:00:00,92.9417892688,2.355
 10/20  23:00:00,126.95726190200001,2.355
 10/20  24:00:00,97.43061313790001,3.49921044064
 10/21  01:00:00,87.5519705877,1.77125
 10/21  02:00:00,86.9208359157,1.77125
 10/21  03:00:00,86.486400552,2.9155451633499996
 10/21  04:00:00,92.58196817620001,1.77125
 10/21  05:00:00,91.3491323212,1.77125
 10/21  06:00:00,133.735014843,225.03766082400003
 10/21  07:00:00,137.927800013,226.075424852
 10/21  08:00:00,193.880646492,198.156658766
 10/21  09:00:00,216.121519721,152.222183972
 10/21  10:00:00,245.215640208,112.669310708
 10/21  11:00:00,276.74699750900004,89.00591801790002
 10/21  12:00:00,261.509811782,72.3496519089
 10/21  13:00:00,262.987788696,53.3136736222
 10/21  14:00:00,261.84711553200003,35.3320920062
 10/21  15:00:00,260.093575977,27.003341751700003
 10/21  16:00:00,261.12181384400003,24.7392667306
 10/21  17:00:00,258.86449154400003,40.686841586599996
 10/21  18:00:00,248.482876223,86.4251250434
 10/21  19:00:00,200.085942486,113.69549647
 10/21  20:00:00,184.352207718,135.414766651
 10/21  21:00:00,138.56313387,111.542249074
 10/21  22:00:00,90.89493903469999,2.91577913086
 10/21  23:00:00,124.56715530299999,1.77125
 10/21  24:00:00,94.6746579468,2.91563061179
 10/22  01:00:00,87.0654024116,1.77125
 10/22  02:00:00,85.5756253198,1.77125
 10/22  03:00:00,83.6962140193,2.9155208005
 10/22  04:00:00,88.0892120542,1.77125
 10/22  05:00:00,85.8058061678,1.77125
 10/22  06:00:00,127.61216289,289.867470445
 10/22  07:00:00,129.460088706,282.21975351099996
 10/22  08:00:00,158.01990513,251.448807635
 10/22  09:00:00,130.748740588,233.467485596
 10/22  10:00:00,166.016328164,207.12856550700002
 10/22  11:00:00,196.88816628200001,186.755804312
 10/22  12:00:00,205.078919517,154.1679767
 10/22  13:00:00,205.569411863,141.25502044799998
 10/22  14:00:00,202.875992544,131.173142081
 10/22  15:00:00,199.05989394,129.21065794700002
 10/22  16:00:00,198.314553904,133.467633105
 10/22  17:00:00,168.258899533,157.451142642
 10/22  18:00:00,186.89944474700002,177.67185241400003
 10/22  19:00:00,166.27473624299998,188.42032943599997
 10/22  20:00:00,157.500581773,195.399042665
 10/22  21:00:00,143.03885835100002,162.39636664100001
 10/22  22:00:00,79.9756443499,1.77125
 10/22  23:00:00,114.843046782,2.91549780116
 10/22  24:00:00,84.3793143657,1.77125
 10/23  01:00:00,80.5829530391,2.355
 10/23  02:00:00,80.3717589617,3.49927193138
 10/23  03:00:00,80.22106154859999,2.355
 10/23  04:00:00,86.7596361398,2.355
 10/23  05:00:00,86.18995972370001,2.355
 10/23  06:00:00,141.636222064,285.756812875
 10/23  07:00:00,144.76790385299998,264.003726534
 10/23  08:00:00,215.179608807,236.153137159
 10/23  09:00:00,241.407536842,198.999129835
 10/23  10:00:00,232.560622196,179.253410784
 10/23  11:00:00,263.326072054,157.902620805
 10/23  12:00:00,244.328130485,142.673392875
 10/23  13:00:00,242.98341792,136.396260961
 10/23  14:00:00,239.325165327,130.622967815
 10/23  15:00:00,236.053951694,126.306583869
 10/23  16:00:00,235.520628297,131.838227867
 10/23  17:00:00,235.91801478099998,140.155787251
 10/23  18:00:00,249.103639516,149.880812403
 10/23  19:00:00,234.90895453099998,163.62467719
 10/23  20:00:00,209.883172438,170.55081286700002
 10/23  21:00:00,151.653822029,136.333595995
 10/23  22:00:00,92.29559527229999,3.49946480376
 10/23  23:00:00,126.447093745,2.355
 10/23  24:00:00,96.5834962699,3.4992685250699997
 10/24  01:00:00,89.407909601,2.355
 10/24  02:00:00,88.8011932312,2.355
 10/24  03:00:00,88.3276901876,2.355
 10/24  04:00:00,110.190803084,3.4992561505
 10/24  05:00:00,109.82620952200001,2.355
 10/24  06:00:00,165.10048657,240.354544388
 10/24  07:00:00,162.833969014,225.338014325
 10/24  08:00:00,222.179829593,202.993097421
 10/24  09:00:00,249.241747813,175.554271097
 10/24  10:00:00,240.715638657,164.300703787
 10/24  11:00:00,271.635181022,150.0415964
 10/24  12:00:00,254.525370699,141.257338935
 10/24  13:00:00,255.31560043,127.901444896
 10/24  14:00:00,253.564728639,118.916723926
 10/24  15:00:00,251.003983564,112.823176955
 10/24  16:00:00,252.16564694599998,108.87149119600001
 10/24  17:00:00,253.25521695900002,109.180738034
 10/24  18:00:00,265.27083484599996,110.909081905
 10/24  19:00:00,246.16731224400002,115.36694563200001
 10/24  20:00:00,219.753397213,122.101466034
 10/24  21:00:00,160.051112594,87.98241876459998
 10/24  22:00:00,106.76336842799999,3.4994353954900004
 10/24  23:00:00,138.886336882,2.355
 10/24  24:00:00,110.57266726,2.355
 10/25  01:00:00,102.341945864,3.49926456855
 10/25  02:00:00,101.360301838,2.355
 10/25  03:00:00,100.045585422,2.355
 10/25  04:00:00,105.57998400700001,2.355
 10/25  05:00:00,104.192085027,3.4992199262400003
 10/25  06:00:00,157.714581743,187.73804737
 10/25  07:00:00,164.338744967,182.253154232
 10/25  08:00:00,232.24770106,162.716969643
 10/25  09:00:00,260.645409434,133.757230163
 10/25  10:00:00,251.698392388,122.90340716200001
 10/25  11:00:00,278.040926914,116.269904521
 10/25  12:00:00,260.757382919,107.793758745
 10/25  13:00:00,259.55563113700003,101.328215954
 10/25  14:00:00,253.794139562,100.33165351
 10/25  15:00:00,248.954526799,98.18707188569999
 10/25  16:00:00,248.924314239,98.9232819863
 10/25  17:00:00,250.85511464299998,101.390710356
 10/25  18:00:00,260.966575694,109.858669277
 10/25  19:00:00,245.816811708,121.96672931799999
 10/25  20:00:00,217.815086966,132.955939299
 10/25  21:00:00,157.895878673,101.311324699
 10/25  22:00:00,99.5072424925,2.355
 10/25  23:00:00,132.147797107,3.49932428116
 10/25  24:00:00,102.447098798,2.355
 10/26  01:00:00,93.3334829533,2.355
 10/26  02:00:00,92.6608450816,3.49927710995
 10/26  03:00:00,92.4911148616,2.355
 10/26  04:00:00,98.97060226200001,2.355
 10/26  05:00:00,98.3974866292,2.355
 10/26  06:00:00,152.62769638700001,216.902141838
 10/26  07:00:00,158.28135381200002,204.35256605900003
 10/26  08:00:00,226.805344592,187.50117037099997
 10/26  09:00:00,254.434220982,164.676853771
 10/26  10:00:00,246.195698474,153.357534994
 10/26  11:00:00,274.668571158,138.19889441799998
 10/26  12:00:00,256.672564877,129.305343152
 10/26  13:00:00,255.408438923,120.691868846
 10/26  14:00:00,252.065741319,108.61053702299999
 10/26  15:00:00,251.14669981,89.84504006370001
 10/26  16:00:00,252.00441488,84.0075137507
 10/26  17:00:00,247.91810456,97.8360390539
 10/26  18:00:00,254.466542827,128.014396616
 10/26  19:00:00,240.54130402200002,146.341215914
 10/26  20:00:00,214.504420832,154.943568946
 10/26  21:00:00,153.341855706,132.900188895
 10/26  22:00:00,92.6766541059,2.355
 10/26  23:00:00,126.055733733,2.355
 10/26  24:00:00,95.4496351732,3.49923151926
 10/27  01:00:00,88.4208196917,2.355
 10/27  02:00:00,87.4205877567,2.355
 10/27  03:00:00,86.5554015939,3.4992213992800005
 10/27  04:00:00,108.563322985,2.355
 10/27  05:00:00,108.686802701,2.355
 10/27  06:00:00,165.240314815,263.190338146
 10/27  07:00:00,165.916335684,230.087560901
 10/27  08:00:00,226.904531978,201.671225403
 10/27  09:00:00,254.673772136,170.873445182
 10/27  10:00:00,247.404454265,156.08802261600002
 10/27  11:00:00,277.839127721,133.822754363
 10/27  12:00:00,263.794045251,103.12324617700001
 10/27  13:00:00,263.00084618799997,75.6257218579
 10/27  14:00:00,264.738804215,56.663370332700005
 10/27  15:00:00,267.326992194,39.0976011539
 10/27  16:00:00,269.93070770099996,35.9705522147
 10/27  17:00:00,270.213529877,54.4186954843
 10/27  18:00:00,269.029297207,90.4353553852
 10/27  19:00:00,242.534542447,126.32554134799999
 10/27  20:00:00,213.632266916,150.24308853
 10/27  21:00:00,153.339214674,129.306479169
 10/27  22:00:00,98.4243532576,3.49942229385
 10/27  23:00:00,131.512858665,2.355
 10/27  24:00:00,101.37479903200001,2.355
 10/28  01:00:00,90.30840872639999,2.91564640693
 10/28  02:00:00,87.5818834092,1.77125
 10/28  03:00:00,85.36536698100001,2.9155205009500005
 10/28  04:00:00,90.5209411276,1.77125
 10/28  05:00:00,88.9301405149,1.77125
 10/28  06:00:00,130.767146889,340.427951048
 10/28  07:00:00,133.72462255,324.522974728
 10/28  08:00:00,189.390852082,288.746144905
 10/28  09:00:00,210.635315323,225.236130017
 10/28  10:00:00,239.78281061400003,176.033406224
 10/28  11:00:00,273.995516043,132.823446342
 10/28  12:00:00,262.826294571,95.1115352634
 10/28  13:00:00,266.84930763,61.9099520318
 10/28  14:00:00,258.698272065,58.490250128999996
 10/28  15:00:00,251.857173848,62.641089028500005
 10/28  16:00:00,250.240865383,63.7323041063
 10/28  17:00:00,250.367902093,78.8905689194
 10/28  18:00:00,241.343358267,109.47915073
 10/28  19:00:00,194.59213982,129.568001359
 10/28  20:00:00,181.870474932,141.469921645
 10/28  21:00:00,135.97380510899998,116.659606475
 10/28  22:00:00,87.6774540885,2.9157741178099994
 10/28  23:00:00,121.780552773,1.77125
 10/28  24:00:00,92.1371395095,2.91560022686
 10/29  01:00:00,85.6680118876,1.77125
 10/29  02:00:00,85.0774898974,1.77125
 10/29  03:00:00,84.3754731315,2.91557144198
 10/29  04:00:00,90.2760580604,1.77125
 10/29  05:00:00,89.0873259841,1.77125
 10/29  06:00:00,130.727621072,282.311695149
 10/29  07:00:00,133.285213741,285.30808315900003
 10/29  08:00:00,161.896265779,241.45665690299998
 10/29  09:00:00,136.866741096,208.900460387
 10/29  10:00:00,175.645388868,160.60761421799998
 10/29  11:00:00,210.51546317700002,123.141124976
 10/29  12:00:00,224.734234348,89.836583786
 10/29  13:00:00,227.087305022,73.9982831813
 10/29  14:00:00,223.328697387,75.0897286057
 10/29  15:00:00,219.11780110599997,77.27197774689999
 10/29  16:00:00,218.26024574099998,80.2943857445
 10/29  17:00:00,191.202792223,98.1827921828
 10/29  18:00:00,204.122616515,115.26003477100001
 10/29  19:00:00,185.437672552,128.136112321
 10/29  20:00:00,174.118583722,135.061623645
 10/29  21:00:00,156.867222739,97.6530831845
 10/29  22:00:00,93.1865722311,1.77125
 10/29  23:00:00,126.49761476299999,2.9155435472000004
 10/29  24:00:00,96.15474695450001,1.77125
 10/30  01:00:00,89.5105077653,2.355
 10/30  02:00:00,87.8586043543,3.4992557663099997
 10/30  03:00:00,86.7448773055,2.355
 10/30  04:00:00,92.70155320629999,2.355
 10/30  05:00:00,92.1387773461,3.4992741439999997
 10/30  06:00:00,147.762370397,255.890863298
 10/30  07:00:00,154.294471164,231.65008965599998
 10/30  08:00:00,224.081667456,205.00940277
 10/30  09:00:00,251.526657228,173.036203617
 10/30  10:00:00,243.804886416,145.529905698
 10/30  11:00:00,276.564826577,110.51135190000001
 10/30  12:00:00,261.028585355,87.5720226581
 10/30  13:00:00,257.142371318,86.5912109401
 10/30  14:00:00,250.69906245,86.6551762398
 10/30  15:00:00,246.17547845599998,80.293828545
 10/30  16:00:00,244.62837659299998,87.0469011409
 10/30  17:00:00,246.391213058,98.1526678844
 10/30  18:00:00,253.56572256299998,111.176326033
 10/30  19:00:00,239.77807477599998,119.635748983
 10/30  20:00:00,214.373478107,127.24620308700001
 10/30  21:00:00,155.55669895,97.52063592620001
 10/30  22:00:00,96.7991734515,2.355
 10/30  23:00:00,130.12790204200002,3.4993320799900003
 10/30  24:00:00,101.784908953,2.355
 10/31  01:00:00,94.3399519173,2.355
 10/31  02:00:00,93.3469983273,3.4992879914499997
 10/31  03:00:00,92.9581943021,2.355
 10/31  04:00:00,115.275347295,2.355
 10/31  05:00:00,115.61175593899999,2.355
 10/31  06:00:00,171.635567913,201.98448780400003
 10/31  07:00:00,173.839801652,187.004006387
 10/31  08:00:00,233.905642567,167.14785130299998
 10/31  09:00:00,262.064477007,143.15497837700002
 10/31  10:00:00,255.833419048,132.641017348
 10/31  11:00:00,284.11355268799997,117.735149797
 10/31  12:00:00,269.499222723,108.996853451
 10/31  13:00:00,270.331822003,99.54704904719999
 10/31  14:00:00,267.092911856,93.1842778807
 10/31  15:00:00,265.521191675,81.2165840618
 10/31  16:00:00,266.980327249,78.9908081392
 10/31  17:00:00,266.926995369,92.8234793716
 10/31  18:00:00,268.64705135099996,111.407860354
 10/31  19:00:00,245.70327018,124.24887547200001
 10/31  20:00:00,219.59461620599998,132.029080544
 10/31  21:00:00,160.185173163,98.5853232861
 10/31  22:00:00,106.159613216,2.355
 10/31  23:00:00,137.826871645,3.4993363153
 10/31  24:00:00,107.73634672,2.355
 11/01  01:00:00,97.19178502620001,2.355
 11/01  02:00:00,91.510969027,2.355
 11/01  03:00:00,86.4934526265,3.4992593922400004
 11/01  04:00:00,89.8831435383,2.355
 11/01  05:00:00,87.1893287083,2.355
 11/01  06:00:00,140.416564175,366.08929011099997
 11/01  07:00:00,142.246505304,344.09968792
 11/01  08:00:00,211.52342895,304.82896915
 11/01  09:00:00,235.74580962299999,256.968055808
 11/01  10:00:00,226.66151256,233.790413581
 11/01  11:00:00,257.18700650799997,219.30382954
 11/01  12:00:00,236.297778832,208.801695032
 11/01  13:00:00,234.565120413,201.066982651
 11/01  14:00:00,231.10622265900003,193.151438242
 11/01  15:00:00,228.297793554,186.929184342
 11/01  16:00:00,228.64357969099999,187.801939323
 11/01  17:00:00,232.210064668,191.871554575
 11/01  18:00:00,241.51761974599998,197.921423971
 11/01  19:00:00,225.65764816700002,208.28427707
 11/01  20:00:00,201.194936158,215.76953362
 11/01  21:00:00,144.466850814,182.91118227299998
 11/01  22:00:00,85.3081337227,2.355
 11/01  23:00:00,120.43241473399999,3.4992890339300002
 11/01  24:00:00,89.7006579265,2.355
 11/02  01:00:00,83.56119273739999,2.355
 11/02  02:00:00,83.5054487669,2.355
 11/02  03:00:00,83.5685447539,3.4992128490400005
 11/02  04:00:00,90.032756546,2.355
 11/02  05:00:00,89.63554767309999,2.355
 11/02  06:00:00,144.87293424799998,328.081056327
 11/02  07:00:00,153.177334975,294.494353098
 11/02  08:00:00,219.058763616,264.76770204900004
 11/02  09:00:00,245.303616707,238.082121967
 11/02  10:00:00,235.39886623,223.778493928
 11/02  11:00:00,265.428259745,208.40031053
 11/02  12:00:00,246.17592651,193.055316833
 11/02  13:00:00,244.291484855,183.573698699
 11/02  14:00:00,240.55807641,175.128586065
 11/02  15:00:00,237.51144769400003,166.927831352
 11/02  16:00:00,237.636905382,167.003108535
 11/02  17:00:00,240.528029092,176.892415057
 11/02  18:00:00,248.087370619,192.97045901299998
 11/02  19:00:00,232.34888517,217.3762301
 11/02  20:00:00,205.441983835,231.145355448
 11/02  21:00:00,147.386138953,199.469772031
 11/02  22:00:00,87.8210379147,2.355
 11/02  23:00:00,122.36226193600001,2.355
 11/02  24:00:00,90.8921286099,3.49927249554
 11/03  01:00:00,83.65033495109999,2.355
 11/03  02:00:00,82.2104527351,2.355
 11/03  03:00:00,81.00762678939999,3.49926770006
 11/03  04:00:00,102.415908025,2.355
 11/03  05:00:00,106.07690687700001,8.086910885230001
 11/03  06:00:00,157.405744485,350.936790391
 11/03  07:00:00,156.173417388,318.507280324
 11/03  08:00:00,213.932930688,288.240997193
 11/03  09:00:00,239.309586069,264.417616517
 11/03  10:00:00,230.558063935,255.469831191
 11/03  11:00:00,261.665451378,244.13375146200002
 11/03  12:00:00,241.718760379,232.99370180000003
 11/03  13:00:00,239.627512073,227.44996309099997
 11/03  14:00:00,236.010196814,221.11193005200002
 11/03  15:00:00,233.28315444400002,215.29172890400002
 11/03  16:00:00,234.023472899,214.363203464
 11/03  17:00:00,236.89791013200002,219.948035312
 11/03  18:00:00,245.27986046599997,229.039835918
 11/03  19:00:00,223.40792885099998,237.253032008
 11/03  20:00:00,198.24451046299998,241.717477737
 11/03  21:00:00,141.966343545,209.602379615
 11/03  22:00:00,86.9877143193,2.355
 11/03  23:00:00,121.864092045,3.49929465025
 11/03  24:00:00,90.7857019866,2.355
 11/04  01:00:00,82.1136459568,1.77125
 11/04  02:00:00,81.4418416241,2.9156029122000002
 11/04  03:00:00,80.888360641,1.77125
 11/04  04:00:00,87.01330145850001,1.77125
 11/04  05:00:00,90.5928042951,8.468532433370001
 11/04  06:00:00,129.272615081,358.744490789
 11/04  07:00:00,137.010828554,325.83466319999997
 11/04  08:00:00,190.390909442,290.071063423
 11/04  09:00:00,210.298279996,250.22778615400003
 11/04  10:00:00,235.766492716,232.174770723
 11/04  11:00:00,266.168774214,217.509795578
 11/04  12:00:00,247.165317829,210.03587984400002
 11/04  13:00:00,245.589171878,202.579579025
 11/04  14:00:00,242.272016276,189.667935656
 11/04  15:00:00,238.926343274,185.77091589900002
 11/04  16:00:00,238.897700452,185.203860773
 11/04  17:00:00,241.005590412,195.86863284900002
 11/04  18:00:00,233.769368963,222.347569127
 11/04  19:00:00,187.78296942900002,237.486484772
 11/04  20:00:00,175.66212214200002,243.70815469099998
 11/04  21:00:00,131.26544479,220.70312628099998
 11/04  22:00:00,82.7476627362,1.77125
 11/04  23:00:00,117.597081504,2.91571661275
 11/04  24:00:00,85.91944473459999,1.77125
 11/05  01:00:00,79.0568263763,2.91554814528
 11/05  02:00:00,78.1190649079,1.77125
 11/05  03:00:00,77.1932133237,1.77125
 11/05  04:00:00,91.7656952185,14.8495058436
 11/05  05:00:00,91.09978682170001,15.067801906
 11/05  06:00:00,125.91356948200001,419.968035375
 11/05  07:00:00,131.62265507700002,385.150567954
 11/05  08:00:00,156.693424164,341.348464466
 11/05  09:00:00,129.193892585,334.388063463
 11/05  10:00:00,164.040569224,306.376528124
 11/05  11:00:00,195.123177971,298.075408332
 11/05  12:00:00,201.383044856,273.118143374
 11/05  13:00:00,199.90482961,265.304115168
 11/05  14:00:00,196.17230452099997,255.825347865
 11/05  15:00:00,192.811841021,250.576705426
 11/05  16:00:00,192.630268747,254.727320658
 11/05  17:00:00,167.333981652,304.196652631
 11/05  18:00:00,183.786219037,328.96273510599997
 11/05  19:00:00,163.756145742,336.566664227
 11/05  20:00:00,155.03580058,338.830904301
 11/05  21:00:00,140.72581648,299.09828184400004
 11/05  22:00:00,77.3084674424,1.77125
 11/05  23:00:00,112.52740181,2.9155194702
 11/05  24:00:00,81.3003341656,1.77125
 11/06  01:00:00,86.4103654142,18.0858633226
 11/06  02:00:00,86.4529160193,20.2033981583
 11/06  03:00:00,90.6425125958,37.2486688101
 11/06  04:00:00,90.68289907120001,39.1521100788
 11/06  05:00:00,94.09446685399999,31.518345849699998
 11/06  06:00:00,101.106776675,45.685734691
 11/06  07:00:00,136.104393937,493.199477516
 11/06  08:00:00,134.915113031,434.00375293699994
 11/06  09:00:00,211.16219795900003,381.986924105
 11/06  10:00:00,235.192753807,332.970362892
 11/06  11:00:00,225.449486853,298.176942206
 11/06  12:00:00,256.333052296,262.938175373
 11/06  13:00:00,235.22523331,235.510983418
 11/06  14:00:00,233.53551685099998,215.784351484
 11/06  15:00:00,229.83187252599998,205.944178628
 11/06  16:00:00,226.354589576,204.894238366
 11/06  17:00:00,229.54663535400002,217.685784367
 11/06  18:00:00,239.317520715,241.85791375
 11/06  19:00:00,238.647260698,257.68805708900004
 11/06  20:00:00,222.55320497099999,265.913302852
 11/06  21:00:00,197.60218820400002,268.44895523599996
 11/06  22:00:00,140.696102339,238.183012078
 11/06  23:00:00,79.6575877833,3.49944766997
 11/06  24:00:00,114.94004176799999,2.355
 11/07  01:00:00,83.7560418335,2.355
 11/07  02:00:00,77.7028105866,3.4992620845899998
 11/07  03:00:00,86.4314772507,17.6534311223
 11/07  04:00:00,90.741027087,29.777241215700002
 11/07  05:00:00,113.231951741,32.398236286199996
 11/07  06:00:00,108.810190139,24.799750844400002
 11/07  07:00:00,152.68289874299998,450.53082741300005
 11/07  08:00:00,144.178017655,401.528891069
 11/07  09:00:00,211.30271608,356.55913665300005
 11/07  10:00:00,235.303580067,308.65337695200003
 11/07  11:00:00,225.522068952,285.146411227
 11/07  12:00:00,256.355422048,265.30564499400003
 11/07  13:00:00,234.852464541,254.451422045
 11/07  14:00:00,232.68649292799998,249.56893010599998
 11/07  15:00:00,228.82335957799998,248.45708493
 11/07  16:00:00,225.37012177,253.12200159900001
 11/07  17:00:00,232.147791663,272.32932151
 11/07  18:00:00,238.900017702,287.715542718
 11/07  19:00:00,238.422935692,304.902328042
 11/07  20:00:00,215.50510318599999,322.349429318
 11/07  21:00:00,190.991070879,337.26631760099997
 11/07  22:00:00,135.674508428,324.302337041
 11/07  23:00:00,79.04869973390001,3.4994722137400003
 11/07  24:00:00,114.303497742,2.355
 11/08  01:00:00,91.88049974040001,25.666120029600002
 11/08  02:00:00,90.7075284645,46.3369380671
 11/08  03:00:00,93.4975985043,53.170919958199995
 11/08  04:00:00,92.07018746700001,45.420858377100004
 11/08  05:00:00,101.88897233899999,72.8686852226
 11/08  06:00:00,101.482846092,73.68644707189999
 11/08  07:00:00,136.087224989,554.0071605
 11/08  08:00:00,134.704206538,492.10739834099996
 11/08  09:00:00,211.04388461599999,423.186362255
 11/08  10:00:00,235.09282844700002,363.651509178
 11/08  11:00:00,225.237674118,332.710354023
 11/08  12:00:00,256.218075156,304.82916659200004
 11/08  13:00:00,234.59807870400002,286.859701198
 11/08  14:00:00,232.498618345,268.489579434
 11/08  15:00:00,228.691098387,260.279118536
 11/08  16:00:00,225.26697033099998,250.71648449
 11/08  17:00:00,232.062083653,257.809651939
 11/08  18:00:00,238.827459887,277.79926988200003
 11/08  19:00:00,238.39409753900003,301.832535121
 11/08  20:00:00,222.164588893,321.570199086
 11/08  21:00:00,197.199934173,337.558485658
 11/08  22:00:00,140.451366562,322.652773743
 11/08  23:00:00,79.1234148086,2.355
 11/08  24:00:00,114.369408548,2.355
 11/09  01:00:00,92.00608708979999,25.2272286753
 11/09  02:00:00,90.8073044289,43.9067097409
 11/09  03:00:00,93.7718145441,50.1906805299
 11/09  04:00:00,92.1772907757,44.9393391529
 11/09  05:00:00,100.91575432399999,67.2151319868
 11/09  06:00:00,102.67316721899999,70.0767076222
 11/09  07:00:00,136.142801485,527.557932341
 11/09  08:00:00,134.828753734,467.22520321400003
 11/09  09:00:00,211.136957628,396.60515422300006
 11/09  10:00:00,235.37642948599998,318.097980139
 11/09  11:00:00,225.721592157,275.290632285
 11/09  12:00:00,256.872265329,241.326410486
 11/09  13:00:00,236.16821862900002,212.365029223
 11/09  14:00:00,234.465643967,194.29814931599998
 11/09  15:00:00,230.83726584299998,187.40554772299998
 11/09  16:00:00,227.59119408700002,183.67415016299998
 11/09  17:00:00,234.059636706,197.37785618200002
 11/09  18:00:00,240.33471789599997,216.09212924599998
 11/09  19:00:00,239.33330616900002,233.453893647
 11/09  20:00:00,223.29880553900003,240.923670097
 11/09  21:00:00,198.401820746,245.49140765599998
 11/09  22:00:00,141.351514214,214.600123801
 11/09  23:00:00,80.4013704604,2.355
 11/09  24:00:00,115.518258353,3.49930836195
 11/10  01:00:00,84.4693090577,2.355
 11/10  02:00:00,78.3755956471,2.355
 11/10  03:00:00,78.127215952,3.49927103895
 11/10  04:00:00,78.0849007698,2.355
 11/10  05:00:00,104.867384262,8.62904474818
 11/10  06:00:00,109.274601929,15.5202541992
 11/10  07:00:00,153.232100831,376.397946014
 11/10  08:00:00,144.85984253200002,335.457704415
 11/10  09:00:00,212.01969163200002,297.879791947
 11/10  10:00:00,236.353719165,262.595456437
 11/10  11:00:00,226.765687961,247.606160087
 11/10  12:00:00,257.31320901099997,231.569846044
 11/10  13:00:00,236.682425752,223.67372138
 11/10  14:00:00,235.425900489,214.98306343599998
 11/10  15:00:00,232.338847622,212.042799646
 11/10  16:00:00,231.175372643,204.74839911599997
 11/10  17:00:00,239.423336671,205.34393117
 11/10  18:00:00,247.296714995,209.825427941
 11/10  19:00:00,246.529513024,215.25098306599997
 11/10  20:00:00,225.87375239099998,222.003797802
 11/10  21:00:00,200.888257272,225.30498188099997
 11/10  22:00:00,144.81497315299998,190.110561439
 11/10  23:00:00,90.23219733190001,3.4994040411800005
 11/10  24:00:00,124.936952526,2.355
 11/11  01:00:00,92.0367657183,1.77125
 11/11  02:00:00,85.40583579850001,2.9155293224400003
 11/11  03:00:00,84.8549286027,1.77125
 11/11  04:00:00,84.677221656,1.77125
 11/11  05:00:00,91.51377496139999,2.91553114948
 11/11  06:00:00,91.3526062345,1.77125
 11/11  07:00:00,132.186287087,308.373173964
 11/11  08:00:00,135.94719900200002,273.531024773
 11/11  09:00:00,171.10922884,232.07854892400002
 11/11  10:00:00,147.085786969,206.11907643599997
 11/11  11:00:00,182.063500354,167.03137717299998
 11/11  12:00:00,211.596607344,148.90546495
 11/11  13:00:00,221.32178584599998,122.09611524399999
 11/11  14:00:00,221.001899075,105.65040899200001
 11/11  15:00:00,217.080356018,97.72495076770001
 11/11  16:00:00,211.318118143,104.09670856700001
 11/11  17:00:00,214.04203600099999,127.27501239200001
 11/11  18:00:00,187.68827958,193.91885809400003
 11/11  19:00:00,191.65932565,222.206740906
 11/11  20:00:00,173.02136002,219.559605351
 11/11  21:00:00,165.56462465,217.84056257700001
 11/11  22:00:00,150.669629461,186.909686175
 11/11  23:00:00,88.393121545,1.77125
 11/11  24:00:00,122.21011291100001,2.91555876417
 11/12  01:00:00,90.6954568549,1.77125
 11/12  02:00:00,83.4160560283,1.77125
 11/12  03:00:00,82.1327584113,2.91554613741
 11/12  04:00:00,80.9666899419,1.77125
 11/12  05:00:00,87.071447166,1.77125
 11/12  06:00:00,86.9216867499,2.91553233777
 11/12  07:00:00,127.501628966,363.344249854
 11/12  08:00:00,130.445710966,316.67612703599997
 11/12  09:00:00,165.941486648,267.06316128099996
 11/12  10:00:00,139.993028111,240.44655560799998
 11/12  11:00:00,173.254137486,211.58374224599999
 11/12  12:00:00,202.901877094,215.857134106
 11/12  13:00:00,209.54355769999998,226.68994828900003
 11/12  14:00:00,206.784653941,237.669234098
 11/12  15:00:00,201.878030583,240.073563987
 11/12  16:00:00,197.80190577599998,243.33016066099998
 11/12  17:00:00,204.227980885,239.578415805
 11/12  18:00:00,181.119617085,272.84938863
 11/12  19:00:00,184.839675368,295.86137348799997
 11/12  20:00:00,164.17991407,306.202212249
 11/12  21:00:00,155.43788705,316.70974125099997
 11/12  22:00:00,140.939715592,281.506597264
 11/12  23:00:00,77.3884706563,1.77125
 11/12  24:00:00,112.551764389,1.77125
 11/13  01:00:00,83.53338694770001,3.4992622081199998
 11/13  02:00:00,77.6789668574,2.355
 11/13  03:00:00,86.49105409270001,16.0012099624
 11/13  04:00:00,90.82638746110001,26.596289959899998
 11/13  05:00:00,97.50923299860001,27.7345581119
 11/13  06:00:00,92.7084518941,21.1493858472
 11/13  07:00:00,139.693722887,417.99079774800003
 11/13  08:00:00,135.246210348,374.91515456300004
 11/13  09:00:00,211.35763535400002,335.206273844
 11/13  10:00:00,235.53733905,289.01755737400003
 11/13  11:00:00,225.73801495,269.296017186
 11/13  12:00:00,256.607480335,247.994672173
 11/13  13:00:00,235.55686283400001,228.817266986
 11/13  14:00:00,233.534344017,220.44814092099998
 11/13  15:00:00,229.64208690400002,216.75529180700002
 11/13  16:00:00,226.192999408,213.19130903099997
 11/13  17:00:00,232.724679178,227.655451039
 11/13  18:00:00,239.19824777099998,247.68212439200002
 11/13  19:00:00,238.609279664,267.699386665
 11/13  20:00:00,222.377758425,280.897713789
 11/13  21:00:00,197.50226016,285.65923188799997
 11/13  22:00:00,140.646987244,259.58749365299997
 11/13  23:00:00,79.5654285923,2.355
 11/13  24:00:00,114.85737801799999,3.4993377571499997
 11/14  01:00:00,83.69077454239999,2.355
 11/14  02:00:00,77.6657468226,2.355
 11/14  03:00:00,86.5045532273,16.3818153187
 11/14  04:00:00,86.7901527108,14.482018238299998
 11/14  05:00:00,109.23152758,15.3594781701
 11/14  06:00:00,113.731096685,22.6676653623
 11/14  07:00:00,156.849718894,376.56355545199995
 11/14  08:00:00,145.234388472,330.76917469299997
 11/14  09:00:00,212.501063974,284.875303964
 11/14  10:00:00,237.180304032,237.47714229
 11/14  11:00:00,227.926503907,212.05048464700002
 11/14  12:00:00,259.680322395,185.167022199
 11/14  13:00:00,241.494949249,170.784920904
 11/14  14:00:00,241.54002883599998,163.204956393
 11/14  15:00:00,238.235746461,168.29017300700002
 11/14  16:00:00,235.42461614799998,169.344318625
 11/14  17:00:00,242.350393614,172.651041761
 11/14  18:00:00,248.28874353900002,178.440236179
 11/14  19:00:00,245.586862545,184.687306027
 11/14  20:00:00,222.99080000900003,191.8163054
 11/14  21:00:00,197.267515095,200.66941863099998
 11/14  22:00:00,141.319123285,168.645626898
 11/14  23:00:00,86.4341579563,3.49946529255
 11/14  24:00:00,121.073674671,2.355
 11/15  01:00:00,90.4169868863,2.355
 11/15  02:00:00,83.5814165513,3.4992634386900003
 11/15  03:00:00,83.113444378,2.355
 11/15  04:00:00,82.6794583684,2.355
 11/15  05:00:00,89.08429910129999,3.4992408983699996
 11/15  06:00:00,88.6974884235,2.355
 11/15  07:00:00,143.93370073,305.080293104
 11/15  08:00:00,141.766114965,276.321568291
 11/15  09:00:00,218.418752514,241.718922372
 11/15  10:00:00,244.888087509,210.823265595
 11/15  11:00:00,235.811922468,194.862205175
 11/15  12:00:00,266.528941251,178.806377789
 11/15  13:00:00,248.346885907,172.82679583900003
 11/15  14:00:00,246.09862938700002,168.277674455
 11/15  15:00:00,242.09608296599998,172.113689785
 11/15  16:00:00,238.964105372,171.89233096400002
 11/15  17:00:00,246.931212299,170.620047603
 11/15  18:00:00,254.38990967200002,174.64613976
 11/15  19:00:00,251.539612092,185.112521533
 11/15  20:00:00,236.958316015,193.74680374
 11/15  21:00:00,210.89023082900002,198.78632808900002
 11/15  22:00:00,152.071635279,165.904552372
 11/15  23:00:00,92.87129213040001,2.355
 11/15  24:00:00,127.273978541,3.4993294922900002
 11/16  01:00:00,97.2980288264,2.355
 11/16  02:00:00,89.3726810162,2.355
 11/16  03:00:00,88.2078611516,2.355
 11/16  04:00:00,87.37878906690001,3.49926099998
 11/16  05:00:00,93.4826742351,2.355
 11/16  06:00:00,92.7407724788,2.355
 11/16  07:00:00,147.69908972,294.87448359
 11/16  08:00:00,146.077650004,266.050160696
 11/16  09:00:00,221.936976015,235.31942129900003
 11/16  10:00:00,249.047366693,203.12862937900002
 11/16  11:00:00,239.423853248,188.32275296900002
 11/16  12:00:00,269.23662851,172.093188618
 11/16  13:00:00,250.950096326,165.095469597
 11/16  14:00:00,248.582877283,158.84089524700002
 11/16  15:00:00,244.35296628,156.69901182799998
 11/16  16:00:00,240.461451782,155.26943976799998
 11/16  17:00:00,246.943603445,159.074390365
 11/16  18:00:00,253.376601626,164.480416056
 11/16  19:00:00,251.00716034299998,169.888968628
 11/16  20:00:00,236.34311692,175.30850824900003
 11/16  21:00:00,209.98046504400003,186.41936284
 11/16  22:00:00,151.790275966,154.267941954
 11/16  23:00:00,92.31850807290002,3.49944089194
 11/16  24:00:00,126.086134102,2.355
 11/17  01:00:00,95.4445374415,2.355
 11/17  02:00:00,87.2301424093,3.4992400705
 11/17  03:00:00,85.83096984939999,2.355
 11/17  04:00:00,84.6558123487,2.355
 11/17  05:00:00,106.291731579,3.4992189762
 11/17  06:00:00,106.35778973299999,2.355
 11/17  07:00:00,162.781252049,305.090725393
 11/17  08:00:00,154.870292696,268.76051367
 11/17  09:00:00,222.45289532,229.68665523599998
 11/17  10:00:00,249.820854165,192.09760997200001
 11/17  11:00:00,241.32811789,169.874895036
 11/17  12:00:00,271.95978015099996,149.38443344799998
 11/17  13:00:00,254.3383059,143.785955823
 11/17  14:00:00,252.29803824099997,132.557708385
 11/17  15:00:00,249.837624742,114.662960565
 11/17  16:00:00,246.562610893,108.179428928
 11/17  17:00:00,251.11049471400003,124.38558749
 11/17  18:00:00,256.712013187,138.323187566
 11/17  19:00:00,255.54041838,141.301368414
 11/17  20:00:00,237.313576309,143.828442276
 11/17  21:00:00,213.45381997599998,145.765939543
 11/17  22:00:00,156.60767113100002,110.76302689100001
 11/17  23:00:00,104.06619765100001,2.355
 11/17  24:00:00,138.182599742,3.49909461577
 11/18  01:00:00,109.045270965,1.77125
 11/18  02:00:00,100.913266705,1.77125
 11/18  03:00:00,100.260722893,2.91556049232
 11/18  04:00:00,98.60792382950001,1.77125
 11/18  05:00:00,104.22590757,1.77125
 11/18  06:00:00,103.12050363799999,2.91555458023
 11/18  07:00:00,144.387791686,208.28866888599998
 11/18  08:00:00,144.999900545,199.094186138
 11/18  09:00:00,207.92753995200002,172.61290231799998
 11/18  10:00:00,230.620773527,150.83409550000002
 11/18  11:00:00,254.870705105,131.250759681
 11/18  12:00:00,281.854455117,118.471177793
 11/18  13:00:00,263.367020025,111.242518227
 11/18  14:00:00,259.623970365,98.61711560319999
 11/18  15:00:00,252.297022975,94.88665632799999
 11/18  16:00:00,244.72234006099998,102.699255958
 11/18  17:00:00,247.116463669,125.78051327600001
 11/18  18:00:00,251.621611443,141.665139829
 11/18  19:00:00,234.552670536,167.20155482299998
 11/18  20:00:00,188.81526147099999,184.855130535
 11/18  21:00:00,177.75672055099997,191.79680937900002
 11/18  22:00:00,133.346034993,166.66862683
 11/18  23:00:00,85.0209239671,1.77125
 11/18  24:00:00,119.316642343,2.9157020349900002
 11/19  01:00:00,88.5174370163,1.77125
 11/19  02:00:00,80.9581860263,1.77125
 11/19  03:00:00,79.9811145219,2.91559139352
 11/19  04:00:00,78.8478444086,1.77125
 11/19  05:00:00,84.8057268498,1.77125
 11/19  06:00:00,83.9400678479,2.91551064694
 11/19  07:00:00,127.00106975,380.99908727
 11/19  08:00:00,124.015214455,333.212112786
 11/19  09:00:00,159.73467806,262.629998438
 11/19  10:00:00,133.946444617,225.42044722
 11/19  11:00:00,170.186027885,189.193465936
 11/19  12:00:00,202.40307334,168.99573858899998
 11/19  13:00:00,212.360424422,144.745030318
 11/19  14:00:00,211.021732123,133.964332354
 11/19  15:00:00,207.48205187,129.543079521
 11/19  16:00:00,203.92136499400002,131.60321879
 11/19  17:00:00,208.54566800799998,150.495792647
 11/19  18:00:00,185.869554041,190.764887696
 11/19  19:00:00,190.780667233,210.03169845
 11/19  20:00:00,170.91427594700002,235.57502769099997
 11/19  21:00:00,160.946576311,261.750875301
 11/19  22:00:00,145.942922816,223.11619113700002
 11/19  23:00:00,84.05000375350001,1.77125
 11/19  24:00:00,119.041366219,2.9155626388200004
 11/20  01:00:00,90.81089984309999,2.355
 11/20  02:00:00,83.0970483162,2.355
 11/20  03:00:00,82.502818003,2.355
 11/20  04:00:00,82.537564488,3.4992837090300006
 11/20  05:00:00,89.5616792318,2.355
 11/20  06:00:00,89.4547844226,2.355
 11/20  07:00:00,144.922584328,288.089983215
 11/20  08:00:00,143.010607105,251.844920433
 11/20  09:00:00,219.49946908599998,211.62339388200002
 11/20  10:00:00,248.86699916,161.254085726
 11/20  11:00:00,242.77954768,125.063818671
 11/20  12:00:00,275.30668022099997,89.7765260251
 11/20  13:00:00,260.474213943,69.99768174409999
 11/20  14:00:00,258.077993465,63.30520433229999
 11/20  15:00:00,252.487036345,66.200159983
 11/20  16:00:00,247.303740195,72.0748431021
 11/20  17:00:00,251.33907727099998,90.89604250469999
 11/20  18:00:00,255.75612633900002,108.252551613
 11/20  19:00:00,251.14680830900002,128.23203238
 11/20  20:00:00,234.45499673400002,145.119832269
 11/20  21:00:00,207.21312105400003,158.706221512
 11/20  22:00:00,147.680436375,136.217491825
 11/20  23:00:00,87.2780556188,3.4994923370599995
 11/20  24:00:00,121.37899457700001,2.355
 11/21  01:00:00,90.7805201245,3.4992353032
 11/21  02:00:00,82.3356873587,2.355
 11/21  03:00:00,80.5923166547,2.355
 11/21  04:00:00,79.1078414558,2.355
 11/21  05:00:00,101.090690685,3.4992443084699993
 11/21  06:00:00,100.663436985,2.355
 11/21  07:00:00,156.393185868,364.542211992
 11/21  08:00:00,144.350295664,338.68756522900003
 11/21  09:00:00,211.568150024,297.258267772
 11/21  10:00:00,235.66385332,256.461045288
 11/21  11:00:00,226.13778289,242.059812539
 11/21  12:00:00,257.004667911,223.398861351
 11/21  13:00:00,237.14831413,207.463699236
 11/21  14:00:00,234.189312375,204.860011372
 11/21  15:00:00,230.34965163400003,204.322476161
 11/21  16:00:00,226.87189706200002,205.358050764
 11/21  17:00:00,236.73012250099998,215.165780685
 11/21  18:00:00,239.93403416299998,223.579204392
 11/21  19:00:00,239.28628497,231.93931896200002
 11/21  20:00:00,216.54098727599998,239.51652437299998
 11/21  21:00:00,191.98456730200002,246.38117759
 11/21  22:00:00,136.423095474,217.77059761200002
 11/21  23:00:00,80.2113761458,3.49942432307
 11/21  24:00:00,115.776602988,2.355
 11/22  01:00:00,85.4631828588,2.355
 11/22  02:00:00,78.6741098905,3.4992655844
 11/22  03:00:00,78.4673609485,2.355
 11/22  04:00:00,78.3567540607,2.355
 11/22  05:00:00,84.901947732,2.355
 11/22  06:00:00,93.28452906,13.9654017588
 11/22  07:00:00,140.513206651,351.18392776800005
 11/22  08:00:00,136.108261257,332.521311703
 11/22  09:00:00,213.747812496,297.257606823
 11/22  10:00:00,239.88439127400002,265.268479873
 11/22  11:00:00,230.18871565900002,252.492755158
 11/22  12:00:00,260.590172741,238.407037429
 11/22  13:00:00,240.924572395,236.41248185900002
 11/22  14:00:00,237.80671874900003,232.03999694799998
 11/22  15:00:00,234.112120955,229.23126404200002
 11/22  16:00:00,230.915108333,227.76534851099998
 11/22  17:00:00,241.59824252299998,227.31619595700002
 11/22  18:00:00,244.932453177,232.697484559
 11/22  19:00:00,243.643445276,238.478496075
 11/22  20:00:00,228.57378988,243.319357138
 11/22  21:00:00,203.34333344,247.455440127
 11/22  22:00:00,145.825497485,215.87300741400003
 11/22  23:00:00,86.0459071559,2.355
 11/22  24:00:00,121.111273655,3.4993424709099994
 11/23  01:00:00,88.1365066618,1.77125
 11/23  02:00:00,80.790027515,1.77125
 11/23  03:00:00,80.0623668866,2.91555805898
 11/23  04:00:00,79.4942486413,1.77125
 11/23  05:00:00,85.6591138696,1.77125
 11/23  06:00:00,93.8684982733,14.5061187204
 11/23  07:00:00,128.336004023,400.345507882
 11/23  08:00:00,125.62981473399999,355.95817870699995
 11/23  09:00:00,161.013577404,315.541236442
 11/23  10:00:00,134.969922787,307.566638911
 11/23  11:00:00,170.186247545,282.901525566
 11/23  12:00:00,201.456304542,272.497573599
 11/23  13:00:00,209.74558043599998,245.595002827
 11/23  14:00:00,207.352135534,237.989382061
 11/23  15:00:00,202.76149290200001,240.226994733
 11/23  16:00:00,198.7396774,243.978463985
 11/23  17:00:00,207.00356371599997,261.41630235
 11/23  18:00:00,178.546643658,325.090077187
 11/23  19:00:00,183.819629628,360.753932598
 11/23  20:00:00,163.453562995,377.691657056
 11/23  21:00:00,154.916325689,382.62933364800006
 11/23  22:00:00,140.622965996,346.51299247599997
 11/23  23:00:00,77.011467091,1.77125
 11/23  24:00:00,112.85690329799999,2.9155442497099995
 11/24  01:00:00,92.21029780399999,22.1548600973
 11/24  02:00:00,86.36041401989999,25.1207089814
 11/24  03:00:00,90.6277222781,44.834493163999994
 11/24  04:00:00,92.0663360411,46.2123843218
 11/24  05:00:00,113.16985475700001,37.1319409536
 11/24  06:00:00,117.070817872,57.1501766793
 11/24  07:00:00,156.08771755,503.897208023
 11/24  08:00:00,147.362101275,468.443640905
 11/24  09:00:00,211.174185079,431.31036749099997
 11/24  10:00:00,235.073117149,392.690253795
 11/24  11:00:00,225.31749555599998,368.408291456
 11/24  12:00:00,256.262967329,343.958939804
 11/24  13:00:00,235.962097927,316.949807573
 11/24  14:00:00,232.644959075,298.447395749
 11/24  15:00:00,228.889648358,288.92030107200003
 11/24  16:00:00,225.48502989099998,287.848367747
 11/24  17:00:00,235.62805893900003,301.315584311
 11/24  18:00:00,238.96194818900003,314.21474443799997
 11/24  19:00:00,238.44411138,330.278533532
 11/24  20:00:00,215.57575193099999,342.844348949
 11/24  21:00:00,191.05400392599998,358.932630561
 11/24  22:00:00,135.725142923,340.39721752400004
 11/24  23:00:00,79.07765932859999,2.355
 11/24  24:00:00,115.06915956299999,2.355
 11/25  01:00:00,90.302671676,22.472885601199998
 11/25  02:00:00,88.4862520074,36.347054573899996
 11/25  03:00:00,88.67989837040001,37.708061502199996
 11/25  04:00:00,84.4865072074,26.8038206721
 11/25  05:00:00,95.3246903916,40.100716884200004
 11/25  06:00:00,94.88416984450001,37.5253320132
 11/25  07:00:00,125.441712324,449.279405135
 11/25  08:00:00,124.236877762,401.28329488400004
 11/25  09:00:00,183.81841826599998,348.823987444
 11/25  10:00:00,201.381045389,288.745051016
 11/25  11:00:00,226.41187019,248.86198908
 11/25  12:00:00,257.340155385,218.052147951
 11/25  13:00:00,237.83781187900001,202.812734953
 11/25  14:00:00,234.829990787,189.10540848099998
 11/25  15:00:00,231.24689353,182.253132337
 11/25  16:00:00,227.726936511,187.375254435
 11/25  17:00:00,237.515945918,203.029146683
 11/25  18:00:00,240.27014364299998,227.29590716099997
 11/25  19:00:00,225.68688735799998,245.42334415599998
 11/25  20:00:00,180.07550935400002,257.84557567
 11/25  21:00:00,169.482882495,282.935667629
 11/25  22:00:00,126.66023941600001,256.534984994
 11/25  23:00:00,77.5177669431,1.77125
 11/25  24:00:00,113.086784865,2.91570640023
 11/26  01:00:00,82.2170516907,1.77125
 11/26  02:00:00,75.53040562560001,2.9155444270200004
 11/26  03:00:00,88.6354349973,26.3272934959
 11/26  04:00:00,88.6388099475,27.7219221751
 11/26  05:00:00,90.974992605,25.611181716399997
 11/26  06:00:00,95.08128033530001,43.627223164499995
 11/26  07:00:00,125.518364797,512.530667264
 11/26  08:00:00,124.328013952,472.26629575699997
 11/26  09:00:00,156.34457422100002,395.062587082
 11/26  10:00:00,128.886101575,363.70161185300003
 11/26  11:00:00,163.796385534,316.22886870400004
 11/26  12:00:00,195.29848340400002,294.62774873
 11/26  13:00:00,202.996984174,256.399071291
 11/26  14:00:00,200.848479145,230.347642533
 11/26  15:00:00,197.16767967299998,218.48045902400003
 11/26  16:00:00,193.681999096,217.357279075
 11/26  17:00:00,203.52953731099998,222.53649336400002
 11/26  18:00:00,178.26323539900002,256.528296129
 11/26  19:00:00,184.66169816299998,274.133594929
 11/26  20:00:00,164.447816837,286.962556844
 11/26  21:00:00,155.86186706200002,287.857868409
 11/26  22:00:00,141.66509808700002,246.71905186400002
 11/26  23:00:00,78.5061052097,2.91560732272
 11/26  24:00:00,114.270722636,1.77125
 11/27  01:00:00,86.4165124698,2.355
 11/27  02:00:00,79.2008698289,2.355
 11/27  03:00:00,78.5805407786,3.4992972608999997
 11/27  04:00:00,82.5563929626,9.34477488584
 11/27  05:00:00,93.52123011469999,16.2441464679
 11/27  06:00:00,97.406640455,24.6321483961
 11/27  07:00:00,139.955483325,391.221196687
 11/27  08:00:00,138.872239692,360.260840046
 11/27  09:00:00,211.590892959,313.937953243
 11/27  10:00:00,237.30015408900002,259.247731857
 11/27  11:00:00,229.239080897,229.89516433
 11/27  12:00:00,260.518434002,199.749480865
 11/27  13:00:00,241.589680063,183.67726215599998
 11/27  14:00:00,237.841182255,179.862975987
 11/27  15:00:00,231.50386473400002,187.41551863900003
 11/27  16:00:00,227.111578477,198.36795739099998
 11/27  17:00:00,236.77734565900002,215.79580855
 11/27  18:00:00,239.906607997,230.73495639400002
 11/27  19:00:00,238.93493265900003,246.58042061400002
 11/27  20:00:00,222.549712928,260.768420395
 11/27  21:00:00,197.735939498,271.916159132
 11/27  22:00:00,140.73017572,245.66111297400002
 11/27  23:00:00,79.6818293597,2.355
 11/27  24:00:00,115.319075581,3.49929856131
 11/28  01:00:00,84.39370458409999,2.355
 11/28  02:00:00,77.7630681251,2.355
 11/28  03:00:00,81.9510954921,11.5294244901
 11/28  04:00:00,90.8729409907,25.8946856681
 11/28  05:00:00,108.91975445,20.517991091400003
 11/28  06:00:00,113.176564232,33.7703677329
 11/28  07:00:00,156.278100747,416.502769016
 11/28  08:00:00,147.733206004,381.2835341
 11/28  09:00:00,211.43471877599998,347.148449469
 11/28  10:00:00,235.63078229400003,306.51639799099996
 11/28  11:00:00,225.888434834,299.10866721
 11/28  12:00:00,256.51946435400004,285.389809272
 11/28  13:00:00,236.338720995,279.739203582
 11/28  14:00:00,233.142184063,275.837057062
 11/28  15:00:00,229.248203811,276.730357332
 11/28  16:00:00,225.81320664,278.005036536
 11/28  17:00:00,235.979553305,281.523432037
 11/28  18:00:00,239.36095236,285.780900114
 11/28  19:00:00,238.706300906,290.664833108
 11/28  20:00:00,215.92175069200002,296.850880538
 11/28  21:00:00,191.47469183400003,306.192019928
 11/28  22:00:00,135.940859122,285.02532847
 11/28  23:00:00,79.47131219939999,2.355
 11/28  24:00:00,115.21954176,3.4993473808599997
 11/29  01:00:00,84.0722451437,2.355
 11/29  02:00:00,86.4349177207,18.516569802
 11/29  03:00:00,90.7413895781,33.0824706173
 11/29  04:00:00,90.77319105469999,34.8301894671
 11/29  05:00:00,93.370407751,27.536313136999997
 11/29  06:00:00,99.5894774609,48.9036677893
 11/29  07:00:00,139.680197588,475.678251566
 11/29  08:00:00,138.431263695,433.177146993
 11/29  09:00:00,211.256682575,388.690054505
 11/29  10:00:00,235.429137682,342.619082707
 11/29  11:00:00,225.632696873,313.617592865
 11/29  12:00:00,256.404384848,287.204573
 11/29  13:00:00,236.536863173,257.09999262900004
 11/29  14:00:00,233.897179905,229.802997282
 11/29  15:00:00,230.45450675,211.808859845
 11/29  16:00:00,227.36446362900003,199.402941645
 11/29  17:00:00,237.476517958,204.441988386
 11/29  18:00:00,240.59715503599998,214.565175846
 11/29  19:00:00,239.813888266,227.669723959
 11/29  20:00:00,223.69512521400003,233.486453978
 11/29  21:00:00,198.777776058,238.74322459799998
 11/29  22:00:00,141.71049417,210.740231841
 11/29  23:00:00,80.8717234864,2.355
 11/29  24:00:00,116.365676327,3.49934395109
 11/30  01:00:00,85.8870847524,2.355
 11/30  02:00:00,78.4629781753,2.355
 11/30  03:00:00,77.9776981509,3.49925897996
 11/30  04:00:00,91.0860983087,24.2617524143
 11/30  05:00:00,97.7353376289,23.5443872431
 11/30  06:00:00,92.9705292636,19.7234645828
 11/30  07:00:00,139.857290347,413.63859222599996
 11/30  08:00:00,138.84337441600002,366.865236733
 11/30  09:00:00,211.872405912,310.251271625
 11/30  10:00:00,237.17008853099998,250.64361143
 11/30  11:00:00,228.99427101900002,210.471999512
 11/30  12:00:00,264.874719273,144.484188772
 11/30  13:00:00,249.98493837400002,113.74609413399999
 11/30  14:00:00,244.681153679,119.726098151
 11/30  15:00:00,238.101992578,133.517394353
 11/30  16:00:00,234.23955706099997,148.394741651
 11/30  17:00:00,243.859390845,166.42933604700002
 11/30  18:00:00,245.62500746,183.76666359
 11/30  19:00:00,242.36953142,197.845641353
 11/30  20:00:00,224.293258155,214.348047465
 11/30  21:00:00,198.710514406,228.720627765
 11/30  22:00:00,141.33346145299998,207.35044716
 11/30  23:00:00,79.953363407,2.355
 11/30  24:00:00,115.340374806,3.49937506122
 12/01  01:00:00,84.328624043,2.355
 12/01  02:00:00,77.7146814365,2.355
 12/01  03:00:00,86.2788813209,22.717773091599998
 12/01  04:00:00,86.3365353289,25.3491426762
 12/01  05:00:00,113.159474934,44.1422855246
 12/01  06:00:00,113.591109264,46.2688094483
 12/01  07:00:00,156.114551686,482.738324088
 12/01  08:00:00,147.429103894,447.845422827
 12/01  09:00:00,211.221164937,409.209013668
 12/01  10:00:00,235.125925757,363.490845173
 12/01  11:00:00,225.388671667,342.884267845
 12/01  12:00:00,256.29269459799997,320.89431272
 12/01  13:00:00,236.00980744900002,305.193061162
 12/01  14:00:00,232.668321584,297.842367984
 12/01  15:00:00,228.83614432599998,296.768247879
 12/01  16:00:00,225.406098525,303.48900726799997
 12/01  17:00:00,235.57350693400002,332.422778214
 12/01  18:00:00,238.927898169,347.313890915
 12/01  19:00:00,238.430460996,371.806391569
 12/01  20:00:00,215.527469433,384.711925151
 12/01  21:00:00,190.988289322,392.44093627800004
 12/01  22:00:00,135.67007585,378.95627035900003
 12/01  23:00:00,78.82175655420001,2.355
 12/01  24:00:00,123.71925922700001,31.9048468044
 12/02  01:00:00,91.69923052819999,35.4420648797
 12/02  02:00:00,92.6091884099,68.05604777
 12/02  03:00:00,93.9310331625,76.8986861415
 12/02  04:00:00,88.7671737048,62.8539742523
 12/02  05:00:00,99.4543418674,100.545677929
 12/02  06:00:00,100.697823559,107.520373584
 12/02  07:00:00,125.225798155,612.327688863
 12/02  08:00:00,123.79047357600001,556.086655241
 12/02  09:00:00,183.527558298,511.829996554
 12/02  10:00:00,200.446297514,461.466965894
 12/02  11:00:00,225.14784825900003,423.35923088
 12/02  12:00:00,256.17615871,389.51865099800006
 12/02  13:00:00,235.945341362,364.447391506
 12/02  14:00:00,232.461187661,347.31960867699996
 12/02  15:00:00,228.67592280000002,335.131696942
 12/02  16:00:00,225.27226326099998,329.366963852
 12/02  17:00:00,235.46431468400002,326.704892731
 12/02  18:00:00,238.860727516,326.520824292
 12/02  19:00:00,224.653486399,347.362379603
 12/02  20:00:00,179.00533101,369.801346565
 12/02  21:00:00,168.743819867,379.85777647599997
 12/02  22:00:00,126.253333661,352.23500081300006
 12/02  23:00:00,76.7565812944,2.91582573108
 12/02  24:00:00,117.135534124,13.1073270727
 12/03  01:00:00,94.74471479540001,34.5621587419
 12/03  02:00:00,84.5260276201,24.9413716771
 12/03  03:00:00,88.77256780719999,41.8186181015
 12/03  04:00:00,92.1244844783,41.0699423409
 12/03  05:00:00,95.46517131959999,31.5177678052
 12/03  06:00:00,99.327743644,49.969313746000005
 12/03  07:00:00,125.48198519200001,506.903516256
 12/03  08:00:00,124.33170733,461.109011806
 12/03  09:00:00,156.357629436,407.16333040300003
 12/03  10:00:00,129.041949709,394.57146419099996
 12/03  11:00:00,163.710140695,367.330790332
 12/03  12:00:00,194.941083465,356.28710461599997
 12/03  13:00:00,202.22448921900002,330.283026938
 12/03  14:00:00,199.517659738,321.621523519
 12/03  15:00:00,195.66409190299998,315.840776602
 12/03  16:00:00,192.23135107299998,319.465380135
 12/03  17:00:00,202.340731777,331.91923168799997
 12/03  18:00:00,177.16321721,401.961407049
 12/03  19:00:00,183.56638663599998,424.195898405
 12/03  20:00:00,163.35628011,429.484145344
 12/03  21:00:00,154.651359382,435.160432777
 12/03  22:00:00,140.50265637299998,401.490758645
 12/03  23:00:00,76.7078208108,1.77125
 12/03  24:00:00,121.500312938,25.1910360759
 12/04  01:00:00,92.5373819117,28.403371669299997
 12/04  02:00:00,92.7954578648,49.8008596708
 12/04  03:00:00,94.7778133639,53.7113053107
 12/04  04:00:00,91.26540214290002,42.8925172855
 12/04  05:00:00,102.782054051,60.931156389899996
 12/04  06:00:00,101.36430944799999,63.7496335626
 12/04  07:00:00,139.492130314,557.132950854
 12/04  08:00:00,138.084203103,524.137984209
 12/04  09:00:00,211.017970375,479.714705726
 12/04  10:00:00,234.91577106,424.803508879
 12/04  11:00:00,225.15262412299998,399.340606644
 12/04  12:00:00,256.191663331,368.23923314800004
 12/04  13:00:00,235.94356880200002,350.505459057
 12/04  14:00:00,232.61111659,333.582351965
 12/04  15:00:00,228.866532669,316.73563295599996
 12/04  16:00:00,225.49646166,302.09711406900004
 12/04  17:00:00,235.722203594,298.292785198
 12/04  18:00:00,239.131458575,301.300152694
 12/04  19:00:00,238.581751284,307.765108085
 12/04  20:00:00,222.506170937,319.29259269999994
 12/04  21:00:00,197.49642915200002,316.854796458
 12/04  22:00:00,140.65205859,280.150754023
 12/04  23:00:00,79.455913448,3.4994214680800004
 12/04  24:00:00,115.217294656,2.355
 12/05  01:00:00,84.2646351154,2.355
 12/05  02:00:00,86.4529777051,18.4866410625
 12/05  03:00:00,90.771517664,27.4814294408
 12/05  04:00:00,90.8267486636,27.228864753000003
 12/05  05:00:00,109.23220074700001,21.2900866902
 12/05  06:00:00,113.45638334200001,34.5285844775
 12/05  07:00:00,156.240301847,416.48073625
 12/05  08:00:00,147.64675003899998,375.930375557
 12/05  09:00:00,211.351097634,336.61213737400004
 12/05  10:00:00,235.54019878,295.921297585
 12/05  11:00:00,225.90160126599997,274.334073854
 12/05  12:00:00,256.64957183,252.99159149599998
 12/05  13:00:00,236.621024643,245.880645388
 12/05  14:00:00,233.40673662400002,242.68562313200002
 12/05  15:00:00,229.327317765,248.542380461
 12/05  16:00:00,225.802789822,254.42268714
 12/05  17:00:00,235.966272099,264.115392535
 12/05  18:00:00,239.29655955099997,282.21439435
 12/05  19:00:00,238.627282067,298.984790883
 12/05  20:00:00,215.756448505,316.96527424
 12/05  21:00:00,191.24978033,336.604755507
 12/05  22:00:00,135.774323136,328.500841904
 12/05  23:00:00,79.0762665652,3.4994848856800003
 12/05  24:00:00,115.038930138,2.355
 12/06  01:00:00,96.6005698863,41.177914825500004
 12/06  02:00:00,91.01803667860001,48.4974385713
 12/06  03:00:00,92.1006902738,43.7291449607
 12/06  04:00:00,96.0421610291,72.8565388831
 12/06  05:00:00,101.11181759,75.16102652939999
 12/06  06:00:00,98.11415819700001,65.3242267508
 12/06  07:00:00,139.201827496,597.072919895
 12/06  08:00:00,137.992812169,548.963352131
 12/06  09:00:00,211.00351133599997,493.575254974
 12/06  10:00:00,234.8828926,439.66523382599996
 12/06  11:00:00,225.104929457,413.564158547
 12/06  12:00:00,256.140489009,390.69559013099996
 12/06  13:00:00,235.87142470400002,369.884962482
 12/06  14:00:00,232.361165139,359.668664946
 12/06  15:00:00,228.588052309,359.340817762
 12/06  16:00:00,225.169790032,366.325916154
 12/06  17:00:00,235.355142924,390.209373435
 12/06  18:00:00,238.72889306,413.512276617
 12/06  19:00:00,238.34566212,438.43612855599997
 12/06  20:00:00,222.042070604,451.038772002
 12/06  21:00:00,197.024020672,467.028177614
 12/06  22:00:00,140.373834956,446.91270064099996
 12/06  23:00:00,80.7421523041,9.18597012005
 12/06  24:00:00,130.447070874,56.9365602717
 12/07  01:00:00,97.43850428510001,52.742249139399995
 12/07  02:00:00,95.1915901158,85.6660597633
 12/07  03:00:00,96.10808807020001,90.4092606554
 12/07  04:00:00,91.00161980840001,71.82975805550001
 12/07  05:00:00,101.649532001,106.388215283
 12/07  06:00:00,102.95680491899999,109.123921861
 12/07  07:00:00,139.43288998,603.708126059
 12/07  08:00:00,141.375956577,554.093155724
 12/07  09:00:00,211.00306666900002,514.633805811
 12/07  10:00:00,234.995733633,473.298544558
 12/07  11:00:00,225.116727936,451.466331828
 12/07  12:00:00,256.152348482,426.93614332
 12/07  13:00:00,235.92346408900002,410.53859298699996
 12/07  14:00:00,232.40686862400003,405.28618607199996
 12/07  15:00:00,228.619425494,399.54064656800006
 12/07  16:00:00,225.206312006,393.22886025199995
 12/07  17:00:00,235.392474163,401.617203216
 12/07  18:00:00,238.76708992099998,410.568732898
 12/07  19:00:00,238.359333866,428.926016535
 12/07  20:00:00,222.08451697799998,445.82578568900004
 12/07  21:00:00,197.06807516599997,464.325889865
 12/07  22:00:00,140.38601614200002,446.775515378
 12/07  23:00:00,80.7077848042,9.42784744972
 12/07  24:00:00,131.316117321,67.77121958560001
 12/08  01:00:00,98.2707367376,65.8118781984
 12/08  02:00:00,95.8698677901,107.09576409600001
 12/08  03:00:00,95.4552273335,118.235861453
 12/08  04:00:00,93.65830569299999,111.527139136
 12/08  05:00:00,121.570982909,162.794820542
 12/08  06:00:00,119.82225945,158.401527403
 12/08  07:00:00,155.889573665,687.496098019
 12/08  08:00:00,150.448888443,625.066178269
 12/08  09:00:00,211.069576816,568.422066375
 12/08  10:00:00,234.927940702,504.449631324
 12/08  11:00:00,225.077147506,461.931809725
 12/08  12:00:00,256.12916226,421.21638821199997
 12/08  13:00:00,235.90324568,384.309557951
 12/08  14:00:00,232.385581029,358.63968128199997
 12/08  15:00:00,228.610763407,345.78591834599996
 12/08  16:00:00,225.197658899,341.742737511
 12/08  17:00:00,235.38393637099998,365.00464779199996
 12/08  18:00:00,238.759621346,387.057321005
 12/08  19:00:00,238.35586391799998,403.72969288
 12/08  20:00:00,215.498444594,418.576067545
 12/08  21:00:00,190.88954558900002,436.894995008
 12/08  22:00:00,135.639207511,421.08383641800003
 12/08  23:00:00,80.8009696379,10.495173835900001
 12/08  24:00:00,131.254048459,61.137234166499994
 12/09  01:00:00,95.1357962326,61.5239915934
 12/09  02:00:00,93.6141504589,100.654540662
 12/09  03:00:00,93.34988373620001,97.54939735
 12/09  04:00:00,90.51994699709999,94.02079816860001
 12/09  05:00:00,102.886488175,142.44177588
 12/09  06:00:00,102.817701925,141.907801289
 12/09  07:00:00,125.207708365,656.0870570430001
 12/09  08:00:00,127.13609173399999,619.889720503
 12/09  09:00:00,183.506651738,575.221550254
 12/09  10:00:00,200.401552005,516.236030712
 12/09  11:00:00,225.077295427,472.096024068
 12/09  12:00:00,256.126686698,442.159530499
 12/09  13:00:00,235.89148105,424.064802472
 12/09  14:00:00,232.348743022,410.966620304
 12/09  15:00:00,228.56724760900002,402.97147109300005
 12/09  16:00:00,225.146066098,409.333697107
 12/09  17:00:00,235.324995705,436.242298343
 12/09  18:00:00,238.703399107,462.51164936
 12/09  19:00:00,224.589912457,497.456016289
 12/09  20:00:00,178.844726173,526.679974885
 12/09  21:00:00,168.528215955,542.857898936
 12/09  22:00:00,126.131805982,519.07060174
 12/09  23:00:00,83.3853577066,32.3561219383
 12/09  24:00:00,127.227859795,68.47642981189999
 12/10  01:00:00,100.23929631899999,122.12533725
 12/10  02:00:00,95.23855971459999,142.10044384100001
 12/10  03:00:00,92.93753438809999,136.52305113
 12/10  04:00:00,96.22704702520001,178.904603299
 12/10  05:00:00,101.905222584,170.02850878299998
 12/10  06:00:00,99.0155215668,157.434499902
 12/10  07:00:00,124.776147454,799.758101708
 12/10  08:00:00,127.076397589,750.268475895
 12/10  09:00:00,156.00352545299998,638.6140750330001
 12/10  10:00:00,128.298647465,604.930284895
 12/10  11:00:00,162.977318925,545.857140221
 12/10  12:00:00,194.56983804799998,500.770379681
 12/10  13:00:00,201.749437576,447.857616344
 12/10  14:00:00,198.694074476,423.66661146
 12/10  15:00:00,194.940286935,410.479511731
 12/10  16:00:00,191.542137478,399.515586073
 12/10  17:00:00,201.747506131,395.06261308
 12/10  18:00:00,176.71019806400002,452.320176869
 12/10  19:00:00,183.38016038799998,462.968658399
 12/10  20:00:00,163.350840006,463.92527373800004
 12/10  21:00:00,154.435649015,467.42862922300003
 12/10  22:00:00,140.409488533,421.05836767
 12/10  23:00:00,76.5548831152,1.77125
 12/10  24:00:00,121.716585184,25.4774441954
 12/11  01:00:00,93.7492985808,30.9481201623
 12/11  02:00:00,95.9169097933,52.566027240100006
 12/11  03:00:00,95.6237452723,53.0808769191
 12/11  04:00:00,91.03602286729999,44.032059356000005
 12/11  05:00:00,102.91719482100001,66.4829717966
 12/11  06:00:00,101.777253086,62.0304185346
 12/11  07:00:00,139.536471997,507.212584891
 12/11  08:00:00,141.615767197,456.434528935
 12/11  09:00:00,211.11747425599998,413.55525176199995
 12/11  10:00:00,235.30232926099998,364.150597555
 12/11  11:00:00,225.465275785,337.058912202
 12/11  12:00:00,256.354267302,314.226583547
 12/11  13:00:00,236.29289705,299.714458213
 12/11  14:00:00,232.977537457,289.326639637
 12/11  15:00:00,229.16625275099997,277.960065025
 12/11  16:00:00,225.798506891,267.225590878
 12/11  17:00:00,236.031402528,262.317845676
 12/11  18:00:00,239.544099482,260.18165298099996
 12/11  19:00:00,239.009253835,261.888839828
 12/11  20:00:00,223.14294312799998,263.41090676700003
 12/11  21:00:00,198.260134475,265.634279226
 12/11  22:00:00,140.974369025,249.22996269900003
 12/11  23:00:00,79.7339531824,2.355
 12/11  24:00:00,115.34151308,3.49934592994
 12/12  01:00:00,84.5446567889,2.355
 12/12  02:00:00,82.1980666444,9.66027907311
 12/12  03:00:00,91.0780011963,24.3039126
 12/12  04:00:00,86.66274113850001,17.826497654
 12/12  05:00:00,113.36051888799999,28.866218928600002
 12/12  06:00:00,113.88879074200001,29.0963394914
 12/12  07:00:00,156.56827634,405.319519898
 12/12  08:00:00,151.57449423100002,362.35763838400004
 12/12  09:00:00,211.905081401,318.746425375
 12/12  10:00:00,236.12285389599998,279.170722924
 12/12  11:00:00,226.607707325,258.88084232299997
 12/12  12:00:00,257.26031986,232.792899788
 12/12  13:00:00,237.31601036799998,226.39030774
 12/12  14:00:00,234.25149196700002,218.705922021
 12/12  15:00:00,230.47277395400002,210.258639096
 12/12  16:00:00,226.93629544599997,213.227550197
 12/12  17:00:00,236.93399046099998,221.186110383
 12/12  18:00:00,240.257207586,227.27565061599998
 12/12  19:00:00,239.439137447,237.96594948
 12/12  20:00:00,216.657145098,247.318089763
 12/12  21:00:00,192.219700456,252.01180681099999
 12/12  22:00:00,136.800605584,213.95221884900002
 12/12  23:00:00,80.6329539815,3.4995060526099997
 12/12  24:00:00,115.556783365,2.355
 12/13  01:00:00,84.6737050971,3.49923081136
 12/13  02:00:00,77.8482267471,2.355
 12/13  03:00:00,86.44247036440001,16.486709418
 12/13  04:00:00,86.4351031671,18.220448345599998
 12/13  05:00:00,93.04911162370001,20.8583515174
 12/13  06:00:00,96.84265304430001,33.7191352652
 12/13  07:00:00,139.682899732,434.33340357
 12/13  08:00:00,141.749602145,415.645482053
 12/13  09:00:00,211.14337181,380.218080498
 12/13  10:00:00,235.081717573,333.770574824
 12/13  11:00:00,225.370523657,312.543566232
 12/13  12:00:00,256.28510726900004,300.961163158
 12/13  13:00:00,235.90469580799999,290.779506307
 12/13  14:00:00,232.658635447,282.74259820099996
 12/13  15:00:00,228.87356336599998,276.515040602
 12/13  16:00:00,225.463134422,274.143329953
 12/13  17:00:00,235.655369255,287.026237076
 12/13  18:00:00,239.030078695,304.44647881
 12/13  19:00:00,238.493696225,320.817971548
 12/13  20:00:00,222.258379313,325.688529113
 12/13  21:00:00,197.314547327,327.010301534
 12/13  22:00:00,140.527250342,302.171033486
 12/13  23:00:00,79.23681193520001,2.355
 12/13  24:00:00,115.128575149,3.49931380585
 12/14  01:00:00,88.2347664623,11.9570007688
 12/14  02:00:00,90.6715802109,31.6966244388
 12/14  03:00:00,86.4262621188,27.2687043547
 12/14  04:00:00,90.9834193603,44.1625217791
 12/14  05:00:00,101.49331243700001,46.5960732263
 12/14  06:00:00,97.4008272909,37.1240860885
 12/14  07:00:00,139.412349821,477.63916119699996
 12/14  08:00:00,141.66365107200002,422.644239811
 12/14  09:00:00,211.14272750700002,378.100595208
 12/14  10:00:00,235.272296527,328.489395141
 12/14  11:00:00,225.45569953700002,299.23075777599996
 12/14  12:00:00,256.392182177,273.007691185
 12/14  13:00:00,236.78184576400002,244.59861634900003
 12/14  14:00:00,233.98279999099998,219.848776083
 12/14  15:00:00,230.264611274,218.08132383
 12/14  16:00:00,226.77749278599998,219.18749933200002
 12/14  17:00:00,236.886495978,222.631840058
 12/14  18:00:00,240.12280813599997,232.147822092
 12/14  19:00:00,239.290778135,244.100114649
 12/14  20:00:00,223.11877104799999,256.428658342
 12/14  21:00:00,197.889167465,269.367187081
 12/14  22:00:00,140.75485056600002,248.687220317
 12/14  23:00:00,79.6207135287,3.4995097191199993
 12/14  24:00:00,115.267094973,2.355
 12/15  01:00:00,84.2311696764,3.4992630603400006
 12/15  02:00:00,86.4093882895,18.4236962006
 12/15  03:00:00,86.5035074665,19.683181258
 12/15  04:00:00,90.72153355200001,33.960339939899995
 12/15  05:00:00,113.52683501799999,39.5787270578
 12/15  06:00:00,109.242471525,26.8282119902
 12/15  07:00:00,156.12566200700002,448.319986466
 12/15  08:00:00,151.05861662700002,408.30023161199995
 12/15  09:00:00,211.35943697,352.991122598
 12/15  10:00:00,235.44269754299998,288.619600319
 12/15  11:00:00,226.383135229,247.332178815
 12/15  12:00:00,257.390681585,212.911867919
 12/15  13:00:00,237.76812232400002,197.468463914
 12/15  14:00:00,234.90952090599998,186.910311808
 12/15  15:00:00,231.28414219799998,180.068454522
 12/15  16:00:00,227.61468173400002,185.958928234
 12/15  17:00:00,237.20948146400002,206.58752032400002
 12/15  18:00:00,239.994568568,228.828410072
 12/15  19:00:00,238.923453404,249.758024234
 12/15  20:00:00,216.122125245,261.777644131
 12/15  21:00:00,191.63828932400003,270.866172888
 12/15  22:00:00,136.029556738,249.46296075200001
 12/15  23:00:00,79.6946095941,2.355
 12/15  24:00:00,115.30827279999998,3.49932109997
 12/16  01:00:00,82.1252349045,1.77125
 12/16  02:00:00,75.5003876607,2.91565899625
 12/16  03:00:00,84.2601350666,15.4444309396
 12/16  04:00:00,88.5992939749,24.7923534411
 12/16  05:00:00,95.23979712159999,27.0820065056
 12/16  06:00:00,90.4329150367,19.5388883353
 12/16  07:00:00,125.591201452,413.336103296
 12/16  08:00:00,128.038704906,368.40290813
 12/16  09:00:00,184.16789084,335.091150106
 12/16  10:00:00,201.64255772200002,288.659889419
 12/16  11:00:00,226.441446722,263.77546826400004
 12/16  12:00:00,256.909678015,249.414155661
 12/16  13:00:00,236.904546669,244.51862879700002
 12/16  14:00:00,233.744775812,244.31285182
 12/16  15:00:00,229.894411765,234.86086919999997
 12/16  16:00:00,226.363588927,235.81335322400002
 12/16  17:00:00,236.305949992,248.79988134299998
 12/16  18:00:00,239.62816669999998,267.967359778
 12/16  19:00:00,225.05365023599998,294.630565725
 12/16  20:00:00,179.394534363,312.14108033
 12/16  21:00:00,169.260639811,329.954637427
 12/16  22:00:00,126.47884571899999,316.213094051
 12/16  23:00:00,77.0946942056,1.77125
 12/16  24:00:00,112.881383144,2.9157525798400004
 12/17  01:00:00,90.2739414388,19.1108468483
 12/17  02:00:00,88.4548268334,34.6892703725
 12/17  03:00:00,88.7865432216,42.1418260942
 12/17  04:00:00,85.8234928125,32.0908825842
 12/17  05:00:00,98.8857242687,53.9930373995
 12/17  06:00:00,100.40471520700001,57.0240269624
 12/17  07:00:00,125.426669674,545.398086787
 12/17  08:00:00,127.53187279299999,511.96503947
 12/17  09:00:00,156.210683345,432.21007295
 12/17  10:00:00,128.62780883,397.36847974
 12/17  11:00:00,163.433109765,349.85274100099997
 12/17  12:00:00,194.809812565,315.695859691
 12/17  13:00:00,202.213233525,267.93281413
 12/17  14:00:00,199.714869727,250.78177309900002
 12/17  15:00:00,196.064064655,241.21440283799998
 12/17  16:00:00,192.529120386,245.32066232
 12/17  17:00:00,202.33215662799998,261.878619568
 12/17  18:00:00,177.096218605,311.36612147200003
 12/17  19:00:00,183.578676581,338.507580816
 12/17  20:00:00,163.545092708,349.35903976099996
 12/17  21:00:00,154.756173559,348.23400600699995
 12/17  22:00:00,140.57612267,306.22204778599996
 12/17  23:00:00,77.0993890862,1.77125
 12/17  24:00:00,112.92475994600001,2.9155589050099997
 12/18  01:00:00,84.284738153,2.355
 12/18  02:00:00,77.6457073414,2.355
 12/18  03:00:00,86.5782701403,16.1668458542
 12/18  04:00:00,90.9842945628,23.5703819381
 12/18  05:00:00,97.48544791719999,25.270500058299998
 12/18  06:00:00,92.57135988739999,20.891615559
 12/18  07:00:00,139.59761837899998,427.60815466900004
 12/18  08:00:00,141.90094588899998,388.833764627
 12/18  09:00:00,211.286842889,346.408637005
 12/18  10:00:00,235.541911675,300.374550388
 12/18  11:00:00,225.854000206,276.79520482
 12/18  12:00:00,256.905571962,245.64460056
 12/18  13:00:00,237.226377187,225.926026323
 12/18  14:00:00,234.06984697599998,219.848078958
 12/18  15:00:00,230.09485845900002,220.47635506700001
 12/18  16:00:00,226.54859252900002,222.55631685900002
 12/18  17:00:00,236.50036145200002,234.778284948
 12/18  18:00:00,239.66489809,245.24968026599998
 12/18  19:00:00,238.808685712,257.542766605
 12/18  20:00:00,222.575844803,271.197909172
 12/18  21:00:00,197.661827626,278.688836316
 12/18  22:00:00,140.77468040600002,244.53544414700002
 12/18  23:00:00,79.7138730136,3.4994914710100002
 12/18  24:00:00,115.298278796,2.355
 12/19  01:00:00,84.4200685387,3.4992464684500004
 12/19  02:00:00,77.71376471010001,2.355
 12/19  03:00:00,90.8622321511,25.6703323679
 12/19  04:00:00,90.8992590582,27.269633218000003
 12/19  05:00:00,108.94091699,23.530487999400002
 12/19  06:00:00,113.17189390899999,36.919573551300005
 12/19  07:00:00,156.30744293799998,431.732408585
 12/19  08:00:00,151.169181019,392.003742086
 12/19  09:00:00,211.427939167,350.469201479
 12/19  10:00:00,235.534868044,310.800639698
 12/19  11:00:00,225.75735662099999,298.393908512
 12/19  12:00:00,256.476620935,280.744031508
 12/19  13:00:00,236.2781295,269.599927338
 12/19  14:00:00,233.26537988099997,260.226329842
 12/19  15:00:00,229.502041688,253.96828826799998
 12/19  16:00:00,226.108523789,249.287602692
 12/19  17:00:00,236.311132215,249.944088978
 12/19  18:00:00,239.57794199900002,260.728181018
 12/19  19:00:00,238.835031728,272.943020852
 12/19  20:00:00,216.162353765,277.307743334
 12/19  21:00:00,191.669779279,283.136545795
 12/19  22:00:00,136.062962202,260.307726758
 12/19  23:00:00,79.70141417020001,3.4994395462
 12/19  24:00:00,115.33227741399999,2.355
 12/20  01:00:00,84.4501975217,2.355
 12/20  02:00:00,77.8596052524,3.49929237881
 12/20  03:00:00,86.62161437620001,16.0300553809
 12/20  04:00:00,90.9675972571,24.7614801844
 12/20  05:00:00,97.62017337489999,25.8298274169
 12/20  06:00:00,92.8109498723,21.666620806799997
 12/20  07:00:00,139.768886657,414.622428707
 12/20  08:00:00,142.148709559,372.84205394
 12/20  09:00:00,211.461462676,336.286204408
 12/20  10:00:00,236.45850926,301.32763706599997
 12/20  11:00:00,228.192764066,289.305421229
 12/20  12:00:00,259.398594533,276.739632049
 12/20  13:00:00,239.93317638099998,269.19774009400004
 12/20  14:00:00,236.883323647,261.907126061
 12/20  15:00:00,232.477590694,258.639386846
 12/20  16:00:00,229.035845113,255.83233447700002
 12/20  17:00:00,238.92711718900003,263.571897868
 12/20  18:00:00,241.50818201799999,272.307668943
 12/20  19:00:00,239.965318142,283.143917599
 12/20  20:00:00,223.110193022,303.41406408
 12/20  21:00:00,197.93598575599998,319.86887370200003
 12/20  22:00:00,140.83064684299998,306.559966969
 12/20  23:00:00,79.5407300955,2.355
 12/20  24:00:00,115.21137127,3.49936063293
 12/21  01:00:00,92.5264783033,22.4085791703
 12/21  02:00:00,90.8208318276,42.1104357277
 12/21  03:00:00,91.2444754214,48.1656938714
 12/21  04:00:00,91.91806737549999,42.5368359714
 12/21  05:00:00,102.888114567,52.497635325699996
 12/21  06:00:00,100.53664457,71.299269677
 12/21  07:00:00,139.528345105,563.805999809
 12/21  08:00:00,141.541645311,510.371248175
 12/21  09:00:00,211.05294187,456.09340020400003
 12/21  10:00:00,234.99021368099997,393.888407529
 12/21  11:00:00,225.387586425,354.258389295
 12/21  12:00:00,256.319005861,316.178364756
 12/21  13:00:00,236.12559857099998,293.628324375
 12/21  14:00:00,232.929659557,276.205476513
 12/21  15:00:00,229.19356748799999,272.387621788
 12/21  16:00:00,225.844836662,271.384505917
 12/21  17:00:00,236.05215619900002,283.866028428
 12/21  18:00:00,239.40942093799998,296.35585601599996
 12/21  19:00:00,238.72163689299998,306.749217357
 12/21  20:00:00,222.643351465,312.751839909
 12/21  21:00:00,197.68057978299998,314.85734969599997
 12/21  22:00:00,140.733459971,282.128077293
 12/21  23:00:00,79.5794218414,2.355
 12/21  24:00:00,115.271564415,2.355
 12/22  01:00:00,84.3778750924,3.4992255799699996
 12/22  02:00:00,82.0515345737,9.71879097394
 12/22  03:00:00,86.4516233942,16.921489424
 12/22  04:00:00,90.8573938398,24.7779361998
 12/22  05:00:00,108.903357161,18.8017352992
 12/22  06:00:00,113.22960045100001,31.533745328200002
 12/22  07:00:00,156.252736393,418.411591143
 12/22  08:00:00,151.09282972399998,381.050220594
 12/22  09:00:00,211.425410726,341.830925548
 12/22  10:00:00,235.64636373599998,306.11313460900004
 12/22  11:00:00,225.915553829,284.279305173
 12/22  12:00:00,256.75356319,264.572662182
 12/22  13:00:00,236.876937833,258.588887281
 12/22  14:00:00,233.728510616,253.63989500000002
 12/22  15:00:00,229.718805168,250.288820414
 12/22  16:00:00,226.521218319,251.088704537
 12/22  17:00:00,237.22411859,267.134516328
 12/22  18:00:00,239.894480449,282.906098832
 12/22  19:00:00,238.728913433,300.390469873
 12/22  20:00:00,215.738955221,312.734258385
 12/22  21:00:00,191.307730735,327.37031699799996
 12/22  22:00:00,135.822460573,307.995467953
 12/22  23:00:00,79.226549381,3.4994962711800004
 12/22  24:00:00,115.11362344,2.355
 12/23  01:00:00,90.0471722838,21.781766906999998
 12/23  02:00:00,84.0363604448,22.358418121
 12/23  03:00:00,88.5660787682,37.618543878000004
 12/23  04:00:00,88.71577843799999,38.7141463755
 12/23  05:00:00,92.9838270509,28.921552336799998
 12/23  06:00:00,97.9807578812,47.585737736300004
 12/23  07:00:00,125.434680625,463.484553605
 12/23  08:00:00,127.680236263,410.28718438
 12/23  09:00:00,183.838335793,368.29244283400004
 12/23  10:00:00,201.076549038,320.732700057
 12/23  11:00:00,225.90197179,285.319643961
 12/23  12:00:00,256.860972629,259.523286944
 12/23  13:00:00,237.152715345,246.007067431
 12/23  14:00:00,234.063260568,236.86196764299999
 12/23  15:00:00,230.18599613599997,231.510824579
 12/23  16:00:00,226.69092442,229.189021863
 12/23  17:00:00,236.707118303,229.60675144099997
 12/23  18:00:00,239.93451705400003,237.95551803400002
 12/23  19:00:00,225.35943004400002,261.87483906799997
 12/23  20:00:00,179.731773568,278.712700999
 12/23  21:00:00,169.488996759,290.52381161200003
 12/23  22:00:00,126.61817165299999,266.335104159
 12/23  23:00:00,77.5005630242,1.77125
 12/23  24:00:00,113.089886201,2.91566272479
 12/24  01:00:00,82.2121780494,1.77125
 12/24  02:00:00,79.9530125625,10.550292040599999
 12/24  03:00:00,88.7687168079,27.0563148989
 12/24  04:00:00,84.30271456359999,21.1219328304
 12/24  05:00:00,95.0647761583,35.7352252866
 12/24  06:00:00,95.2250111102,39.8034655994
 12/24  07:00:00,125.48968421299999,502.024133647
 12/24  08:00:00,127.63704335700001,473.76526895300003
 12/24  09:00:00,156.294660398,424.72137212300004
 12/24  10:00:00,128.68236195,416.505555049
 12/24  11:00:00,163.473498139,384.96702763699994
 12/24  12:00:00,194.85070956200002,368.07521886800004
 12/24  13:00:00,201.93387831599998,341.675539168
 12/24  14:00:00,199.19920722700002,328.036868024
 12/24  15:00:00,195.32231010400002,320.238330742
 12/24  16:00:00,191.86119140000002,333.543265183
 12/24  17:00:00,201.98069626,369.02814425699995
 12/24  18:00:00,176.841183568,448.446765395
 12/24  19:00:00,183.40373833400002,480.108701334
 12/24  20:00:00,163.165781995,493.733233498
 12/24  21:00:00,154.42718026,513.52344129
 12/24  22:00:00,140.391840629,490.951051974
 12/24  23:00:00,78.46135477,8.711087221649999
 12/24  24:00:00,127.92653505,58.2855982251
 12/25  01:00:00,95.8294326428,59.7112209551
 12/25  02:00:00,91.967706499,94.4078574751
 12/25  03:00:00,94.92760485069999,117.098817474
 12/25  04:00:00,92.15066376690001,105.273646605
 12/25  05:00:00,101.433210965,135.403327683
 12/25  06:00:00,102.916332541,142.55411126299998
 12/25  07:00:00,125.223466734,684.125915066
 12/25  08:00:00,127.201372033,628.220515625
 12/25  09:00:00,156.048946925,546.989219865
 12/25  10:00:00,128.426435669,516.36481153
 12/25  11:00:00,163.10309924799998,474.616159377
 12/25  12:00:00,194.633876458,455.41891142199995
 12/25  13:00:00,201.817567902,423.861888404
 12/25  14:00:00,198.799335457,407.17541921
 12/25  15:00:00,195.025557123,397.549043765
 12/25  16:00:00,191.61271565400003,391.643193056
 12/25  17:00:00,201.807088261,389.652148642
 12/25  18:00:00,176.78385976400003,450.558926801
 12/25  19:00:00,183.40990911400002,467.204646821
 12/25  20:00:00,163.390290052,469.791689062
 12/25  21:00:00,154.525085487,474.22256356599996
 12/25  22:00:00,140.455500254,433.444820636
 12/25  23:00:00,76.5841789017,2.9156949390599998
 12/25  24:00:00,121.658338953,28.115934835500003
 12/26  01:00:00,99.75690460530001,55.8761200159
 12/26  02:00:00,96.3299682558,65.642019849
 12/26  03:00:00,92.0920032441,55.1800392642
 12/26  04:00:00,94.3435082338,86.8971771412
 12/26  05:00:00,118.659762894,97.13630870639999
 12/26  06:00:00,114.45303812799999,73.68489786020001
 12/26  07:00:00,155.740372817,584.627917505
 12/26  08:00:00,150.599238335,503.966986985
 12/26  09:00:00,211.12495193200002,462.66084734699996
 12/26  10:00:00,235.110412889,418.59265437199997
 12/26  11:00:00,225.305243107,388.40414621699995
 12/26  12:00:00,256.290453945,352.531990105
 12/26  13:00:00,236.22104795400003,330.344612008
 12/26  14:00:00,232.884971878,318.491311922
 12/26  15:00:00,229.07666854200002,315.012400873
 12/26  16:00:00,225.64745009400002,319.620321113
 12/26  17:00:00,235.80004309999998,334.378267891
 12/26  18:00:00,239.11858801,350.691144619
 12/26  19:00:00,238.53392581,370.002303859
 12/26  20:00:00,215.683250783,391.90713419699995
 12/26  21:00:00,191.123576803,414.663689479
 12/26  22:00:00,135.725914394,399.785489026
 12/26  23:00:00,78.80250653520001,3.49950034686
 12/26  24:00:00,124.30193156600001,33.5149405895
 12/27  01:00:00,102.04270586,74.7811388416
 12/27  02:00:00,95.46687874979999,85.03850264350001
 12/27  03:00:00,91.0202484709,71.7732709032
 12/27  04:00:00,95.8248349402,112.91786114899999
 12/27  05:00:00,103.16652827700001,119.70955146799999
 12/27  06:00:00,99.68065051069999,113.657914195
 12/27  07:00:00,139.072153994,675.9099331890001
 12/27  08:00:00,141.36173629799998,612.4821965269999
 12/27  09:00:00,210.998109359,558.167322744
 12/27  10:00:00,234.910604528,500.01557402599997
 12/27  11:00:00,225.121274125,456.45656300800005
 12/27  12:00:00,256.16039775900003,431.20903721900004
 12/27  13:00:00,235.930780868,398.95729754300004
 12/27  14:00:00,232.45462807599998,375.780172289
 12/27  15:00:00,228.703110738,357.078080718
 12/27  16:00:00,225.32820072,346.569718612
 12/27  17:00:00,235.539540158,345.53615555
 12/27  18:00:00,238.93528573700002,343.41390679799997
 12/27  19:00:00,238.45708577099998,348.206147381
 12/27  20:00:00,222.30011752599998,356.71746373199994
 12/27  21:00:00,197.272247693,358.925786139
 12/27  22:00:00,140.492677337,330.631474308
 12/27  23:00:00,79.1100761523,3.4995140547400005
 12/27  24:00:00,115.069667535,2.355
 12/28  01:00:00,92.64050589899999,20.3130302556
 12/28  02:00:00,90.9727268644,36.217221857199995
 12/28  03:00:00,91.141152888,36.1092777092
 12/28  04:00:00,89.964478058,29.088735647800004
 12/28  05:00:00,101.981715596,46.469769718
 12/28  06:00:00,101.511248867,42.8830307541
 12/28  07:00:00,139.69562809299998,456.95000242199995
 12/28  08:00:00,141.925865912,409.197140516
 12/28  09:00:00,211.317488352,362.880852947
 12/28  10:00:00,235.627068384,319.70719304200003
 12/28  11:00:00,225.710878851,307.649938966
 12/28  12:00:00,256.4429528,292.458956395
 12/28  13:00:00,236.332666757,283.022995342
 12/28  14:00:00,233.088293128,279.668799896
 12/28  15:00:00,229.20907969799998,274.90916585400004
 12/28  16:00:00,225.77078480000003,270.094445012
 12/28  17:00:00,235.954945431,277.506253953
 12/28  18:00:00,239.392116757,285.219875873
 12/28  19:00:00,238.743207631,290.366508626
 12/28  20:00:00,222.653973268,297.669520251
 12/28  21:00:00,197.809206197,304.507932463
 12/28  22:00:00,140.82156037299998,277.987014465
 12/28  23:00:00,79.8179345999,3.4994993695
 12/28  24:00:00,115.547566375,2.355
 12/29  01:00:00,84.6018700564,2.355
 12/29  02:00:00,86.8031178029,17.6002375523
 12/29  03:00:00,86.86376524059999,17.6740809227
 12/29  04:00:00,87.2989389648,17.6178107156
 12/29  05:00:00,114.63333194,28.6269417453
 12/29  06:00:00,115.17646505,25.977430174699997
 12/29  07:00:00,157.41266413,401.60971168199995
 12/29  08:00:00,153.255063726,362.681893766
 12/29  09:00:00,213.675591994,323.89795723099996
 12/29  10:00:00,238.858571839,288.136365194
 12/29  11:00:00,229.365448224,272.768250486
 12/29  12:00:00,260.092107182,259.211082089
 12/29  13:00:00,240.805658044,254.184044001
 12/29  14:00:00,238.377354902,251.544154688
 12/29  15:00:00,234.67004845,246.496284748
 12/29  16:00:00,230.51160031,262.088562749
 12/29  17:00:00,237.704472122,290.121517854
 12/29  18:00:00,239.552357223,310.945549873
 12/29  19:00:00,238.722513654,329.662324192
 12/29  20:00:00,215.62992825900002,348.451616718
 12/29  21:00:00,191.33054157700002,362.662745967
 12/29  22:00:00,135.838301264,343.517820987
 12/29  23:00:00,79.1550135612,3.49951210371
 12/29  24:00:00,115.06225080200001,2.355
 12/30  01:00:00,94.183718961,41.403863271700004
 12/30  02:00:00,90.2165367863,51.1339705018
 12/30  03:00:00,89.9287507369,42.119398366
 12/30  04:00:00,92.0585305436,69.8732998409
 12/30  05:00:00,100.789350212,67.7183186453
 12/30  06:00:00,95.95925624190001,61.253602030799996
 12/30  07:00:00,125.042162855,572.73457005
 12/30  08:00:00,127.23532341299999,525.115204181
 12/30  09:00:00,183.537772417,500.542014345
 12/30  10:00:00,200.37552719200002,465.198198076
 12/30  11:00:00,225.151979856,422.14239193599997
 12/30  12:00:00,256.170807326,404.02941100199996
 12/30  13:00:00,235.848511633,395.744525431
 12/30  14:00:00,232.39988450799999,379.419276808
 12/30  15:00:00,228.62380607900002,373.94441948699995
 12/30  16:00:00,225.204194611,384.304112625
 12/30  17:00:00,235.38419250799998,393.27156093400004
 12/30  18:00:00,238.76545077900002,405.87777403
 12/30  19:00:00,224.612147415,440.208084156
 12/30  20:00:00,178.896936497,458.189548302
 12/30  21:00:00,168.611166635,463.719353916
 12/30  22:00:00,126.16243587299999,438.77805274
 12/30  23:00:00,78.4944914715,8.36367814257
 12/30  24:00:00,127.93959640899999,53.8384455916
 12/31  01:00:00,95.9879984779,55.7800892983
 12/31  02:00:00,92.0017240769,87.5978694634
 12/31  03:00:00,93.8421552297,94.1037661869
 12/31  04:00:00,90.8746227167,81.2166402358
 12/31  05:00:00,99.95420567379999,111.37813475600001
 12/31  06:00:00,102.981063384,128.396306261
 12/31  07:00:00,125.21935939299999,667.735974774
 12/31  08:00:00,127.174296697,619.01216572
 12/31  09:00:00,156.037008441,543.6705477309999
 12/31  10:00:00,128.390562842,530.132107591
 12/31  11:00:00,163.077766038,493.914615039
 12/31  12:00:00,194.62364923200002,477.476377651
 12/31  13:00:00,201.81678769299998,449.585402894
 12/31  14:00:00,198.809608567,437.28013734300004
 12/31  15:00:00,195.036439615,424.986414665
 12/31  16:00:00,191.63782403599998,419.045856562
 12/31  17:00:00,201.856388634,417.453618725
 12/31  18:00:00,176.81855464,477.535717336
 12/31  19:00:00,183.409302788,492.13053668
 12/31  20:00:00,163.334315981,496.424011134
 12/31  21:00:00,154.427813908,497.310919186
 12/31  22:00:00,140.396303294,459.86468452699995
 12/31  23:00:00,76.3663275343,1.77125
 12/31  24:00:00,126.115468535,40.7330770904
