Date/Time,Electricity:Facility [kW](Hourly),Gas:Facility [kW](Hourly)
 01/01  01:00:00,90.3516671218,57.01037899439999
 01/01  02:00:00,93.069704102,66.7673113359
 01/01  03:00:00,88.7120397791,60.4002388067
 01/01  04:00:00,91.822864647,90.6473672355
 01/01  05:00:00,100.41011414100001,98.79567609690001
 01/01  06:00:00,96.4127038792,79.8019123175
 01/01  07:00:00,123.54102229200001,629.985979027
 01/01  08:00:00,122.417588366,579.1642465130001
 01/01  09:00:00,154.60486725799998,506.06283461199996
 01/01  10:00:00,127.084107209,471.397697734
 01/01  11:00:00,161.709575166,427.481646698
 01/01  12:00:00,193.223757203,403.18393377300004
 01/01  13:00:00,200.397676607,371.818203517
 01/01  14:00:00,197.47938375799998,362.366947952
 01/01  15:00:00,193.68875622299998,355.612408345
 01/01  16:00:00,190.285638078,353.783686294
 01/01  17:00:00,200.48534022400003,358.35618346
 01/01  18:00:00,175.447960897,425.91545667199995
 01/01  19:00:00,182.00812111599998,457.04789542099996
 01/01  20:00:00,161.959475491,459.464545439
 01/01  21:00:00,153.11578854799998,465.83574607300005
 01/01  22:00:00,139.001470712,428.02828556800006
 01/01  23:00:00,76.63659216479999,2.9156481030799997
 01/01  24:00:00,121.159667092,26.4372851681
 01/02  01:00:00,99.7644181359,46.1449185558
 01/02  02:00:00,93.3222124039,56.3594622749
 01/02  03:00:00,91.117295438,48.992878796599996
 01/02  04:00:00,94.9648431943,63.7499630953
 01/02  05:00:00,99.6121375865,77.8955094162
 01/02  06:00:00,97.102937625,63.81762865859999
 01/02  07:00:00,137.774119513,588.1552717980001
 01/02  08:00:00,136.676945369,540.620688895
 01/02  09:00:00,209.60373901900002,466.00064573599997
 01/02  10:00:00,233.754786805,389.107102527
 01/02  11:00:00,223.986711123,343.137977508
 01/02  12:00:00,254.861851999,299.626613798
 01/02  13:00:00,234.700659395,281.171549491
 01/02  14:00:00,231.327274874,270.704527363
 01/02  15:00:00,227.493913055,264.929527248
 01/02  16:00:00,224.089592839,267.905119132
 01/02  17:00:00,234.304349726,285.658947913
 01/02  18:00:00,237.680041423,309.653533925
 01/02  19:00:00,237.08963086400001,333.355600804
 01/02  20:00:00,220.880550029,354.945093779
 01/02  21:00:00,195.921678332,375.50325036699996
 01/02  22:00:00,139.069126192,356.79088398
 01/02  23:00:00,79.0588495322,3.49948856774
 01/02  24:00:00,123.283129191,27.5364136872
 01/03  01:00:00,93.59094392440001,33.7574442123
 01/03  02:00:00,94.1750695768,65.6612235649
 01/03  03:00:00,95.2514683614,69.4653981152
 01/03  04:00:00,90.3897895693,55.048945958000004
 01/03  05:00:00,116.783974309,88.2642645952
 01/03  06:00:00,117.63425738,90.52411907959998
 01/03  07:00:00,154.57593793700002,573.4023161719999
 01/03  08:00:00,145.82294698,528.065315209
 01/03  09:00:00,209.685962077,463.527959565
 01/03  10:00:00,233.695185295,392.702892615
 01/03  11:00:00,223.935883845,352.60620239800005
 01/03  12:00:00,254.847987124,319.538744448
 01/03  13:00:00,234.684639877,296.588745008
 01/03  14:00:00,231.325006041,286.533430743
 01/03  15:00:00,227.52632119,280.872190239
 01/03  16:00:00,224.13309197400002,277.987240477
 01/03  17:00:00,234.32840238900002,300.340543601
 01/03  18:00:00,237.688772847,322.941747998
 01/03  19:00:00,237.093649336,343.829418793
 01/03  20:00:00,214.29767620200002,365.37060588599996
 01/03  21:00:00,189.755966394,379.296830605
 01/03  22:00:00,134.328439556,344.83451187800006
 01/03  23:00:00,79.1579197888,2.355
 01/03  24:00:00,115.072732319,3.49933851295
 01/04  01:00:00,96.4355263868,39.214507983699995
 01/04  02:00:00,91.3047145724,44.295446077799994
 01/04  03:00:00,90.9145829849,40.9205823314
 01/04  04:00:00,95.16611756030001,59.282600701499994
 01/04  05:00:00,100.00013656200001,54.6798550955
 01/04  06:00:00,97.2905745867,46.0875721524
 01/04  07:00:00,137.883823388,535.980524384
 01/04  08:00:00,136.770132722,479.76831318800004
 01/04  09:00:00,209.654440196,419.385851882
 01/04  10:00:00,233.78214378099997,353.167286311
 01/04  11:00:00,224.052820698,315.263684585
 01/04  12:00:00,254.92779143400003,279.071509141
 01/04  13:00:00,235.046363689,259.24735184599996
 01/04  14:00:00,232.07934217599998,243.102586059
 01/04  15:00:00,228.515441491,231.486391005
 01/04  16:00:00,225.086195368,229.640882141
 01/04  17:00:00,235.166242227,236.162540552
 01/04  18:00:00,238.36671976099998,247.738452151
 01/04  19:00:00,237.57009398900001,256.967210147
 01/04  20:00:00,221.69093243700001,258.278546349
 01/04  21:00:00,196.709843064,264.37026066
 01/04  22:00:00,139.59299304200002,241.02448876
 01/04  23:00:00,80.0402574366,3.49943651189
 01/04  24:00:00,115.43314504,2.355
 01/05  01:00:00,84.6737980019,2.355
 01/05  02:00:00,77.88337438180001,3.4992855078400003
 01/05  03:00:00,86.0988269107,17.3083298524
 01/05  04:00:00,90.1482695003,29.3786403225
 01/05  05:00:00,97.10504611569999,34.2594662425
 01/05  06:00:00,92.68711252860001,27.8556980965
 01/05  07:00:00,138.20057919,449.47423320400003
 01/05  08:00:00,137.161088927,398.61412409
 01/05  09:00:00,209.895855381,354.20856774099997
 01/05  10:00:00,234.159802698,308.803448294
 01/05  11:00:00,224.567436138,285.089075526
 01/05  12:00:00,255.302533054,268.678592682
 01/05  13:00:00,235.27933179099998,258.385421504
 01/05  14:00:00,232.89283769999997,249.02482548700002
 01/05  15:00:00,229.28112179099998,248.523355998
 01/05  16:00:00,226.211287258,252.25252178
 01/05  17:00:00,237.70147543,255.201743214
 01/05  18:00:00,241.49515824099998,258.50350709599996
 01/05  19:00:00,240.427370915,265.35098241599997
 01/05  20:00:00,224.75865687099997,272.572636857
 01/05  21:00:00,199.300173064,277.333339419
 01/05  22:00:00,141.951789361,256.00037902400004
 01/05  23:00:00,83.5783946534,3.49950739323
 01/05  24:00:00,118.97747775,2.355
 01/06  01:00:00,87.7586520726,3.4992681763199998
 01/06  02:00:00,80.1984010096,2.355
 01/06  03:00:00,87.5864349111,18.8907802972
 01/06  04:00:00,91.2324400023,30.223000422
 01/06  05:00:00,113.643847737,27.9404230073
 01/06  06:00:00,109.66172226100001,21.762504157
 01/06  07:00:00,155.165130461,438.09831113300004
 01/06  08:00:00,146.614389515,401.475141277
 01/06  09:00:00,210.086307597,358.40996917
 01/06  10:00:00,234.120343437,304.536550261
 01/06  11:00:00,224.59986036,274.868536313
 01/06  12:00:00,255.48076081,261.129011908
 01/06  13:00:00,235.82421461799998,256.227551378
 01/06  14:00:00,233.13792113099998,253.59819709599998
 01/06  15:00:00,229.063112418,255.19561213
 01/06  16:00:00,224.878461105,260.306554336
 01/06  17:00:00,231.27679656599997,271.51695339400004
 01/06  18:00:00,237.938051168,279.396077531
 01/06  19:00:00,237.246077273,286.813669289
 01/06  20:00:00,214.343896452,300.19636905
 01/06  21:00:00,189.955198079,310.252814866
 01/06  22:00:00,134.434143203,293.328295031
 01/06  23:00:00,79.3586594763,2.355
 01/06  24:00:00,115.144362767,3.49935070743
 01/07  01:00:00,89.7389009474,22.4641539088
 01/07  02:00:00,87.86454385020001,42.9551773426
 01/07  03:00:00,90.9623550907,49.800972656300004
 01/07  04:00:00,87.25283064889999,35.566323531500004
 01/07  05:00:00,99.3825535668,50.62150830979999
 01/07  06:00:00,98.7383832363,70.1711973955
 01/07  07:00:00,123.853798773,554.184673155
 01/07  08:00:00,122.507141317,508.33412347300003
 01/07  09:00:00,182.13998577099997,452.374299939
 01/07  10:00:00,199.136855562,392.925004001
 01/07  11:00:00,223.959986096,354.457853905
 01/07  12:00:00,254.860388635,315.54509668
 01/07  13:00:00,234.657224334,296.35084434
 01/07  14:00:00,231.34570855400003,284.74132669799997
 01/07  15:00:00,227.560069476,276.12714566299996
 01/07  16:00:00,224.180973188,281.280320812
 01/07  17:00:00,230.960478722,299.160858759
 01/07  18:00:00,237.71475668099998,317.963928046
 01/07  19:00:00,223.347642808,354.15610853
 01/07  20:00:00,177.690948404,377.601501755
 01/07  21:00:00,167.469276006,372.71916607099996
 01/07  22:00:00,124.884526566,340.508923575
 01/07  23:00:00,76.9255628259,1.77125
 01/07  24:00:00,112.816489346,2.9156509001999997
 01/08  01:00:00,94.09363675739999,35.858168054299995
 01/08  02:00:00,88.1938456749,40.0966704676
 01/08  03:00:00,87.2847766125,34.5549280027
 01/08  04:00:00,91.8346365504,54.75061930729999
 01/08  05:00:00,99.03507847559999,55.2334341925
 01/08  06:00:00,95.1617435558,42.753566766700004
 01/08  07:00:00,123.793204053,545.511760134
 01/08  08:00:00,122.72183927100001,497.91120568300005
 01/08  09:00:00,154.78562503,423.11034683199995
 01/08  10:00:00,127.341306065,391.960663495
 01/08  11:00:00,162.11236409999998,335.376710958
 01/08  12:00:00,193.695740995,299.215671707
 01/08  13:00:00,201.367095195,258.017834383
 01/08  14:00:00,198.960242808,239.44093957099997
 01/08  15:00:00,195.324849457,231.86240056900002
 01/08  16:00:00,191.848349232,236.002824778
 01/08  17:00:00,198.706915442,241.241838562
 01/08  18:00:00,177.625363775,268.771531827
 01/08  19:00:00,183.41032813,287.955393247
 01/08  20:00:00,163.421501966,298.81258656200004
 01/08  21:00:00,154.626244826,301.793445278
 01/08  22:00:00,140.649164708,251.170096855
 01/08  23:00:00,80.4988403269,2.9156857817199997
 01/08  24:00:00,116.233438493,1.77125
 01/09  01:00:00,87.6453675486,3.4992266465800004
 01/09  02:00:00,79.5155378074,2.355
 01/09  03:00:00,79.1313365994,2.355
 01/09  04:00:00,78.9155599045,2.355
 01/09  05:00:00,94.0504093596,15.3336508659
 01/09  06:00:00,98.18352011450001,21.9602164888
 01/09  07:00:00,139.564533614,373.968049581
 01/09  08:00:00,139.390406703,340.017756823
 01/09  09:00:00,212.700388645,287.847087653
 01/09  10:00:00,238.468138838,232.66384278599998
 01/09  11:00:00,229.42350146200002,202.532230655
 01/09  12:00:00,260.30678942099996,168.78666021
 01/09  13:00:00,242.78216235099998,148.78654325
 01/09  14:00:00,240.680277625,141.703452019
 01/09  15:00:00,236.77704858599998,138.317278508
 01/09  16:00:00,232.52194665,138.493621542
 01/09  17:00:00,238.34153596599998,156.014847188
 01/09  18:00:00,244.485629415,167.74892327700002
 01/09  19:00:00,242.600202472,180.020991751
 01/09  20:00:00,226.36851007799999,196.20572695200002
 01/09  21:00:00,200.837149164,205.441744595
 01/09  22:00:00,143.479814251,173.243017045
 01/09  23:00:00,85.1133799471,2.355
 01/09  24:00:00,120.218964482,3.4993838069699996
 01/10  01:00:00,90.2116914875,2.355
 01/10  02:00:00,82.9099601851,2.355
 01/10  03:00:00,81.8312448916,3.49929337269
 01/10  04:00:00,80.6109791536,2.355
 01/10  05:00:00,102.380484685,2.355
 01/10  06:00:00,110.596211662,15.8919295605
 01/10  07:00:00,156.059221059,372.011969709
 01/10  08:00:00,148.799526727,332.529509234
 01/10  09:00:00,213.40578514700002,296.106325083
 01/10  10:00:00,240.019317202,251.476185635
 01/10  11:00:00,231.10634809799998,231.35793828400003
 01/10  12:00:00,261.772316758,203.97527486599998
 01/10  13:00:00,242.695640906,196.7727196
 01/10  14:00:00,239.895588677,188.632822812
 01/10  15:00:00,235.299372646,180.110380722
 01/10  16:00:00,230.483108598,188.800840226
 01/10  17:00:00,235.79540638400002,206.015587568
 01/10  18:00:00,241.620734723,215.53571194
 01/10  19:00:00,239.948102283,229.71939432599999
 01/10  20:00:00,217.064390761,241.253789479
 01/10  21:00:00,192.280981011,246.472629215
 01/10  22:00:00,136.660823206,213.965252733
 01/10  23:00:00,83.4866972992,3.49950046771
 01/10  24:00:00,118.48025950200001,2.355
 01/11  01:00:00,87.44343136190001,2.355
 01/11  02:00:00,79.8297392414,3.49931106549
 01/11  03:00:00,78.8618809383,2.355
 01/11  04:00:00,78.3256967626,2.355
 01/11  05:00:00,93.19343779030001,15.9067224267
 01/11  06:00:00,96.8143076795,23.6280753721
 01/11  07:00:00,138.73304988,376.983136419
 01/11  08:00:00,137.608710188,343.790051001
 01/11  09:00:00,210.262198178,303.23087077400004
 01/11  10:00:00,234.671675471,259.671113659
 01/11  11:00:00,225.27362933,237.833571717
 01/11  12:00:00,256.21935596,221.74672243400002
 01/11  13:00:00,237.017465083,207.87460215299998
 01/11  14:00:00,235.41919867599998,187.86539050099998
 01/11  15:00:00,232.199001944,176.657054902
 01/11  16:00:00,228.840805815,179.55269806799998
 01/11  17:00:00,235.135977075,199.960505443
 01/11  18:00:00,240.93096019599997,219.441001043
 01/11  19:00:00,239.024261288,232.355674284
 01/11  20:00:00,222.38538558599998,246.98172189299999
 01/11  21:00:00,197.237311473,250.52484660099998
 01/11  22:00:00,140.599322851,222.150272137
 01/11  23:00:00,82.3919360152,2.355
 01/11  24:00:00,117.640429059,3.49932111351
 01/12  01:00:00,86.4062588079,2.355
 01/12  02:00:00,78.8478629473,2.355
 01/12  03:00:00,78.123249528,3.49924504084
 01/12  04:00:00,86.3489334645,16.4810556014
 01/12  05:00:00,96.9567005038,30.856281804899997
 01/12  06:00:00,96.5563289579,34.6124109338
 01/12  07:00:00,138.441225883,420.972611883
 01/12  08:00:00,137.338576111,375.908688376
 01/12  09:00:00,210.033018223,327.538271685
 01/12  10:00:00,234.57746579099998,279.802706629
 01/12  11:00:00,225.96870580599997,262.279826162
 01/12  12:00:00,257.40164895099997,249.257287018
 01/12  13:00:00,238.558049158,235.900241803
 01/12  14:00:00,235.65124627400002,209.002082675
 01/12  15:00:00,231.117512703,191.565550331
 01/12  16:00:00,226.288061172,192.11006377900003
 01/12  17:00:00,232.358939238,210.25181003
 01/12  18:00:00,238.75172986799998,221.87935501400003
 01/12  19:00:00,237.89727000599999,235.383533223
 01/12  20:00:00,221.370013615,251.92045122599998
 01/12  21:00:00,196.36947609799998,266.051399463
 01/12  22:00:00,139.284714559,246.38321374
 01/12  23:00:00,79.6904424719,3.4995084115900004
 01/12  24:00:00,115.32101839399999,2.355
 01/13  01:00:00,84.4131002543,3.49927763389
 01/13  02:00:00,77.73369390890001,2.355
 01/13  03:00:00,90.11200474530001,30.0523769179
 01/13  04:00:00,90.1313855439,35.8860747636
 01/13  05:00:00,108.746770809,27.6726561288
 01/13  06:00:00,113.831769726,49.7625051546
 01/13  07:00:00,154.81614671100002,476.46827798699996
 01/13  08:00:00,146.274452696,422.229665717
 01/13  09:00:00,209.964918009,366.597997623
 01/13  10:00:00,234.106504013,313.79186774
 01/13  11:00:00,224.383088118,283.657149057
 01/13  12:00:00,255.344020033,250.06333932799998
 01/13  13:00:00,235.82374327,224.14435527900002
 01/13  14:00:00,232.93904112599998,215.988400547
 01/13  15:00:00,229.004389485,210.53368983099998
 01/13  16:00:00,225.64675515599998,204.049544373
 01/13  17:00:00,232.263033922,212.64658142599998
 01/13  18:00:00,238.92489426900002,221.468583282
 01/13  19:00:00,238.18963400099997,229.213821086
 01/13  20:00:00,215.541537085,236.45555224
 01/13  21:00:00,191.08229217299998,241.176415406
 01/13  22:00:00,135.272188531,215.61907248
 01/13  23:00:00,81.06039395100001,2.355
 01/13  24:00:00,116.51083592299999,3.49932838608
 01/14  01:00:00,83.5803320709,1.77125
 01/14  02:00:00,76.6024609353,2.9156656043
 01/14  03:00:00,76.4434511507,1.77125
 01/14  04:00:00,76.3206877199,1.77125
 01/14  05:00:00,91.1736533439,14.6069624723
 01/14  06:00:00,91.1706747274,15.4613657468
 01/14  07:00:00,124.694208555,390.476740761
 01/14  08:00:00,124.009912531,355.794685744
 01/14  09:00:00,184.44345530799998,311.010058194
 01/14  10:00:00,203.095636732,264.114408747
 01/14  11:00:00,228.56283153,244.748817326
 01/14  12:00:00,259.694955671,227.40865289
 01/14  13:00:00,239.85278956099998,230.2489773
 01/14  14:00:00,236.68029114900003,231.810270307
 01/14  15:00:00,232.86698312599998,227.63255558900002
 01/14  16:00:00,229.761187839,231.589344021
 01/14  17:00:00,236.102951621,234.603054242
 01/14  18:00:00,242.507042153,240.06822610900002
 01/14  19:00:00,226.98389908400003,260.976012031
 01/14  20:00:00,181.34118865,270.006041797
 01/14  21:00:00,170.84284969,276.515739703
 01/14  22:00:00,127.706787914,250.28307007400002
 01/14  23:00:00,81.2951144548,1.77125
 01/14  24:00:00,116.90482116,2.91573659292
 01/15  01:00:00,85.7398273429,1.77125
 01/15  02:00:00,78.3305531633,2.91561592546
 01/15  03:00:00,81.3573150575,9.65302198828
 01/15  04:00:00,88.64165029600001,23.916832871599997
 01/15  05:00:00,90.8125832418,19.9344534305
 01/15  06:00:00,94.2841444451,31.0195336288
 01/15  07:00:00,124.266673182,446.672859134
 01/15  08:00:00,123.155006875,414.817996227
 01/15  09:00:00,155.06920525200002,368.769842944
 01/15  10:00:00,127.679167588,361.97313005
 01/15  11:00:00,162.528577238,326.193250684
 01/15  12:00:00,193.596340103,314.464199619
 01/15  13:00:00,200.69234954700002,294.62658091099996
 01/15  14:00:00,198.23509107099997,288.075794379
 01/15  15:00:00,194.37205469999998,284.068714395
 01/15  16:00:00,190.939152566,281.363293951
 01/15  17:00:00,197.67303963700002,285.979785086
 01/15  18:00:00,175.93728979,335.68267674
 01/15  19:00:00,182.278019613,352.436916001
 01/15  20:00:00,162.202996993,356.70381265199995
 01/15  21:00:00,153.554558803,357.86049305
 01/15  22:00:00,139.252100741,324.062984542
 01/15  23:00:00,77.1818495362,1.77125
 01/15  24:00:00,112.92547838,2.9155169326499997
 01/16  01:00:00,81.64672998350001,1.77125
 01/16  02:00:00,87.8013766342,28.895325119499997
 01/16  03:00:00,87.8543274868,32.7031064093
 01/16  04:00:00,84.03512831729999,24.3974610039
 01/16  05:00:00,94.60065600959999,39.93433764
 01/16  06:00:00,95.7942620452,41.6677558818
 01/16  07:00:00,124.09598788,499.702118817
 01/16  08:00:00,122.962410299,455.944720909
 01/16  09:00:00,154.980286278,391.687977581
 01/16  10:00:00,127.653408086,373.449761756
 01/16  11:00:00,162.313570961,343.86119552900004
 01/16  12:00:00,193.48994783,334.15985827
 01/16  13:00:00,200.745893972,311.33124229099997
 01/16  14:00:00,198.403932578,304.512746682
 01/16  15:00:00,195.406192036,294.797902727
 01/16  16:00:00,192.813333445,286.762616541
 01/16  17:00:00,200.132060223,286.385980665
 01/16  18:00:00,177.983418922,335.828340077
 01/16  19:00:00,183.223641535,354.08971083
 01/16  20:00:00,162.70907549700001,367.95790158
 01/16  21:00:00,153.76830218,381.76946278699995
 01/16  22:00:00,139.303938763,342.495436228
 01/16  23:00:00,77.1467941018,2.91568338745
 01/16  24:00:00,112.880783478,1.77125
 01/17  01:00:00,91.97941885590001,23.5749007712
 01/17  02:00:00,90.2613213082,45.565252803
 01/17  03:00:00,93.07914216719999,50.7720382363
 01/17  04:00:00,90.5692831983,42.2100877735
 01/17  05:00:00,117.659403557,49.7774160816
 01/17  06:00:00,116.559457071,65.9080186397
 01/17  07:00:00,154.642935317,539.5710619280001
 01/17  08:00:00,145.959499646,497.43104793199996
 01/17  09:00:00,209.768693053,442.333035296
 01/17  10:00:00,233.69336792,388.846299275
 01/17  11:00:00,223.96703335799998,358.357200799
 01/17  12:00:00,254.85113114,335.144103378
 01/17  13:00:00,234.615287482,323.54696392
 01/17  14:00:00,231.431923013,309.35926535
 01/17  15:00:00,227.682331087,292.84054387099997
 01/17  16:00:00,224.27644130099998,293.839477931
 01/17  17:00:00,231.06577652,307.518055491
 01/17  18:00:00,237.821907778,323.714578485
 01/17  19:00:00,237.162672636,344.861701721
 01/17  20:00:00,214.336671183,366.148875915
 01/17  21:00:00,189.798186152,366.586271002
 01/17  22:00:00,134.387789369,330.13804784
 01/17  23:00:00,79.26768018119999,2.355
 01/17  24:00:00,115.114781443,3.4993077441800002
 01/18  01:00:00,92.0979346339,23.2138057343
 01/18  02:00:00,90.28946967110001,40.7067044191
 01/18  03:00:00,93.73157546110001,46.386392413100005
 01/18  04:00:00,90.32767992059999,43.7648758833
 01/18  05:00:00,101.695744685,65.0039027725
 01/18  06:00:00,100.53505556100001,66.3603918029
 01/18  07:00:00,138.075020109,558.666927685
 01/18  08:00:00,136.69257182,524.172726331
 01/18  09:00:00,209.581241756,472.43688551400004
 01/18  10:00:00,233.530649624,416.98081173400004
 01/18  11:00:00,223.76127617400002,395.166812299
 01/18  12:00:00,254.751799598,376.944323595
 01/18  13:00:00,234.42621359999998,361.82045635599997
 01/18  14:00:00,231.078353158,350.802554294
 01/18  15:00:00,227.276779604,344.94105055
 01/18  16:00:00,223.855744862,347.645285068
 01/18  17:00:00,230.658368547,367.77768785800004
 01/18  18:00:00,237.41443906900003,383.02847921800003
 01/18  19:00:00,236.941249099,395.45168137
 01/18  20:00:00,220.676061003,406.807384744
 01/18  21:00:00,195.699057233,410.643368994
 01/18  22:00:00,138.973313192,384.435725636
 01/18  23:00:00,78.8834966113,3.4995083019499997
 01/18  24:00:00,123.491885995,29.547662625300003
 01/19  01:00:00,93.5449139528,34.6657166227
 01/19  02:00:00,95.240076782,49.845753467799994
 01/19  03:00:00,95.22885764729999,72.6204530545
 01/19  04:00:00,89.14070850030001,43.1127233197
 01/19  05:00:00,101.65403122299999,87.3912839235
 01/19  06:00:00,101.24563191700001,71.0378043611
 01/19  07:00:00,138.037033936,569.500859334
 01/19  08:00:00,136.675515719,511.462698653
 01/19  09:00:00,209.60688487,451.619726465
 01/19  10:00:00,233.714829125,396.407231701
 01/19  11:00:00,223.85520064099998,365.968351255
 01/19  12:00:00,254.80606259,336.897923864
 01/19  13:00:00,234.644467083,310.696152332
 01/19  14:00:00,231.278832042,300.234040353
 01/19  15:00:00,227.512187173,292.985615301
 01/19  16:00:00,224.15584569400002,289.879576169
 01/19  17:00:00,227.59243748900002,286.663696033
 01/19  18:00:00,237.80544928900002,289.77119966099997
 01/19  19:00:00,237.21926884200002,296.57622411
 01/19  20:00:00,221.250883846,299.01456689
 01/19  21:00:00,196.35681432799998,307.66280117
 01/19  22:00:00,139.371625919,282.690113092
 01/19  23:00:00,79.8488885527,3.4995131788599996
 01/19  24:00:00,115.37755893200001,2.355
 01/20  01:00:00,84.4891957563,2.355
 01/20  02:00:00,90.23826488479999,31.032929218099998
 01/20  03:00:00,90.55925632600001,34.448499978
 01/20  04:00:00,87.6428103368,29.6132821038
 01/20  05:00:00,116.336589979,51.304321913900004
 01/20  06:00:00,117.990602416,55.831048940600006
 01/20  07:00:00,154.833519414,501.22596026800005
 01/20  08:00:00,146.247572377,465.273853555
 01/20  09:00:00,209.912071395,410.765428141
 01/20  10:00:00,233.97658462799998,349.820246367
 01/20  11:00:00,224.299437352,325.102867967
 01/20  12:00:00,255.040669216,301.60055903
 01/20  13:00:00,234.93452659,278.098813943
 01/20  14:00:00,232.00659164900003,256.581528057
 01/20  15:00:00,228.64524667400002,242.719629042
 01/20  16:00:00,225.18999558599998,238.436368308
 01/20  17:00:00,228.353384057,248.178348539
 01/20  18:00:00,238.26638407,256.82709952700003
 01/20  19:00:00,237.610408699,269.47965105099996
 01/20  20:00:00,214.811670404,280.56839398799997
 01/20  21:00:00,190.318615195,285.959830261
 01/20  22:00:00,134.68913733,260.739879369
 01/20  23:00:00,80.8807674463,2.355
 01/20  24:00:00,116.516817695,3.4993777995699995
 01/21  01:00:00,82.72691184520001,1.77125
 01/21  02:00:00,75.7536302898,2.91563920772
 01/21  03:00:00,88.1458571573,26.078422561900002
 01/21  04:00:00,88.2207663848,27.3333394706
 01/21  05:00:00,91.0907926479,22.532552434299998
 01/21  06:00:00,95.0945446123,33.3296668821
 01/21  07:00:00,124.433917451,424.553379911
 01/21  08:00:00,123.367010099,388.602721407
 01/21  09:00:00,182.939062657,355.95975122199997
 01/21  10:00:00,200.229280226,326.18099167
 01/21  11:00:00,225.04260849,308.913831971
 01/21  12:00:00,255.498991846,292.084744825
 01/21  13:00:00,235.302996424,272.92628609400003
 01/21  14:00:00,232.41262191799999,250.741467609
 01/21  15:00:00,228.707411885,238.247416785
 01/21  16:00:00,225.109361818,242.33049651599998
 01/21  17:00:00,228.39634089400002,253.38429759599998
 01/21  18:00:00,238.29716713599998,280.47930860400004
 01/21  19:00:00,223.592583905,311.740013953
 01/21  20:00:00,177.898677197,336.476409293
 01/21  21:00:00,167.81378274600002,341.697016466
 01/21  22:00:00,125.047971512,306.764165849
 01/21  23:00:00,77.2411349675,1.77125
 01/21  24:00:00,112.97197386100001,2.91571391978
 01/22  01:00:00,85.84777395520001,11.3352215321
 01/22  02:00:00,87.95376741700001,32.648100686999996
 01/22  03:00:00,84.2584380813,27.063193635700003
 01/22  04:00:00,90.2865551558,48.89515930060001
 01/22  05:00:00,98.34123315139999,51.068167048999996
 01/22  06:00:00,94.44006512440001,34.1871115199
 01/22  07:00:00,123.866452342,542.080682434
 01/22  08:00:00,122.862429654,480.20987351400004
 01/22  09:00:00,154.899196234,398.796833091
 01/22  10:00:00,127.866506857,344.70475498400003
 01/22  11:00:00,163.315364658,284.471227549
 01/22  12:00:00,194.62192523299998,250.245776795
 01/22  13:00:00,203.25522467099998,208.86335926400002
 01/22  14:00:00,202.24177055400003,186.115095762
 01/22  15:00:00,198.58408615099998,171.173619279
 01/22  16:00:00,195.118669582,170.9022263
 01/22  17:00:00,197.93603197,180.83403915099998
 01/22  18:00:00,178.176442164,218.76693209200002
 01/22  19:00:00,184.25257659599998,234.01572361700002
 01/22  20:00:00,164.38505599200002,246.235800369
 01/22  21:00:00,155.410587884,253.05273261
 01/22  22:00:00,140.98101611799999,212.769783923
 01/22  23:00:00,80.502309629,1.77125
 01/22  24:00:00,115.55957117700001,2.9155624893199996
 01/23  01:00:00,87.12106764,2.355
 01/23  02:00:00,80.08593818899999,2.355
 01/23  03:00:00,80.1969125509,3.49925255316
 01/23  04:00:00,80.30296643189999,2.355
 01/23  05:00:00,86.96609696959999,2.355
 01/23  06:00:00,86.49936438459999,2.355
 01/23  07:00:00,140.447576776,309.668524155
 01/23  08:00:00,140.313064388,274.993040222
 01/23  09:00:00,213.499358445,244.713310132
 01/23  10:00:00,238.815805449,216.836477717
 01/23  11:00:00,229.315808778,206.53325537599997
 01/23  12:00:00,259.916052058,191.852108082
 01/23  13:00:00,241.220759229,184.224512327
 01/23  14:00:00,238.92496816599999,177.316962833
 01/23  15:00:00,235.045438374,179.701404312
 01/23  16:00:00,230.87341391599998,185.35816633099998
 01/23  17:00:00,233.66625049,194.45640846599997
 01/23  18:00:00,243.08777838900002,207.58998294900002
 01/23  19:00:00,241.32653121,223.979819108
 01/23  20:00:00,225.25840424400002,240.60100342200002
 01/23  21:00:00,199.86834953599998,249.01003585200002
 01/23  22:00:00,142.357113853,222.946187608
 01/23  23:00:00,83.7641101349,3.49950416305
 01/23  24:00:00,119.145789656,2.355
 01/24  01:00:00,88.2452088159,3.4992915540499996
 01/24  02:00:00,80.9584349059,2.355
 01/24  03:00:00,80.2388072895,2.355
 01/24  04:00:00,83.7640370917,10.0873455989
 01/24  05:00:00,109.96437527,15.7540631768
 01/24  06:00:00,113.369681114,24.011391823
 01/24  07:00:00,155.092011666,390.278250511
 01/24  08:00:00,146.675590693,358.078936203
 01/24  09:00:00,210.48068477599998,312.764624028
 01/24  10:00:00,235.52363372099998,268.012134556
 01/24  11:00:00,225.528705312,253.616408468
 01/24  12:00:00,255.677142954,235.866543663
 01/24  13:00:00,235.634947062,219.12809267900002
 01/24  14:00:00,232.887151811,210.977686508
 01/24  15:00:00,229.42755181299998,204.89415604
 01/24  16:00:00,225.949211881,201.567527961
 01/24  17:00:00,228.811968663,218.317484237
 01/24  18:00:00,238.423189275,240.753930573
 01/24  19:00:00,237.64225720599998,257.422853275
 01/24  20:00:00,214.754613716,269.511147398
 01/24  21:00:00,190.300066922,274.356169432
 01/24  22:00:00,134.61460196,249.222908787
 01/24  23:00:00,79.76656729279999,3.4995076267500003
 01/24  24:00:00,115.355560898,2.355
 01/25  01:00:00,84.4826286787,2.355
 01/25  02:00:00,77.83736509890001,3.4992850411900003
 01/25  03:00:00,86.0446832232,19.0590053231
 01/25  04:00:00,90.1111774189,31.3445872186
 01/25  05:00:00,96.72337930260001,35.7144839306
 01/25  06:00:00,92.4797021373,27.3332487422
 01/25  07:00:00,138.153985092,454.73770258300004
 01/25  08:00:00,137.086958802,411.647004032
 01/25  09:00:00,209.843415894,348.590648531
 01/25  10:00:00,234.092609536,284.70891079
 01/25  11:00:00,225.212944462,239.09191107
 01/25  12:00:00,256.281802642,199.47818433
 01/25  13:00:00,237.046982482,176.927445136
 01/25  14:00:00,234.362255035,168.450105167
 01/25  15:00:00,230.652802377,162.77128574
 01/25  16:00:00,227.402576024,158.695824255
 01/25  17:00:00,230.616666993,168.691585849
 01/25  18:00:00,240.48262323,178.62003491
 01/25  19:00:00,239.20679942799998,191.365113281
 01/25  20:00:00,222.59479136,207.778445849
 01/25  21:00:00,197.53399922,223.10521478299998
 01/25  22:00:00,140.411713426,193.93074584400003
 01/25  23:00:00,80.9070858104,2.355
 01/25  24:00:00,116.086526331,3.49934283792
 01/26  01:00:00,86.00024771620001,2.355
 01/26  02:00:00,78.7666301657,2.355
 01/26  03:00:00,78.1641507416,3.499270278
 01/26  04:00:00,77.86294520199999,2.355
 01/26  05:00:00,96.87422125629999,25.4983794275
 01/26  06:00:00,96.52279319959999,29.0372149573
 01/26  07:00:00,138.448888882,403.784278975
 01/26  08:00:00,137.339714989,366.855968879
 01/26  09:00:00,210.24373277200002,308.374114567
 01/26  10:00:00,234.987998747,254.535949138
 01/26  11:00:00,225.80003245,219.146816562
 01/26  12:00:00,256.68440066799997,182.457710273
 01/26  13:00:00,237.658638398,163.193549982
 01/26  14:00:00,235.914670333,140.848662821
 01/26  15:00:00,234.692864058,124.653728926
 01/26  16:00:00,231.52861769700002,121.575006359
 01/26  17:00:00,233.707286692,139.821104389
 01/26  18:00:00,243.298788278,159.082606921
 01/26  19:00:00,241.46685729200001,181.509317968
 01/26  20:00:00,225.602643076,201.503219203
 01/26  21:00:00,200.05140690099998,222.43310866
 01/26  22:00:00,142.79677726,191.511123498
 01/26  23:00:00,84.3003718171,2.355
 01/26  24:00:00,119.24513227899999,2.355
 01/27  01:00:00,88.82625350389999,3.4992799727199997
 01/27  02:00:00,81.2429887954,2.355
 01/27  03:00:00,80.1128137605,2.355
 01/27  04:00:00,79.0849786212,3.49924143095
 01/27  05:00:00,109.16279317899999,15.7364937178
 01/27  06:00:00,109.146538271,17.16333359
 01/27  07:00:00,155.132618271,384.283847411
 01/27  08:00:00,146.852143248,345.22357719400003
 01/27  09:00:00,210.921277772,289.74463767
 01/27  10:00:00,236.73365144599998,229.900353179
 01/27  11:00:00,229.137188975,186.72812554200002
 01/27  12:00:00,262.45535384,144.212669339
 01/27  13:00:00,246.589114747,120.995046014
 01/27  14:00:00,245.230398781,109.07566405799999
 01/27  15:00:00,243.227725544,98.49931452979999
 01/27  16:00:00,239.78866905,96.73120450639999
 01/27  17:00:00,241.90582231099998,110.427189629
 01/27  18:00:00,249.35867856299998,130.68105953399998
 01/27  19:00:00,246.10130073099998,150.651826235
 01/27  20:00:00,223.68554740099998,167.774707896
 01/27  21:00:00,198.014133258,181.833784808
 01/27  22:00:00,141.97779220799998,151.80852243799998
 01/27  23:00:00,88.1917230984,3.4995158180300003
 01/27  24:00:00,122.27994608600001,2.355
 01/28  01:00:00,89.89445428540002,2.91569289214
 01/28  02:00:00,81.7077174342,1.77125
 01/28  03:00:00,80.0818151929,2.91556264162
 01/28  04:00:00,78.651351244,1.77125
 01/28  05:00:00,84.28229895609999,1.77125
 01/28  06:00:00,91.56583308489999,16.1233494017
 01/28  07:00:00,124.67247946399999,382.03615264
 01/28  08:00:00,124.15186882299999,361.086750297
 01/28  09:00:00,184.51845951400003,298.636672192
 01/28  10:00:00,205.366198784,226.284040636
 01/28  11:00:00,232.18057064599998,180.35625612099997
 01/28  12:00:00,262.998614871,155.81999589
 01/28  13:00:00,245.352982763,136.333887205
 01/28  14:00:00,242.926195874,126.805036576
 01/28  15:00:00,238.616589002,136.67018706
 01/28  16:00:00,234.96683770400003,154.71934123100002
 01/28  17:00:00,237.60534200700002,174.483594427
 01/28  18:00:00,246.61682906,191.902896609
 01/28  19:00:00,230.08354040400002,218.49967058099998
 01/28  20:00:00,184.73472493,233.654689906
 01/28  21:00:00,173.82867099,243.81360152099998
 01/28  22:00:00,130.288010033,218.31939671900003
 01/28  23:00:00,83.9446593252,1.77125
 01/28  24:00:00,118.958575967,2.91573592998
 01/29  01:00:00,88.25484619049999,1.77125
 01/29  02:00:00,80.5736176674,1.77125
 01/29  03:00:00,79.4083063463,2.91553599805
 01/29  04:00:00,78.49107718319999,1.77125
 01/29  05:00:00,84.3930329308,1.77125
 01/29  06:00:00,91.9247084887,15.664652903499999
 01/29  07:00:00,124.897098101,429.823845268
 01/29  08:00:00,121.188517249,399.349144474
 01/29  09:00:00,156.050623216,352.747430783
 01/29  10:00:00,128.601975465,349.214442048
 01/29  11:00:00,163.648076561,313.301839693
 01/29  12:00:00,195.59413127099998,297.438131122
 01/29  13:00:00,203.54704717799999,270.786807545
 01/29  14:00:00,201.623291337,259.596258937
 01/29  15:00:00,197.52553632299998,263.687026808
 01/29  16:00:00,193.22185591299998,271.256359838
 01/29  17:00:00,196.194151029,273.255999223
 01/29  18:00:00,177.638839121,315.00119541
 01/29  19:00:00,183.312271332,340.543721362
 01/29  20:00:00,162.704557752,349.2919178
 01/29  21:00:00,153.87107175399998,353.18929858800004
 01/29  22:00:00,139.784020281,309.965148937
 01/29  23:00:00,79.3400604301,2.91568788808
 01/29  24:00:00,115.14064003700001,1.77125
 01/30  01:00:00,86.0382013084,3.49928911365
 01/30  02:00:00,87.3150162332,17.1011623972
 01/30  03:00:00,87.23517951209999,18.7056596286
 01/30  04:00:00,91.30959570379999,32.503164969400004
 01/30  05:00:00,97.89901880200001,31.930288520599998
 01/30  06:00:00,93.28103493360001,24.392992528
 01/30  07:00:00,138.580617155,436.31932884599996
 01/30  08:00:00,134.034655135,391.10980229300003
 01/30  09:00:00,210.05127257,348.505671631
 01/30  10:00:00,234.355233277,309.161981415
 01/30  11:00:00,224.82930684,298.535648282
 01/30  12:00:00,255.86715846,281.025892813
 01/30  13:00:00,236.142511439,271.806063624
 01/30  14:00:00,234.093305518,274.499092828
 01/30  15:00:00,231.15882303400002,266.718820171
 01/30  16:00:00,228.23367457700002,263.539139347
 01/30  17:00:00,231.780146783,268.74455959200003
 01/30  18:00:00,241.65727970400002,272.985013181
 01/30  19:00:00,240.24377218400002,277.955804861
 01/30  20:00:00,223.86602139200002,285.28272972400003
 01/30  21:00:00,198.23371800599998,289.534822204
 01/30  22:00:00,140.935242673,265.489624023
 01/30  23:00:00,82.7663495622,3.4995064226099997
 01/30  24:00:00,118.40761161399999,2.355
 01/31  01:00:00,87.22662885940001,2.355
 01/31  02:00:00,80.1300792642,3.4992651336000002
 01/31  03:00:00,88.07276917629999,16.6018563262
 01/31  04:00:00,92.14219087389999,27.8523565517
 01/31  05:00:00,114.640249701,29.821750869200002
 01/31  06:00:00,110.22393698,22.1414868916
 01/31  07:00:00,155.420769938,423.355965396
 01/31  08:00:00,144.379301809,373.75925395800004
 01/31  09:00:00,211.808738019,331.994812912
 01/31  10:00:00,237.107722219,290.980405745
 01/31  11:00:00,227.63982913900003,282.359798964
 01/31  12:00:00,258.43500751,269.558296589
 01/31  13:00:00,238.67886025200002,265.76044298
 01/31  14:00:00,235.69955061299999,266.449399622
 01/31  15:00:00,231.77004406700001,262.108539091
 01/31  16:00:00,228.606978617,251.562644305
 01/31  17:00:00,228.77838476,248.674424105
 01/31  18:00:00,242.110670832,252.308905637
 01/31  19:00:00,240.749952965,258.947115638
 01/31  20:00:00,218.534690374,265.495802168
 01/31  21:00:00,194.272942685,269.17182717099996
 01/31  22:00:00,138.23004589200002,247.518156256
 01/31  23:00:00,84.1306193284,2.355
 01/31  24:00:00,118.940965994,3.49936230004
 02/01  01:00:00,86.98147147370001,2.355
 02/01  02:00:00,87.1256768796,19.4727925507
 02/01  03:00:00,86.2810983282,24.0038950225
 02/01  04:00:00,90.4357084455,41.3409353387
 02/01  05:00:00,98.8948435095,46.9831654667
 02/01  06:00:00,97.214069402,40.0746526437
 02/01  07:00:00,138.072714539,496.684861355
 02/01  08:00:00,133.574421764,452.323975389
 02/01  09:00:00,209.76786824200002,403.184728749
 02/01  10:00:00,233.78142331599997,348.19185453800003
 02/01  11:00:00,224.17054104099998,321.361985577
 02/01  12:00:00,254.94732502099998,300.90226008400003
 02/01  13:00:00,234.629470747,281.192737695
 02/01  14:00:00,231.510487845,277.322454229
 02/01  15:00:00,227.653345814,269.417860878
 02/01  16:00:00,224.217898727,267.879279349
 02/01  17:00:00,224.195715536,287.121256271
 02/01  18:00:00,237.756462431,306.513444454
 02/01  19:00:00,237.14773009599998,325.424295416
 02/01  20:00:00,220.904902771,346.78441249900004
 02/01  21:00:00,195.956582125,367.653926633
 02/01  22:00:00,139.070572922,370.15726907199996
 02/01  23:00:00,79.0251475127,2.355
 02/01  24:00:00,119.150635555,16.2906080484
 02/02  01:00:00,96.8544524724,47.109959742600005
 02/02  02:00:00,91.2891078597,49.0667145983
 02/02  03:00:00,94.339278936,80.2683195809
 02/02  04:00:00,94.24816687559999,89.142134645
 02/02  05:00:00,97.69276190469999,74.3036574632
 02/02  06:00:00,100.286329241,105.817661481
 02/02  07:00:00,138.011354707,601.571330643
 02/02  08:00:00,133.226657254,551.008473018
 02/02  09:00:00,209.573167088,499.240443264
 02/02  10:00:00,233.613052483,438.44080251199995
 02/02  11:00:00,223.875315747,405.259585965
 02/02  12:00:00,254.831109717,375.28764076699997
 02/02  13:00:00,234.759780802,356.46519767300003
 02/02  14:00:00,231.46482729299998,337.23156762599996
 02/02  15:00:00,227.65340675599998,323.706723517
 02/02  16:00:00,224.263082256,320.45532418
 02/02  17:00:00,224.31099465,321.588724937
 02/02  18:00:00,237.888797311,320.041906967
 02/02  19:00:00,237.239922018,319.32306043799997
 02/02  20:00:00,221.21955388799998,317.32537254700003
 02/02  21:00:00,196.264460147,314.005833501
 02/02  22:00:00,139.319153979,285.545856247
 02/02  23:00:00,79.6784229813,2.355
 02/02  24:00:00,115.331835371,2.355
 02/03  01:00:00,84.5161052579,3.4992677708199995
 02/03  02:00:00,81.9957416001,9.616159925169999
 02/03  03:00:00,90.43522629879999,22.4045276567
 02/03  04:00:00,86.32433106209999,19.888732650999998
 02/03  05:00:00,113.208619089,31.874314748499998
 02/03  06:00:00,113.375494334,33.7019965474
 02/03  07:00:00,155.05913409299998,441.217519139
 02/03  08:00:00,143.204400623,405.719648211
 02/03  09:00:00,210.121581775,350.663291337
 02/03  10:00:00,234.475757335,288.719432442
 02/03  11:00:00,225.08633894599998,264.76656488
 02/03  12:00:00,256.12011965,259.63615607400004
 02/03  13:00:00,237.024995768,258.85392775599996
 02/03  14:00:00,234.47445526599998,252.867591717
 02/03  15:00:00,230.56008340099999,253.508764689
 02/03  16:00:00,227.19153106599998,255.150738731
 02/03  17:00:00,226.953541858,254.264665093
 02/03  18:00:00,239.07198802099998,265.82297687700003
 02/03  19:00:00,237.48468252,277.128467001
 02/03  20:00:00,214.683191977,290.069701985
 02/03  21:00:00,190.302546662,298.931032575
 02/03  22:00:00,134.64232942200002,273.24513051400004
 02/03  23:00:00,79.69832415489999,3.49950926584
 02/03  24:00:00,115.312614506,2.355
 02/04  01:00:00,81.9119329193,2.91563260129
 02/04  02:00:00,83.8634200615,17.774980015
 02/04  03:00:00,87.9310587792,31.221397186799997
 02/04  04:00:00,88.01048885819999,31.953462971799997
 02/04  05:00:00,90.99121892309999,24.744386973
 02/04  06:00:00,94.5682236075,41.3561513394
 02/04  07:00:00,124.216365309,445.04613984199995
 02/04  08:00:00,119.72646493,403.432485235
 02/04  09:00:00,182.509821007,369.38244594599996
 02/04  10:00:00,199.682371848,331.591465437
 02/04  11:00:00,224.38697626400003,297.286715682
 02/04  12:00:00,255.017581335,276.330493951
 02/04  13:00:00,234.679306462,263.879035483
 02/04  14:00:00,231.581926549,254.166571885
 02/04  15:00:00,227.765801636,257.67462605400004
 02/04  16:00:00,224.319220277,258.984147794
 02/04  17:00:00,224.26917434700002,266.947366918
 02/04  18:00:00,237.77143767799998,288.942612637
 02/04  19:00:00,223.357536842,329.802522824
 02/04  20:00:00,177.545394278,363.489975337
 02/04  21:00:00,167.411782122,376.08438409
 02/04  22:00:00,124.81572298399999,365.59828972
 02/04  23:00:00,76.7471921235,1.77125
 02/04  24:00:00,116.85918544399999,17.036030709000002
 02/05  01:00:00,94.53120794629999,47.8469319362
 02/05  02:00:00,87.70217547959999,40.8893340093
 02/05  03:00:00,92.0940468198,69.7514008763
 02/05  04:00:00,92.9323248356,67.3446714279
 02/05  05:00:00,94.6914079006,52.407515534
 02/05  06:00:00,98.1911119085,83.7827985867
 02/05  07:00:00,123.861316016,597.532611765
 02/05  08:00:00,119.17155472200001,539.411099732
 02/05  09:00:00,154.737190601,455.730791794
 02/05  10:00:00,127.294935524,436.269536544
 02/05  11:00:00,162.00233312,400.853313782
 02/05  12:00:00,193.361809463,379.82114553199995
 02/05  13:00:00,200.65286925200002,335.156150911
 02/05  14:00:00,197.87740482700002,316.61201129200003
 02/05  15:00:00,194.07007824099998,304.154959927
 02/05  16:00:00,190.663872247,299.055305338
 02/05  17:00:00,190.670975499,307.387091576
 02/05  18:00:00,175.791714367,365.40744224300005
 02/05  19:00:00,182.210393339,383.753711992
 02/05  20:00:00,162.243500811,388.71390763
 02/05  21:00:00,153.450371051,408.976892246
 02/05  22:00:00,139.174775471,385.106461622
 02/05  23:00:00,76.9425421071,1.77125
 02/05  24:00:00,116.927074206,14.4620720998
 02/06  01:00:00,96.4276153031,44.256997616599996
 02/06  02:00:00,90.2506515287,36.3861107334
 02/06  03:00:00,94.44845404879999,66.9758022959
 02/06  04:00:00,94.4416513318,71.3856644184
 02/06  05:00:00,97.88429691110001,58.2900031705
 02/06  06:00:00,100.470697212,85.51470216199999
 02/06  07:00:00,138.083781308,561.351266431
 02/06  08:00:00,133.382942691,508.666893885
 02/06  09:00:00,209.680945315,444.52725814900003
 02/06  10:00:00,233.878666765,376.830890494
 02/06  11:00:00,224.19100256099998,344.821900465
 02/06  12:00:00,254.99056250200002,313.422536678
 02/06  13:00:00,234.963824484,284.542089617
 02/06  14:00:00,231.76620589700002,269.992459388
 02/06  15:00:00,227.92140137799998,262.698762589
 02/06  16:00:00,224.57242982,253.132694972
 02/06  17:00:00,224.713381384,260.238710705
 02/06  18:00:00,238.86747951700002,266.938531257
 02/06  19:00:00,238.68232651,273.466588865
 02/06  20:00:00,223.13139384299998,280.78954214099997
 02/06  21:00:00,197.71257298,292.787000479
 02/06  22:00:00,139.870283371,271.67386041599997
 02/06  23:00:00,80.80668493579999,3.4995071440599994
 02/06  24:00:00,116.44966377700001,2.355
 02/07  01:00:00,84.7599054358,3.49926399893
 02/07  02:00:00,90.5218206761,40.1996653762
 02/07  03:00:00,91.72427471,46.4748040305
 02/07  04:00:00,86.4068267583,31.2760394469
 02/07  05:00:00,115.45670334100001,48.1812487142
 02/07  06:00:00,117.156037434,46.3342460984
 02/07  07:00:00,154.893422529,477.666938061
 02/07  08:00:00,142.962285462,447.088386536
 02/07  09:00:00,209.98662939099998,395.593600384
 02/07  10:00:00,234.06625823299999,333.59877683900004
 02/07  11:00:00,224.452704813,295.065419331
 02/07  12:00:00,255.336208902,258.77111453099997
 02/07  13:00:00,235.98267298,236.309724862
 02/07  14:00:00,232.932557945,222.92378205900002
 02/07  15:00:00,228.93630032,224.817471947
 02/07  16:00:00,225.665044736,229.61546199400001
 02/07  17:00:00,225.24192737200002,233.314018022
 02/07  18:00:00,238.178048754,252.047385222
 02/07  19:00:00,237.33850219599998,271.26032873
 02/07  20:00:00,214.481234436,288.892134372
 02/07  21:00:00,190.04255947599998,317.973232737
 02/07  22:00:00,134.473179485,320.150294631
 02/07  23:00:00,79.3620223085,3.4994711346800007
 02/07  24:00:00,115.139948755,2.355
 02/08  01:00:00,92.0661315351,27.380560738899998
 02/08  02:00:00,91.1720947987,50.654638874300005
 02/08  03:00:00,94.2958729509,52.834815008
 02/08  04:00:00,90.23021216629999,38.6587496429
 02/08  05:00:00,101.746937628,53.7896582866
 02/08  06:00:00,100.245854475,69.4415613476
 02/08  07:00:00,138.12768862,538.754564794
 02/08  08:00:00,133.438986641,492.256910635
 02/08  09:00:00,209.690053641,436.48818900599997
 02/08  10:00:00,233.787187189,378.49770219699997
 02/08  11:00:00,224.086121162,338.318667425
 02/08  12:00:00,254.92354730000002,308.017305713
 02/08  13:00:00,234.781664888,286.231432392
 02/08  14:00:00,231.582315543,273.448864686
 02/08  15:00:00,227.776629479,264.191709685
 02/08  16:00:00,224.39677962,257.122730405
 02/08  17:00:00,224.431950435,257.907156325
 02/08  18:00:00,238.018315296,266.865494979
 02/08  19:00:00,237.320603008,281.515629092
 02/08  20:00:00,221.245023672,287.668926853
 02/08  21:00:00,196.298025011,291.902015395
 02/08  22:00:00,139.306520912,270.405798737
 02/08  23:00:00,79.6779888427,3.4994382431199997
 02/08  24:00:00,115.34305469600001,2.355
 02/09  01:00:00,84.602461968,2.355
 02/09  02:00:00,77.8727813179,3.49929248291
 02/09  03:00:00,82.1196438995,8.83686506304
 02/09  04:00:00,86.78675962930001,14.1169568663
 02/09  05:00:00,93.44149751469999,15.384780566600002
 02/09  06:00:00,97.0405045272,24.800413859200003
 02/09  07:00:00,138.810815164,390.728660415
 02/09  08:00:00,134.083572953,368.192340207
 02/09  09:00:00,210.28639096700002,313.09515897299997
 02/09  10:00:00,235.42804277599998,258.21545447299997
 02/09  11:00:00,226.77779695900003,232.97346683400002
 02/09  12:00:00,257.993032519,209.15987967799998
 02/09  13:00:00,239.308218659,189.396732063
 02/09  14:00:00,237.137440889,178.80548235
 02/09  15:00:00,234.00452774,160.572361731
 02/09  16:00:00,231.08911208599997,154.547820619
 02/09  17:00:00,231.146735209,172.199981958
 02/09  18:00:00,243.36598330700002,197.39975061299998
 02/09  19:00:00,241.156481765,219.344594225
 02/09  20:00:00,225.283337975,232.159828611
 02/09  21:00:00,200.08857531099997,238.35098714
 02/09  22:00:00,143.319237026,206.867697941
 02/09  23:00:00,85.32124379999999,2.355
 02/09  24:00:00,120.562459296,3.49937303494
 02/10  01:00:00,90.39949889809999,2.355
 02/10  02:00:00,83.0503238159,2.355
 02/10  03:00:00,82.4439096051,3.49930210194
 02/10  04:00:00,81.780120975,2.355
 02/10  05:00:00,103.66100378200001,2.355
 02/10  06:00:00,107.410101449,9.70749261292
 02/10  07:00:00,157.232888812,361.06217493400004
 02/10  08:00:00,147.456856715,328.405937466
 02/10  09:00:00,214.70000152900002,291.53697440400003
 02/10  10:00:00,240.521026564,254.14518257
 02/10  11:00:00,231.030134855,233.946803238
 02/10  12:00:00,261.506947578,211.890341385
 02/10  13:00:00,242.322161767,203.07048356599998
 02/10  14:00:00,239.590116143,200.28626664700002
 02/10  15:00:00,235.46669256,206.07724391099998
 02/10  16:00:00,232.105345639,204.20449805
 02/10  17:00:00,231.79598071799998,210.784650151
 02/10  18:00:00,244.11475089200002,226.90028271900002
 02/10  19:00:00,241.984277693,239.31191523
 02/10  20:00:00,219.01623948,247.70769928200002
 02/10  21:00:00,193.385041533,258.262188492
 02/10  22:00:00,136.463098131,237.949889443
 02/10  23:00:00,82.0717615011,2.355
 02/10  24:00:00,117.11920825700001,3.49932297569
 02/11  01:00:00,82.8397362518,1.77125
 02/11  02:00:00,75.7616341109,1.77125
 02/11  03:00:00,83.88216473680001,19.0557633566
 02/11  04:00:00,87.8783826796,31.413101891999997
 02/11  05:00:00,94.4656154823,35.4130996078
 02/11  06:00:00,90.0171731843,26.3122886471
 02/11  07:00:00,123.90804518200001,463.704839794
 02/11  08:00:00,119.36906484100001,432.74340306199997
 02/11  09:00:00,182.260395939,394.69425897599996
 02/11  10:00:00,199.16648508,341.184197445
 02/11  11:00:00,224.098874717,303.566301142
 02/11  12:00:00,254.91807009,283.48165036
 02/11  13:00:00,234.54904057,268.15829744
 02/11  14:00:00,231.360939903,259.758182051
 02/11  15:00:00,227.521768241,254.18321235
 02/11  16:00:00,224.03531953,252.80735535
 02/11  17:00:00,224.022057486,266.930505072
 02/11  18:00:00,237.59572189099998,298.98079707799997
 02/11  19:00:00,223.285954852,332.700885514
 02/11  20:00:00,177.573826682,357.569415905
 02/11  21:00:00,167.358487711,380.125124949
 02/11  22:00:00,124.77700707,374.40917260199996
 02/11  23:00:00,76.6937266403,2.9158272726599996
 02/11  24:00:00,116.8529814,16.6097334394
 02/12  01:00:00,94.2850366946,47.5855076166
 02/12  02:00:00,87.49857624209999,41.173333569200004
 02/12  03:00:00,91.18985641629999,65.35581617369999
 02/12  04:00:00,92.8642083409,73.7466022883
 02/12  05:00:00,95.472439765,59.8116253042
 02/12  06:00:00,97.19527691020001,86.0119981312
 02/12  07:00:00,120.385184364,616.738402055
 02/12  08:00:00,119.041760535,558.595346084
 02/12  09:00:00,154.638241199,458.988645547
 02/12  10:00:00,127.209232304,415.098810485
 02/12  11:00:00,162.00013525399999,358.786968905
 02/12  12:00:00,193.36091182599998,326.076450526
 02/12  13:00:00,200.67124451700002,291.625243663
 02/12  14:00:00,197.82384693900002,272.79996179799997
 02/12  15:00:00,194.17373518,255.87403844099998
 02/12  16:00:00,190.724502861,258.16332451700004
 02/12  17:00:00,190.62956108,267.48651901799997
 02/12  18:00:00,172.37573857400002,314.675519362
 02/12  19:00:00,182.20570208200002,333.072886762
 02/12  20:00:00,162.271572434,339.707589235
 02/12  21:00:00,153.502123197,343.246094778
 02/12  22:00:00,139.224824457,304.301923284
 02/12  23:00:00,77.2937480047,1.77125
 02/12  24:00:00,112.99367158,2.91552015874
 02/13  01:00:00,84.42010307470001,2.355
 02/13  02:00:00,77.6932740461,2.355
 02/13  03:00:00,90.1168028657,25.922721385
 02/13  04:00:00,90.171596134,25.6224747694
 02/13  05:00:00,92.62223672379999,20.1505399366
 02/13  06:00:00,96.3711113092,33.7733014263
 02/13  07:00:00,134.94680059200002,415.172161854
 02/13  08:00:00,133.888034904,384.777788314
 02/13  09:00:00,210.018519888,354.23404149099997
 02/13  10:00:00,234.44485797299998,311.164722912
 02/13  11:00:00,224.873543875,296.678387149
 02/13  12:00:00,256.525835731,285.223426524
 02/13  13:00:00,237.18108079299998,280.751640455
 02/13  14:00:00,234.311099777,275.84170708799996
 02/13  15:00:00,230.433818785,274.14911691599997
 02/13  16:00:00,227.13416340400002,268.175582328
 02/13  17:00:00,227.04036572599998,268.923765621
 02/13  18:00:00,236.367218339,273.196446135
 02/13  19:00:00,238.339422094,280.250601991
 02/13  20:00:00,222.02581907799998,287.06507094799997
 02/13  21:00:00,196.772198347,292.213760067
 02/13  22:00:00,139.61778371399998,266.711717276
 02/13  23:00:00,81.1382795151,2.355
 02/13  24:00:00,116.78220606200001,3.49932635822
 02/14  01:00:00,85.330589871,2.355
 02/14  02:00:00,82.3087288493,11.020558361099999
 02/14  03:00:00,90.54322410469999,27.405541818200003
 02/14  04:00:00,86.38465711049999,20.8385384617
 02/14  05:00:00,113.092506101,35.7427482402
 02/14  06:00:00,113.054261905,37.008814224
 02/14  07:00:00,151.540089539,448.577280029
 02/14  08:00:00,143.000641546,413.017235612
 02/14  09:00:00,209.976493105,371.30555706800004
 02/14  10:00:00,234.00148391599998,329.171086408
 02/14  11:00:00,224.324804327,306.349954475
 02/14  12:00:00,255.022935004,282.170087944
 02/14  13:00:00,234.844894743,258.024937684
 02/14  14:00:00,231.85191078900002,246.95227375099998
 02/14  15:00:00,227.910057207,251.463789086
 02/14  16:00:00,224.427487591,248.83738833900003
 02/14  17:00:00,224.393110603,257.786143642
 02/14  18:00:00,234.544398272,272.65072169
 02/14  19:00:00,237.27210258,289.228047338
 02/14  20:00:00,214.49150079999998,301.376068633
 02/14  21:00:00,190.03191443400002,323.211083814
 02/14  22:00:00,134.49323171,317.458179949
 02/14  23:00:00,79.4032641415,2.355
 02/14  24:00:00,115.169818515,2.355
 02/15  01:00:00,92.13957394469999,21.3242856966
 02/15  02:00:00,86.03049819520001,20.9390845683
 02/15  03:00:00,90.2548563092,35.0672679562
 02/15  04:00:00,90.47574362510001,36.0844790831
 02/15  05:00:00,93.15961771209999,25.155329524099997
 02/15  06:00:00,96.7808553191,39.1342490239
 02/15  07:00:00,135.0239566,441.26460094099997
 02/15  08:00:00,133.94843846,397.582640055
 02/15  09:00:00,210.032508433,353.735811436
 02/15  10:00:00,234.44504119599998,301.809668618
 02/15  11:00:00,225.062403142,282.089240754
 02/15  12:00:00,256.735853639,266.48848061
 02/15  13:00:00,237.444123881,259.32401083900004
 02/15  14:00:00,234.912491549,240.251860105
 02/15  15:00:00,231.79417241299998,230.588631813
 02/15  16:00:00,229.157603185,220.70987594
 02/15  17:00:00,230.428422242,211.08719848299998
 02/15  18:00:00,241.488240655,210.945474759
 02/15  19:00:00,243.73328810200002,217.369700232
 02/15  20:00:00,228.458258576,230.12642221
 02/15  21:00:00,202.80548675900002,238.45050783599999
 02/15  22:00:00,145.34368090200002,199.88608556900002
 02/15  23:00:00,86.99230769799999,3.4995087671599996
 02/15  24:00:00,121.351023869,2.355
 02/16  01:00:00,90.31699032030001,3.4992757433099997
 02/16  02:00:00,82.475847807,2.355
 02/16  03:00:00,81.1691197713,2.355
 02/16  04:00:00,79.5552958495,3.49923877893
 02/16  05:00:00,97.2393841297,26.761348091
 02/16  06:00:00,96.5376473266,29.733544453
 02/16  07:00:00,134.972697187,421.65422625800005
 02/16  08:00:00,133.685477351,394.744805295
 02/16  09:00:00,209.794401582,358.50854025800004
 02/16  10:00:00,233.711811311,318.38936649
 02/16  11:00:00,224.154060767,300.080461445
 02/16  12:00:00,254.93235854,271.74787773599996
 02/16  13:00:00,234.474051993,259.921598191
 02/16  14:00:00,231.427852391,246.515022287
 02/16  15:00:00,227.79641967,231.802803817
 02/16  16:00:00,224.35595311900002,229.886929919
 02/16  17:00:00,224.286424337,244.156335951
 02/16  18:00:00,234.45281314,264.38484000799997
 02/16  19:00:00,237.206875326,279.22418153
 02/16  20:00:00,221.037309967,299.625962823
 02/16  21:00:00,196.087706134,309.207305912
 02/16  22:00:00,139.18781224399999,296.050658475
 02/16  23:00:00,79.43162617770001,3.49950772881
 02/16  24:00:00,115.192331453,2.355
 02/17  01:00:00,92.2593978459,23.6749463616
 02/17  02:00:00,86.0708588701,28.444036829
 02/17  03:00:00,90.32958931959999,47.156774186099994
 02/17  04:00:00,92.2118619169,48.6415425986
 02/17  05:00:00,112.55258779,36.527875718800004
 02/17  06:00:00,116.604327168,56.4244552775
 02/17  07:00:00,151.34822346,484.577745141
 02/17  08:00:00,142.764863553,427.33651617
 02/17  09:00:00,209.88694234,368.494243929
 02/17  10:00:00,233.97113974400003,313.63037027400003
 02/17  11:00:00,224.22301999599998,282.146706845
 02/17  12:00:00,255.09453788,258.510714567
 02/17  13:00:00,234.90344979099999,250.619715131
 02/17  14:00:00,231.672201125,246.960668172
 02/17  15:00:00,227.851886029,243.237868666
 02/17  16:00:00,224.45689404799998,238.80128104599999
 02/17  17:00:00,224.32979642,245.84259582599998
 02/17  18:00:00,234.462447157,260.64965665799997
 02/17  19:00:00,237.23750216599998,269.885417416
 02/17  20:00:00,214.55130550099997,271.593304349
 02/17  21:00:00,190.022841548,272.300696334
 02/17  22:00:00,134.49234981700002,246.70511243200002
 02/17  23:00:00,79.6327274496,3.49948043567
 02/17  24:00:00,115.30296281700001,2.355
 02/18  01:00:00,82.298927086,1.77125
 02/18  02:00:00,75.4970925441,2.91567288379
 02/18  03:00:00,87.9533969832,25.8044397842
 02/18  04:00:00,88.0826008934,28.296934056599998
 02/18  05:00:00,90.58773056,21.2857877981
 02/18  06:00:00,94.4266597108,35.0265868275
 02/18  07:00:00,120.883189171,432.71557909800003
 02/18  08:00:00,119.811168209,395.992941682
 02/18  09:00:00,182.578778935,360.623602357
 02/18  10:00:00,200.42943407599998,320.563234005
 02/18  11:00:00,226.041267256,296.932314549
 02/18  12:00:00,257.187788457,283.27654317599996
 02/18  13:00:00,237.588636318,278.80486663799996
 02/18  14:00:00,234.83688034,273.67374600799997
 02/18  15:00:00,231.40558852599997,270.17106940599996
 02/18  16:00:00,227.670282886,269.431496545
 02/18  17:00:00,227.472766839,266.565719844
 02/18  18:00:00,237.426117445,270.367278592
 02/18  19:00:00,225.48882979400003,296.379324232
 02/18  20:00:00,179.505646608,316.171307866
 02/18  21:00:00,168.414106877,322.077790568
 02/18  22:00:00,125.22380771600001,294.334665336
 02/18  23:00:00,78.4508961002,2.91583232883
 02/18  24:00:00,114.22644977700001,1.77125
 02/19  01:00:00,82.5929239698,2.9155678516799997
 02/19  02:00:00,84.076813087,17.5215983442
 02/19  03:00:00,88.10966970620001,30.5680820264
 02/19  04:00:00,88.29121653860001,32.5410844583
 02/19  05:00:00,91.0013533891,25.576806986799998
 02/19  06:00:00,95.4119721922,44.4940109636
 02/19  07:00:00,120.743459246,488.19647002
 02/19  08:00:00,119.519189364,450.146976441
 02/19  09:00:00,154.878738499,399.97150057
 02/19  10:00:00,127.29643055,381.988151414
 02/19  11:00:00,162.11939622,342.2273462
 02/19  12:00:00,193.40028527599998,315.843159397
 02/19  13:00:00,200.41164244,283.72615910400003
 02/19  14:00:00,197.857256304,273.05378216599996
 02/19  15:00:00,194.088084863,268.027835604
 02/19  16:00:00,190.71664171,273.31367445
 02/19  17:00:00,190.76176762400002,277.907743939
 02/19  18:00:00,172.563148311,325.30986159
 02/19  19:00:00,182.287364442,350.53001042
 02/19  20:00:00,162.319449502,370.958382549
 02/19  21:00:00,153.497248242,388.357149948
 02/19  22:00:00,139.213930595,345.10319221099996
 02/19  23:00:00,77.169767543,2.9156831549
 02/19  24:00:00,112.93354093,1.77125
 02/20  01:00:00,81.8062348173,2.9155689813700003
 02/20  02:00:00,87.84892828139999,27.6952515892
 02/20  03:00:00,87.95540054950001,28.0964328411
 02/20  04:00:00,83.9741721596,22.5873720594
 02/20  05:00:00,94.92888570870001,35.4899052058
 02/20  06:00:00,94.4509330827,36.904236017399995
 02/20  07:00:00,120.71899399,509.158883514
 02/20  08:00:00,119.40323623399999,489.731129357
 02/20  09:00:00,154.761145218,427.195439395
 02/20  10:00:00,127.14529579200001,400.99201242199996
 02/20  11:00:00,161.990394492,359.27219244699995
 02/20  12:00:00,193.356690068,333.877457337
 02/20  13:00:00,200.415631628,302.796148098
 02/20  14:00:00,197.783305746,292.595604944
 02/20  15:00:00,194.003024267,287.304313929
 02/20  16:00:00,190.591734195,286.00776745
 02/20  17:00:00,190.596929917,292.552400073
 02/20  18:00:00,172.316356098,364.63342803
 02/20  19:00:00,182.13695530200002,400.118528641
 02/20  20:00:00,162.060538894,420.140553375
 02/20  21:00:00,153.274158685,431.408377339
 02/20  22:00:00,139.105945687,400.01656264900004
 02/20  23:00:00,76.85690468109999,2.91568876973
 02/20  24:00:00,116.89920517,16.1502136322
 02/21  01:00:00,96.3573634006,46.0359473875
 02/21  02:00:00,89.09898696040001,36.5735857477
 02/21  03:00:00,95.16995674809999,49.514382471400005
 02/21  04:00:00,93.2775171004,58.2159970058
 02/21  05:00:00,113.66194442700001,42.784259449699995
 02/21  06:00:00,117.570602509,55.1722423161
 02/21  07:00:00,151.121901141,517.144875298
 02/21  08:00:00,142.710133971,443.815782516
 02/21  09:00:00,209.93518675400003,368.47339901
 02/21  10:00:00,234.52760410599998,292.502176246
 02/21  11:00:00,225.38417331,250.866783427
 02/21  12:00:00,257.085747248,225.50556888
 02/21  13:00:00,239.020905915,212.966024523
 02/21  14:00:00,236.926367873,200.384630075
 02/21  15:00:00,235.06616497599998,184.886174032
 02/21  16:00:00,233.389899672,174.234003145
 02/21  17:00:00,234.08369319599998,175.80468826400002
 02/21  18:00:00,244.054992922,180.76509814
 02/21  19:00:00,244.880078323,193.918505248
 02/21  20:00:00,223.200921468,204.766472871
 02/21  21:00:00,197.46954068,211.03846766599997
 02/21  22:00:00,140.804068075,184.53881974900003
 02/21  23:00:00,87.030590124,2.355
 02/21  24:00:00,121.816058578,3.4993388937
 02/22  01:00:00,91.72873775030001,2.355
 02/22  02:00:00,84.4944934814,2.355
 02/22  03:00:00,83.9805543102,3.49926783961
 02/22  04:00:00,83.5739315182,2.355
 02/22  05:00:00,89.86489565049999,2.355
 02/22  06:00:00,89.21059128510001,3.49925243075
 02/22  07:00:00,135.910797382,333.392728107
 02/22  08:00:00,140.88646635,285.063061542
 02/22  09:00:00,217.986138213,236.33586782400002
 02/22  10:00:00,245.192060406,188.017853941
 02/22  11:00:00,236.78179270200002,165.382979391
 02/22  12:00:00,268.795732882,138.755875715
 02/22  13:00:00,255.20472319799998,112.06419816200001
 02/22  14:00:00,255.46635706700002,97.8924235383
 02/22  15:00:00,253.098765188,88.4701909109
 02/22  16:00:00,250.858535801,79.0267957443
 02/22  17:00:00,251.07520449999998,86.6853827874
 02/22  18:00:00,259.92914084299997,100.63827197399999
 02/22  19:00:00,258.788044575,117.014398175
 02/22  20:00:00,243.52416611299998,134.418077429
 02/22  21:00:00,216.294794683,138.347873518
 02/22  22:00:00,155.561235512,108.885805359
 02/22  23:00:00,97.4283331499,2.355
 02/22  24:00:00,130.592204807,3.4993628142300004
 02/23  01:00:00,101.328351814,2.355
 02/23  02:00:00,92.95451825049999,2.355
 02/23  03:00:00,91.5198430748,3.49926385357
 02/23  04:00:00,90.67018986059999,2.355
 02/23  05:00:00,96.4880184731,2.355
 02/23  06:00:00,95.17586869760001,2.355
 02/23  07:00:00,140.60741802299998,258.909486716
 02/23  08:00:00,144.940237289,233.87452841200002
 02/23  09:00:00,221.35604360099998,188.760380443
 02/23  10:00:00,251.487799469,137.2590719
 02/23  11:00:00,245.88555094400002,101.47363943100001
 02/23  12:00:00,279.314958833,71.4213797433
 02/23  13:00:00,265.362195495,60.8506694864
 02/23  14:00:00,261.56806463099997,56.7117932049
 02/23  15:00:00,254.877218747,60.201895246999996
 02/23  16:00:00,249.67561469900002,63.5740170374
 02/23  17:00:00,246.99538588400003,76.08174743800001
 02/23  18:00:00,254.283907997,93.0483071
 02/23  19:00:00,255.339439541,107.362223198
 02/23  20:00:00,241.953475082,119.06875550299999
 02/23  21:00:00,215.931038492,124.240585686
 02/23  22:00:00,155.89629604299998,96.4748305379
 02/23  23:00:00,99.408476688,2.355
 02/23  24:00:00,133.219886567,2.355
 02/24  01:00:00,105.136008356,3.4992624860300006
 02/24  02:00:00,96.92047089459999,2.355
 02/24  03:00:00,96.8146558649,2.355
 02/24  04:00:00,97.218078339,3.4992250566000003
 02/24  05:00:00,120.79299017700001,2.355
 02/24  06:00:00,121.14277702,2.355
 02/24  07:00:00,169.114513203,181.68867202200002
 02/24  08:00:00,171.72665560299998,171.73792207
 02/24  09:00:00,238.57312387599998,153.584170943
 02/24  10:00:00,268.135908043,124.004089869
 02/24  11:00:00,262.183793782,113.793189384
 02/24  12:00:00,287.357833412,104.71125705600001
 02/24  13:00:00,271.499699715,103.669487659
 02/24  14:00:00,267.198743964,107.07656658399999
 02/24  15:00:00,260.819055488,108.29021129200001
 02/24  16:00:00,256.810355165,102.00268493899999
 02/24  17:00:00,255.23836778900002,106.05828701
 02/24  18:00:00,258.779772551,116.75627142
 02/24  19:00:00,259.431420944,132.832015804
 02/24  20:00:00,236.11442890200001,161.563811459
 02/24  21:00:00,207.656131163,183.042892835
 02/24  22:00:00,147.390410114,172.225605525
 02/24  23:00:00,92.26657399049999,3.4995183954400004
 02/24  24:00:00,125.70547641700001,2.355
 02/25  01:00:00,91.7558937284,2.91565942186
 02/25  02:00:00,84.2688799295,1.77125
 02/25  03:00:00,82.9465379567,1.77125
 02/25  04:00:00,82.88892362189999,2.91556933322
 02/25  05:00:00,90.5112307784,1.77125
 02/25  06:00:00,90.94093326219999,2.91552649772
 02/25  07:00:00,127.229196554,292.930125738
 02/25  08:00:00,134.543059305,256.522046037
 02/25  09:00:00,198.404930648,214.0848205
 02/25  10:00:00,222.532645108,173.502910583
 02/25  11:00:00,255.64378612,124.61327521700001
 02/25  12:00:00,296.78697204900004,62.4654860766
 02/25  13:00:00,292.147249289,27.8772644983
 02/25  14:00:00,294.121574712,13.8025273322
 02/25  15:00:00,286.22028933,13.1442667588
 02/25  16:00:00,278.49080360799996,17.3620046638
 02/25  17:00:00,276.555160755,20.4720566269
 02/25  18:00:00,280.363034775,31.254806639899996
 02/25  19:00:00,266.319365986,56.9330616853
 02/25  20:00:00,224.49010017,68.118248292
 02/25  21:00:00,209.13857122599998,72.7659781704
 02/25  22:00:00,157.455567928,38.9273888294
 02/25  23:00:00,109.25079286399999,1.77125
 02/25  24:00:00,140.381722935,2.91574338033
 02/26  01:00:00,113.32494090700001,1.77125
 02/26  02:00:00,104.510153922,1.77125
 02/26  03:00:00,103.75995290899999,2.9155437704100002
 02/26  04:00:00,102.743867425,1.77125
 02/26  05:00:00,108.40237119,1.77125
 02/26  06:00:00,107.382734585,2.9155695555000003
 02/26  07:00:00,142.423415307,164.08725090299998
 02/26  08:00:00,153.51408121,157.72023440700002
 02/26  09:00:00,187.863284325,136.92261841
 02/26  10:00:00,166.84024992,119.598386143
 02/26  11:00:00,200.57900262400003,100.43637311100001
 02/26  12:00:00,228.053630363,97.82590448190001
 02/26  13:00:00,241.08130868900002,88.51118056959999
 02/26  14:00:00,240.046765152,86.6766076177
 02/26  15:00:00,234.777887799,85.59714474020001
 02/26  16:00:00,229.96567820099997,85.4552178859
 02/26  17:00:00,224.488951443,97.073929278
 02/26  18:00:00,197.81999375,132.970778393
 02/26  19:00:00,206.68021627299998,150.3237674
 02/26  20:00:00,190.636644275,151.532231074
 02/26  21:00:00,179.68127523799998,161.460781213
 02/26  22:00:00,160.912648087,124.963544066
 02/26  23:00:00,100.334145768,1.77125
 02/26  24:00:00,131.791035519,1.77125
 02/27  01:00:00,102.37349021200001,3.49924251302
 02/27  02:00:00,92.1751071001,2.355
 02/27  03:00:00,89.51237901379999,2.355
 02/27  04:00:00,87.79252619729999,3.49927504257
 02/27  05:00:00,93.1081569912,2.355
 02/27  06:00:00,91.60037585040001,2.355
 02/27  07:00:00,137.29709450000001,297.179236081
 02/27  08:00:00,140.926253162,273.968105993
 02/27  09:00:00,216.193710195,237.39329158299998
 02/27  10:00:00,241.570293507,197.07307829200002
 02/27  11:00:00,232.569074599,174.913363005
 02/27  12:00:00,262.788003074,147.422612908
 02/27  13:00:00,242.022692392,135.189818782
 02/27  14:00:00,238.436579005,134.345970916
 02/27  15:00:00,234.984958863,122.94689639
 02/27  16:00:00,230.335020051,123.16570480200001
 02/27  17:00:00,230.000062068,136.150542968
 02/27  18:00:00,235.81525790900002,158.09402717
 02/27  19:00:00,241.106527312,177.32262428599998
 02/27  20:00:00,224.219351227,206.538580727
 02/27  21:00:00,198.68075652299999,223.798743063
 02/27  22:00:00,141.316624934,196.71756017200002
 02/27  23:00:00,82.8161358255,3.49948231378
 02/27  24:00:00,117.78902238299999,2.355
 02/28  01:00:00,86.75373263690001,2.355
 02/28  02:00:00,78.9155506993,3.49929728134
 02/28  03:00:00,78.4694833522,2.355
 02/28  04:00:00,78.0943065362,2.355
 02/28  05:00:00,108.659110515,17.6443352054
 02/28  06:00:00,112.74758187100001,29.034497331500003
 02/28  07:00:00,148.215534907,410.40160272800006
 02/28  08:00:00,143.252943561,358.221822883
 02/28  09:00:00,211.091115418,278.889332746
 02/28  10:00:00,236.62812436,213.320749283
 02/28  11:00:00,227.10396478,179.994741704
 02/28  12:00:00,257.649552684,155.749139155
 02/28  13:00:00,239.387161515,135.380436292
 02/28  14:00:00,238.245772385,118.99391285600001
 02/28  15:00:00,235.90236103400002,108.410559643
 02/28  16:00:00,234.172737306,103.209165252
 02/28  17:00:00,234.055726798,111.31960485200001
 02/28  18:00:00,238.825213437,131.3925522
 02/28  19:00:00,243.55296556099998,153.38714153200002
 02/28  20:00:00,221.727868567,163.18743615399998
 02/28  21:00:00,196.901250173,170.60485673899998
 02/28  22:00:00,140.32883205299999,154.711444172
 02/28  23:00:00,85.3774447008,2.355
 02/28  24:00:00,119.082119145,3.49938756878
 03/01  01:00:00,87.2391606768,2.355
 03/01  02:00:00,78.501461725,3.4992542515900005
 03/01  03:00:00,77.8590594712,2.355
 03/01  04:00:00,90.03350317479999,40.8555523366
 03/01  05:00:00,96.5345320165,49.015311285600006
 03/01  06:00:00,92.94703416770001,40.7925089196
 03/01  07:00:00,131.081638314,529.8253402290001
 03/01  08:00:00,133.231843948,487.264514557
 03/01  09:00:00,209.566192994,431.67665794199996
 03/01  10:00:00,233.314616748,382.05310924
 03/01  11:00:00,223.753113588,358.50894856300005
 03/01  12:00:00,254.76180754,334.525838529
 03/01  13:00:00,234.36493107599998,315.699547818
 03/01  14:00:00,231.12485441200002,306.336568748
 03/01  15:00:00,227.34668648299998,305.429269504
 03/01  16:00:00,223.908521387,302.307158684
 03/01  17:00:00,223.90142398700002,308.062274027
 03/01  18:00:00,230.65718982799999,322.246041418
 03/01  19:00:00,236.953034532,338.909238078
 03/01  20:00:00,220.679419437,356.089196123
 03/01  21:00:00,195.703049271,369.64802312
 03/01  22:00:00,138.957203655,356.258910749
 03/01  23:00:00,78.97495997729999,2.355
 03/01  24:00:00,115.03108961,3.49936487977
 03/02  01:00:00,96.0824632997,43.9073165198
 03/02  02:00:00,91.4558402085,50.5447745034
 03/02  03:00:00,89.1687066499,38.1868754815
 03/02  04:00:00,94.1876913717,74.3079701079
 03/02  05:00:00,101.793330917,78.2499740051
 03/02  06:00:00,96.205282279,64.3149876749
 03/02  07:00:00,130.95355186,587.391879015
 03/02  08:00:00,133.181252555,527.556233868
 03/02  09:00:00,209.555810244,468.73493303199996
 03/02  10:00:00,233.56015558099998,401.669658037
 03/02  11:00:00,223.732320758,368.988907805
 03/02  12:00:00,254.743491594,336.438149367
 03/02  13:00:00,234.539793208,311.713809117
 03/02  14:00:00,231.114465806,294.023304785
 03/02  15:00:00,227.327245865,288.53277645099996
 03/02  16:00:00,223.90367731700002,283.629942901
 03/02  17:00:00,223.91062709999997,288.872671565
 03/02  18:00:00,230.679721046,305.616044532
 03/02  19:00:00,236.986313684,323.66278427599997
 03/02  20:00:00,220.83352243599998,336.886385204
 03/02  21:00:00,195.853506737,347.752845196
 03/02  22:00:00,139.047087865,330.08801652799997
 03/02  23:00:00,79.1781137335,2.355
 03/02  24:00:00,115.097384781,2.355
 03/03  01:00:00,92.2710863286,27.2510872131
 03/03  02:00:00,91.4940595335,42.6738653858
 03/03  03:00:00,93.4610555695,60.0954675356
 03/03  04:00:00,91.1502082175,46.5837586155
 03/03  05:00:00,117.480618261,61.5514331404
 03/03  06:00:00,115.53199082399999,77.8050683986
 03/03  07:00:00,147.763228653,572.1714301669999
 03/03  08:00:00,142.40245258,498.068600369
 03/03  09:00:00,209.69653260599998,421.33547112400004
 03/03  10:00:00,233.686131495,359.30376289
 03/03  11:00:00,223.864159403,328.71094219099996
 03/03  12:00:00,254.798189525,293.916535973
 03/03  13:00:00,234.57947365,274.746023008
 03/03  14:00:00,231.21835762900002,261.086529607
 03/03  15:00:00,227.414614817,250.413581337
 03/03  16:00:00,224.00578369599998,244.390280163
 03/03  17:00:00,224.02712185,248.44110148
 03/03  18:00:00,230.822912272,258.647072828
 03/03  19:00:00,237.07705493400002,276.545381702
 03/03  20:00:00,214.344304302,295.100929521
 03/03  21:00:00,189.809000929,310.51939481700003
 03/03  22:00:00,134.391286236,297.371718058
 03/03  23:00:00,79.37395328390001,3.49949844743
 03/03  24:00:00,115.17807933,2.355
 03/04  01:00:00,85.8551190253,15.2190247677
 03/04  02:00:00,87.93006248540001,38.2371269225
 03/04  03:00:00,85.27018365880001,31.907367131500003
 03/04  04:00:00,91.78478216299999,58.4932986831
 03/04  05:00:00,99.4336424822,59.7650975597
 03/04  06:00:00,94.4322609143,46.8647851394
 03/04  07:00:00,113.558314446,533.861501932
 03/04  08:00:00,119.274362687,458.006319505
 03/04  09:00:00,182.27011941599997,388.03716237099997
 03/04  10:00:00,199.47979827900002,323.166102503
 03/04  11:00:00,224.558463719,279.326217661
 03/04  12:00:00,255.514418243,246.864875883
 03/04  13:00:00,235.799755148,226.3882742
 03/04  14:00:00,232.74138959200002,211.19747455200002
 03/04  15:00:00,228.986535966,202.682508584
 03/04  16:00:00,225.565149295,204.889031585
 03/04  17:00:00,225.433991368,207.201373577
 03/04  18:00:00,231.712070125,225.934794676
 03/04  19:00:00,223.827421188,254.75597057099998
 03/04  20:00:00,178.11724351,270.629051269
 03/04  21:00:00,167.967512118,275.595841463
 03/04  22:00:00,125.343157483,246.89897916400002
 03/04  23:00:00,77.92748654020001,2.9158276916400006
 03/04  24:00:00,113.506014105,2.9156714721499997
 03/05  01:00:00,82.8751309584,1.77125
 03/05  02:00:00,75.793769821,1.77125
 03/05  03:00:00,75.4488550562,2.91555579624
 03/05  04:00:00,87.8737224865,25.2115399138
 03/05  05:00:00,94.55257680780001,27.3780333603
 03/05  06:00:00,90.031837021,23.044443067600003
 03/05  07:00:00,113.92910392799999,472.173022625
 03/05  08:00:00,119.833907763,421.332205322
 03/05  09:00:00,155.77386586,362.163951489
 03/05  10:00:00,129.952538146,343.936413076
 03/05  11:00:00,165.272281053,312.901041423
 03/05  12:00:00,196.55078870900002,297.449521822
 03/05  13:00:00,204.47762675200002,270.186822476
 03/05  14:00:00,202.220175097,261.853498226
 03/05  15:00:00,198.357544226,257.757197857
 03/05  16:00:00,195.069605995,254.806377373
 03/05  17:00:00,195.48052918,252.59787775200002
 03/05  18:00:00,173.78657603099998,292.580568269
 03/05  19:00:00,186.264132752,311.276957847
 03/05  20:00:00,166.74800949,316.676158533
 03/05  21:00:00,157.329556503,319.161417316
 03/05  22:00:00,142.328284501,279.643248979
 03/05  23:00:00,81.3492909294,2.9156835480799996
 03/05  24:00:00,116.587935053,1.77125
 03/06  01:00:00,87.38594263969999,2.355
 03/06  02:00:00,79.8645140996,3.4992953111
 03/06  03:00:00,87.0997759955,15.3074798349
 03/06  04:00:00,86.6178550295,17.6721102469
 03/06  05:00:00,93.0478965253,19.5776907441
 03/06  06:00:00,96.6743894621,29.735379653899997
 03/06  07:00:00,128.37396454,403.756324437
 03/06  08:00:00,134.132262125,368.50016655699994
 03/06  09:00:00,210.58082874,330.335850092
 03/06  10:00:00,235.417458575,290.111389264
 03/06  11:00:00,226.05295458700002,278.192393347
 03/06  12:00:00,256.889861757,267.26607232099997
 03/06  13:00:00,237.05200809599998,260.520209018
 03/06  14:00:00,234.09804775400002,260.19576976
 03/06  15:00:00,230.16799482,257.565016491
 03/06  16:00:00,226.842033777,252.979581696
 03/06  17:00:00,227.080027693,253.753009872
 03/06  18:00:00,234.402978981,257.33243337
 03/06  19:00:00,240.612486201,262.091599008
 03/06  20:00:00,225.36310176700002,264.98891583700004
 03/06  21:00:00,200.42566081799998,269.35688803
 03/06  22:00:00,143.052065498,238.33159531799998
 03/06  23:00:00,84.622469797,3.49941673985
 03/06  24:00:00,119.82627438200001,2.355
 03/07  01:00:00,89.0178043964,2.355
 03/07  02:00:00,81.7732424327,3.4992697050199997
 03/07  03:00:00,81.1056921129,2.355
 03/07  04:00:00,84.7392176898,9.24750913032
 03/07  05:00:00,111.45641487,15.740819043499998
 03/07  06:00:00,115.688649405,23.925177188299998
 03/07  07:00:00,146.481043145,390.73594321300004
 03/07  08:00:00,145.535252531,356.427125244
 03/07  09:00:00,211.85214868900002,331.309526965
 03/07  10:00:00,235.69333844599998,310.18994968
 03/07  11:00:00,225.019757287,303.771705364
 03/07  12:00:00,255.12379531099998,294.472168901
 03/07  13:00:00,234.720445275,288.55738607
 03/07  14:00:00,231.812760428,282.52038036
 03/07  15:00:00,227.948007049,279.950962211
 03/07  16:00:00,224.50041623400003,274.30943674
 03/07  17:00:00,224.472445658,273.204641342
 03/07  18:00:00,231.212429235,280.75324590099996
 03/07  19:00:00,237.290926547,291.220767176
 03/07  20:00:00,214.456865411,297.800808447
 03/07  21:00:00,190.06043618099997,310.57176245799997
 03/07  22:00:00,134.500039327,291.504169945
 03/07  23:00:00,79.4894518918,2.355
 03/07  24:00:00,115.223664406,3.4993208248000003
 03/08  01:00:00,84.0484705476,2.355
 03/08  02:00:00,85.9651145727,18.2644224226
 03/08  03:00:00,89.9934719831,35.6200749817
 03/08  04:00:00,90.35542958319999,40.788177531100004
 03/08  05:00:00,95.34112218889999,34.0310333955
 03/08  06:00:00,100.740705891,46.015002682600006
 03/08  07:00:00,127.888081005,497.775764443
 03/08  08:00:00,133.50777179,450.700548416
 03/08  09:00:00,209.710643812,401.33710901300003
 03/08  10:00:00,233.739486317,348.210780502
 03/08  11:00:00,224.010514581,319.900810133
 03/08  12:00:00,254.885010413,297.738744939
 03/08  13:00:00,234.612476445,288.101806504
 03/08  14:00:00,231.37248697099997,278.676393093
 03/08  15:00:00,227.551092487,274.913122816
 03/08  16:00:00,224.14051882200002,269.30711619
 03/08  17:00:00,224.148577663,272.401987065
 03/08  18:00:00,227.50338514599997,286.133059561
 03/08  19:00:00,237.09226186400002,300.403536842
 03/08  20:00:00,220.846040542,318.818063801
 03/08  21:00:00,195.901568287,336.405454061
 03/08  22:00:00,139.06766470899998,320.311213257
 03/08  23:00:00,79.222681882,3.49934287789
 03/08  24:00:00,115.114633246,2.355
 03/09  01:00:00,92.11506271959999,26.0144651629
 03/09  02:00:00,90.100156869,45.0892638837
 03/09  03:00:00,92.6990401844,51.1017966987
 03/09  04:00:00,91.32376461530001,44.9723265363
 03/09  05:00:00,100.938385627,70.3935709885
 03/09  06:00:00,100.52400507600001,72.52970362100001
 03/09  07:00:00,127.881919416,543.116174888
 03/09  08:00:00,133.336319772,483.206989124
 03/09  09:00:00,209.64707351,411.04218968199996
 03/09  10:00:00,233.774414054,342.183645227
 03/09  11:00:00,223.982875848,310.425163998
 03/09  12:00:00,254.83631320700002,284.556046639
 03/09  13:00:00,234.63119438599998,265.854869294
 03/09  14:00:00,231.31661580099998,255.966958821
 03/09  15:00:00,227.53799187400003,249.33435743
 03/09  16:00:00,224.152904208,248.424804578
 03/09  17:00:00,224.20200292099997,251.52405482
 03/09  18:00:00,227.613395293,261.326315208
 03/09  19:00:00,237.20738517400002,269.961696487
 03/09  20:00:00,221.17933092200002,281.400581652
 03/09  21:00:00,196.210164572,288.54130256900004
 03/09  22:00:00,139.25562989,261.862761347
 03/09  23:00:00,79.64955014270001,3.4994640954300005
 03/09  24:00:00,115.309376606,2.355
 03/10  01:00:00,84.6301366158,2.355
 03/10  02:00:00,77.7516558027,3.49929685916
 03/10  03:00:00,85.9372937941,16.6590624325
 03/10  04:00:00,86.01385832860001,18.570715443599997
 03/10  05:00:00,108.56158695399999,19.887732188599998
 03/10  06:00:00,112.59922523,30.6168762361
 03/10  07:00:00,144.768226629,407.71422468300005
 03/10  08:00:00,143.159594828,363.47462991599997
 03/10  09:00:00,210.385251849,313.675893626
 03/10  10:00:00,234.83239316700002,269.12130252400004
 03/10  11:00:00,225.527789483,243.01411873900003
 03/10  12:00:00,257.527433777,217.718397201
 03/10  13:00:00,240.280506828,189.647723016
 03/10  14:00:00,238.12796516,172.59120429400002
 03/10  15:00:00,232.09847289,163.184829888
 03/10  16:00:00,230.633066666,150.958776468
 03/10  17:00:00,231.691589619,152.106084434
 03/10  18:00:00,234.632250248,167.117439536
 03/10  19:00:00,242.64790558599998,182.83890199900003
 03/10  20:00:00,219.99987817099998,193.99983485
 03/10  21:00:00,194.62551622400002,204.003899727
 03/10  22:00:00,138.45852366100002,176.692294265
 03/10  23:00:00,84.7780963415,2.355
 03/10  24:00:00,119.633049819,3.4993865024599997
 03/11  01:00:00,86.99911172690001,1.77125
 03/11  02:00:00,79.3748080104,2.9156472529000004
 03/11  03:00:00,78.5456804765,1.77125
 03/11  04:00:00,77.9047326172,1.77125
 03/11  05:00:00,84.03100629949999,2.9155564297900005
 03/11  06:00:00,87.3972719787,7.49544622376
 03/11  07:00:00,115.234611448,349.953194923
 03/11  08:00:00,121.919769486,307.563280414
 03/11  09:00:00,185.68323171900002,257.594900895
 03/11  10:00:00,205.823146959,202.221773118
 03/11  11:00:00,233.74335994,160.553801811
 03/11  12:00:00,267.970686053,126.046344741
 03/11  13:00:00,254.08011414799998,103.683458267
 03/11  14:00:00,254.889903104,86.2035973933
 03/11  15:00:00,253.18411771200002,74.20839338489999
 03/11  16:00:00,251.09233313099998,71.1135101891
 03/11  17:00:00,251.87902651299999,71.2120251525
 03/11  18:00:00,253.25368492599998,84.1942680459
 03/11  19:00:00,241.66628632400003,123.160794005
 03/11  20:00:00,194.557048049,147.798065401
 03/11  21:00:00,181.31399644599998,161.287705347
 03/11  22:00:00,135.914186187,135.543473434
 03/11  23:00:00,88.90733818540001,1.77125
 03/11  24:00:00,122.557977014,2.91569726996
 03/12  01:00:00,92.32896686790001,1.77125
 03/12  02:00:00,84.1722893488,2.9155781352599996
 03/12  03:00:00,82.86344814579999,1.77125
 03/12  04:00:00,88.33101179229999,1.77125
 03/12  05:00:00,86.99097413969999,2.91551572176
 03/12  06:00:00,127.831322502,356.255599106
 03/12  07:00:00,128.922353188,320.43331705599996
 03/12  08:00:00,162.748355287,258.692332444
 03/12  09:00:00,139.823318699,217.30405149599997
 03/12  10:00:00,179.56600915200002,166.847206156
 03/12  11:00:00,214.00839514,133.342106707
 03/12  12:00:00,230.70755019799998,94.1631292299
 03/12  13:00:00,233.175200912,73.0292218668
 03/12  14:00:00,231.38347088400002,58.01523044060001
 03/12  15:00:00,229.562780676,48.407276008900006
 03/12  16:00:00,229.778147656,48.8217523988
 03/12  17:00:00,199.184476255,63.4934399366
 03/12  18:00:00,202.55027799099997,85.3615884122
 03/12  19:00:00,191.172684774,112.937713463
 03/12  20:00:00,175.21724842700002,140.10655998
 03/12  21:00:00,158.042864731,96.5302172736
 03/12  22:00:00,98.3704750194,2.91566309622
 03/12  23:00:00,131.00385831,1.77125
 03/12  24:00:00,101.57409917,1.77125
 03/13  01:00:00,94.1967632603,3.4993153904800005
 03/13  02:00:00,91.8834189665,2.355
 03/13  03:00:00,90.21911371110001,2.355
 03/13  04:00:00,95.658959261,3.49924932485
 03/13  05:00:00,94.3142870139,2.355
 03/13  06:00:00,146.996498431,240.49441099599997
 03/13  07:00:00,144.667371294,226.31727648700002
 03/13  08:00:00,220.77738565400003,194.723443326
 03/13  09:00:00,250.03605284,153.03573899999998
 03/13  10:00:00,244.674642484,119.04042932
 03/13  11:00:00,279.68679717,81.4764017456
 03/13  12:00:00,269.648387512,52.0082804303
 03/13  13:00:00,272.867615843,30.17810385
 03/13  14:00:00,271.174799198,15.658862902200001
 03/13  15:00:00,266.993014218,12.9708150853
 03/13  16:00:00,264.85947642900004,19.933064403099998
 03/13  17:00:00,260.26196191,40.1635353652
 03/13  18:00:00,254.92619191400001,70.8965681654
 03/13  19:00:00,250.119490053,88.6179908145
 03/13  20:00:00,220.760126189,97.66519205870001
 03/13  21:00:00,158.28944781299998,69.3374678322
 03/13  22:00:00,99.39256445,2.355
 03/13  23:00:00,131.810241035,3.49933542901
 03/13  24:00:00,102.27773292299999,2.355
 03/14  01:00:00,92.7456634309,2.355
 03/14  02:00:00,90.944591586,3.4992745663599996
 03/14  03:00:00,89.51012066790001,2.355
 03/14  04:00:00,110.652780097,2.355
 03/14  05:00:00,109.60521212,3.49926002166
 03/14  06:00:00,162.50427748299998,266.320933809
 03/14  07:00:00,152.855273999,254.36601725
 03/14  08:00:00,220.988543005,206.340178416
 03/14  09:00:00,254.407763591,141.9559563
 03/14  10:00:00,254.26155229,89.22545397450001
 03/14  11:00:00,289.35259759900003,52.0670535813
 03/14  12:00:00,278.262241764,33.00272913
 03/14  13:00:00,278.01790317,14.461068483599998
 03/14  14:00:00,272.742049585,12.8180756473
 03/14  15:00:00,266.560362908,11.672762683399998
 03/14  16:00:00,265.680179464,11.6726507071
 03/14  17:00:00,264.833224795,16.4258057672
 03/14  18:00:00,262.909086722,30.428578245100002
 03/14  19:00:00,248.749240624,63.4454547858
 03/14  20:00:00,216.096824906,91.4840998386
 03/14  21:00:00,153.73597333,74.09089821270001
 03/14  22:00:00,99.25144473889999,2.355
 03/14  23:00:00,131.470302516,2.355
 03/14  24:00:00,102.286132819,3.4992365658099995
 03/15  01:00:00,93.41505514299999,2.355
 03/15  02:00:00,91.5503222773,2.355
 03/15  03:00:00,89.9295462175,3.4992653025699996
 03/15  04:00:00,95.1130936417,2.355
 03/15  05:00:00,93.73221549360001,2.355
 03/15  06:00:00,146.22838390200002,279.259321735
 03/15  07:00:00,143.25036177200002,260.003707396
 03/15  08:00:00,220.55852277,208.534813048
 03/15  09:00:00,255.071658729,143.462895091
 03/15  10:00:00,253.094162421,97.81343747620001
 03/15  11:00:00,286.771582414,63.053930934600004
 03/15  12:00:00,275.39536114,43.744554055200005
 03/15  13:00:00,275.1949304,25.1359406459
 03/15  14:00:00,271.37595809,16.476846266099997
 03/15  15:00:00,265.655769539,16.5386440781
 03/15  16:00:00,257.99525750000004,47.6175057624
 03/15  17:00:00,246.94286808900003,103.968348099
 03/15  18:00:00,247.574905133,104.203387079
 03/15  19:00:00,245.29815235200002,107.96485178299999
 03/15  20:00:00,216.00134205700002,125.22413731399999
 03/15  21:00:00,154.75155959100002,105.99176860700001
 03/15  22:00:00,97.4485663956,3.4994344323199997
 03/15  23:00:00,130.694807,2.355
 03/15  24:00:00,101.28763427,2.355
 03/16  01:00:00,92.4904088071,3.4992473597300005
 03/16  02:00:00,90.58020852780001,2.355
 03/16  03:00:00,88.5617738715,2.355
 03/16  04:00:00,93.6584514645,3.49924598139
 03/16  05:00:00,91.92990650899999,2.355
 03/16  06:00:00,144.117184145,311.640948788
 03/16  07:00:00,141.226190959,289.226368309
 03/16  08:00:00,218.75117768,227.48133957599998
 03/16  09:00:00,249.328255883,166.874483395
 03/16  10:00:00,246.59422662900002,118.870730562
 03/16  11:00:00,281.286970212,80.558496608
 03/16  12:00:00,270.969292736,57.6001591525
 03/16  13:00:00,271.53625133599996,46.5864095776
 03/16  14:00:00,267.113416578,34.4812838604
 03/16  15:00:00,261.469101657,30.5226516275
 03/16  16:00:00,258.988525649,34.8001094092
 03/16  17:00:00,257.674113827,41.2449353412
 03/16  18:00:00,252.066325968,74.16883833899999
 03/16  19:00:00,244.393914435,105.53429177
 03/16  20:00:00,212.69113481,139.703538278
 03/16  21:00:00,151.688807314,126.10635940700001
 03/16  22:00:00,93.72871337379999,2.355
 03/16  23:00:00,127.302612111,3.4993242708800008
 03/16  24:00:00,97.31355009200001,2.355
 03/17  01:00:00,88.6089157544,2.355
 03/17  02:00:00,86.80702886110001,3.4993100296800006
 03/17  03:00:00,85.3435436392,2.355
 03/17  04:00:00,106.33018482700001,2.355
 03/17  05:00:00,105.40821776799999,2.355
 03/17  06:00:00,158.260216901,324.867313544
 03/17  07:00:00,147.64137728,295.702919388
 03/17  08:00:00,214.892049195,259.396621227
 03/17  09:00:00,240.679459165,224.14706601
 03/17  10:00:00,231.865731627,188.172011186
 03/17  11:00:00,262.87961016099996,152.60170252700001
 03/17  12:00:00,245.72608720099998,134.134364429
 03/17  13:00:00,246.136486773,115.74122738
 03/17  14:00:00,243.79528938599998,101.14011367
 03/17  15:00:00,238.98146568099997,107.850273785
 03/17  16:00:00,236.74488271200002,119.90456862
 03/17  17:00:00,235.217978084,134.70813643600002
 03/17  18:00:00,235.594704458,153.147737979
 03/17  19:00:00,222.953129238,177.960673998
 03/17  20:00:00,196.499373074,201.611419178
 03/17  21:00:00,139.40720119999997,182.47215086
 03/17  22:00:00,85.2671408998,3.49949523584
 03/17  23:00:00,120.099135819,2.355
 03/17  24:00:00,89.77502348729999,2.355
 03/18  01:00:00,80.1619770367,2.91567990378
 03/18  02:00:00,79.4960194452,1.77125
 03/18  03:00:00,78.93570214270001,2.91556215741
 03/18  04:00:00,84.9493103493,1.77125
 03/18  05:00:00,84.079766334,1.77125
 03/18  06:00:00,125.625869265,366.92701113199996
 03/18  07:00:00,123.139123815,324.875181446
 03/18  08:00:00,187.614450704,272.19905897900003
 03/18  09:00:00,207.574890795,219.88403177599997
 03/18  10:00:00,234.295117466,170.687420045
 03/18  11:00:00,268.870522919,129.597122658
 03/18  12:00:00,253.99436681400002,112.67558721700001
 03/18  13:00:00,254.261777675,89.5765696614
 03/18  14:00:00,254.48493644599998,66.15627313520001
 03/18  15:00:00,255.21907808,47.34808818850001
 03/18  16:00:00,257.118394738,42.3944394676
 03/18  17:00:00,256.810128124,50.3812229525
 03/18  18:00:00,239.551691577,83.3699125271
 03/18  19:00:00,199.091666938,128.369554669
 03/18  20:00:00,181.59871961,154.549895617
 03/18  21:00:00,136.548864123,132.33750968200002
 03/18  22:00:00,91.6323454778,2.91573899395
 03/18  23:00:00,125.97702133,1.77125
 03/18  24:00:00,97.22589182290001,2.91569615765
 03/19  01:00:00,89.6655601651,1.77125
 03/19  02:00:00,89.2480960838,1.77125
 03/19  03:00:00,89.2227384956,2.91558259573
 03/19  04:00:00,96.6754475273,1.77125
 03/19  05:00:00,95.9678848321,1.77125
 03/19  06:00:00,136.813120725,249.751891427
 03/19  07:00:00,135.965657252,244.76704591400002
 03/19  08:00:00,170.01026497799998,230.398790166
 03/19  09:00:00,145.127569115,226.894092762
 03/19  10:00:00,178.749898643,210.34255908900002
 03/19  11:00:00,207.46011141,206.62060741599998
 03/19  12:00:00,215.23192750799998,190.88369502400002
 03/19  13:00:00,212.83639324400002,184.500850942
 03/19  14:00:00,208.600192333,181.287223014
 03/19  15:00:00,204.97888225900002,174.778629758
 03/19  16:00:00,204.922208799,172.42327644099998
 03/19  17:00:00,176.220568085,197.713095958
 03/19  18:00:00,184.832917047,206.53616583099998
 03/19  19:00:00,176.528421955,213.490531286
 03/19  20:00:00,167.183284254,217.360399932
 03/19  21:00:00,151.693124831,176.63176312599998
 03/19  22:00:00,92.30334425,1.77125
 03/19  23:00:00,126.48181431299999,2.91556776573
 03/19  24:00:00,96.79276652680001,1.77125
 03/20  01:00:00,91.2821821721,2.355
 03/20  02:00:00,90.21492603200001,3.49924337102
 03/20  03:00:00,89.3916909776,2.355
 03/20  04:00:00,95.60373801819999,2.355
 03/20  05:00:00,95.1807529425,3.49922702231
 03/20  06:00:00,149.575561364,258.53452388200003
 03/20  07:00:00,152.953833258,205.86565741200002
 03/20  08:00:00,235.81191462599998,163.13878435200002
 03/20  09:00:00,269.06826217,125.140332163
 03/20  10:00:00,260.573828915,124.595757034
 03/20  11:00:00,281.284291158,128.248456428
 03/20  12:00:00,261.014972575,133.627471981
 03/20  13:00:00,255.373915735,139.171146025
 03/20  14:00:00,247.78315128900002,150.15126418
 03/20  15:00:00,241.924182681,154.215479493
 03/20  16:00:00,241.152152352,160.569330745
 03/20  17:00:00,240.003209499,170.279810112
 03/20  18:00:00,239.883881901,181.85456277900002
 03/20  19:00:00,233.878427339,194.5288176
 03/20  20:00:00,207.13999550900002,205.42589641900003
 03/20  21:00:00,148.072781468,177.0947425
 03/20  22:00:00,89.2605889372,3.49950206911
 03/20  23:00:00,123.247582996,2.355
 03/20  24:00:00,92.1903573006,3.4992483746199996
 03/21  01:00:00,84.8458015603,2.355
 03/21  02:00:00,83.77713323260001,2.355
 03/21  03:00:00,82.92854537390001,3.49927451589
 03/21  04:00:00,104.202222368,2.355
 03/21  05:00:00,107.041690288,9.92894387413
 03/21  06:00:00,156.112575776,367.119445861
 03/21  07:00:00,145.49961452899998,332.45380974799997
 03/21  08:00:00,213.06199749700002,290.903956412
 03/21  09:00:00,239.100219022,246.428256125
 03/21  10:00:00,230.51520102900002,222.87655565400001
 03/21  11:00:00,260.904706555,200.05904947
 03/21  12:00:00,241.66319042,187.365196354
 03/21  13:00:00,239.596097825,171.698880605
 03/21  14:00:00,236.61923689,157.89762177
 03/21  15:00:00,233.937728118,149.916809958
 03/21  16:00:00,233.947375048,149.830030695
 03/21  17:00:00,233.46686263,156.43004633
 03/21  18:00:00,231.190906887,166.918856396
 03/21  19:00:00,221.153429072,191.41524117
 03/21  20:00:00,194.925567455,215.878199787
 03/21  21:00:00,138.19460843299998,192.090937565
 03/21  22:00:00,84.2738158361,2.355
 03/21  23:00:00,119.102413308,3.49930237686
 03/21  24:00:00,87.7474945875,2.355
 03/22  01:00:00,79.89706624899999,2.355
 03/22  02:00:00,79.0246350889,3.499313646
 03/22  03:00:00,78.3991654882,2.355
 03/22  04:00:00,97.2254531421,22.7015882119
 03/22  05:00:00,96.7845103296,24.806544455300003
 03/22  06:00:00,135.272880181,381.73552059199994
 03/22  07:00:00,134.355564695,343.517489735
 03/22  08:00:00,210.85206503400002,296.430594512
 03/22  09:00:00,237.20930143400003,240.56309913299998
 03/22  10:00:00,229.159076614,210.84867213299998
 03/22  11:00:00,259.867200295,188.797348037
 03/22  12:00:00,241.37666182200002,174.139395835
 03/22  13:00:00,239.20292373900003,158.502364271
 03/22  14:00:00,236.140138958,145.775639734
 03/22  15:00:00,232.82956021,146.27458755700002
 03/22  16:00:00,232.003128423,157.57422656
 03/22  17:00:00,230.705606842,177.302139442
 03/22  18:00:00,227.97670299900003,203.747718508
 03/22  19:00:00,225.193707591,223.339560585
 03/22  20:00:00,199.71349562700001,233.68459411
 03/22  21:00:00,142.383632489,201.68183830200002
 03/22  22:00:00,84.324828326,3.4995088503900003
 03/22  23:00:00,119.558241971,2.355
 03/22  24:00:00,89.3921432262,3.4992770477599997
 03/23  01:00:00,82.2889386987,2.355
 03/23  02:00:00,81.9301187771,2.355
 03/23  03:00:00,81.74468191310001,3.4992322233800004
 03/23  04:00:00,88.128710724,2.355
 03/23  05:00:00,87.5333550529,2.355
 03/23  06:00:00,137.75028008799998,350.52250566
 03/23  07:00:00,138.494423982,320.158210475
 03/23  08:00:00,214.413433858,289.59381893
 03/23  09:00:00,240.090106586,256.215811316
 03/23  10:00:00,230.864997577,243.361810446
 03/23  11:00:00,261.457408463,225.91430976700002
 03/23  12:00:00,242.471234746,215.09127481299998
 03/23  13:00:00,239.89174802,206.137602755
 03/23  14:00:00,236.076720698,196.74281457599997
 03/23  15:00:00,232.335869638,193.34091129
 03/23  16:00:00,232.088424737,195.64101349900002
 03/23  17:00:00,231.173224175,202.936756169
 03/23  18:00:00,228.64463875599998,218.218949877
 03/23  19:00:00,225.221372742,239.84038904599998
 03/23  20:00:00,198.638232158,253.87220741099998
 03/23  21:00:00,140.733295784,232.69782364900001
 03/23  22:00:00,82.09845536739999,2.355
 03/23  23:00:00,117.33955238899999,3.49931159549
 03/23  24:00:00,85.3589054727,2.355
 03/24  01:00:00,78.07528882609999,2.355
 03/24  02:00:00,86.19024093120001,19.2371532394
 03/24  03:00:00,90.1943240099,32.346176931
 03/24  04:00:00,112.647948624,34.1456034976
 03/24  05:00:00,108.49879785700001,26.4072273418
 03/24  06:00:00,151.413776346,439.62941147099997
 03/24  07:00:00,143.106355808,387.82989186699996
 03/24  08:00:00,210.312709372,329.171053242
 03/24  09:00:00,236.440028844,264.24072120700004
 03/24  10:00:00,229.36878609599998,222.021605871
 03/24  11:00:00,260.54465054400004,184.46757601299998
 03/24  12:00:00,242.47433306,162.008752496
 03/24  13:00:00,239.331771494,144.78193617899998
 03/24  14:00:00,235.029052672,129.844736698
 03/24  15:00:00,230.96931105299998,120.336529891
 03/24  16:00:00,229.344619338,126.58343884
 03/24  17:00:00,228.176917032,136.799461914
 03/24  18:00:00,226.416892048,158.956518375
 03/24  19:00:00,215.66656375,197.06693106900002
 03/24  20:00:00,190.688210719,223.844563432
 03/24  21:00:00,134.88249345100002,201.40710970700002
 03/24  22:00:00,80.0201425011,3.4994808758800007
 03/24  23:00:00,115.460649345,2.355
 03/24  24:00:00,84.9495261198,2.355
 03/25  01:00:00,75.8085182003,2.91562558272
 03/25  02:00:00,75.6383663728,1.77125
 03/25  03:00:00,79.6088848043,11.4013450741
 03/25  04:00:00,94.64763524840001,26.1453907213
 03/25  05:00:00,90.12936767049999,21.0565030168
 03/25  06:00:00,120.74252316299999,426.764320125
 03/25  07:00:00,119.790517785,370.192397042
 03/25  08:00:00,183.392910429,314.609501062
 03/25  09:00:00,203.553913015,242.352822182
 03/25  10:00:00,229.489776993,190.80488682
 03/25  11:00:00,261.030067241,149.657044283
 03/25  12:00:00,243.348867592,125.505498214
 03/25  13:00:00,241.26416707799999,112.48393726200001
 03/25  14:00:00,238.642519257,95.63703364
 03/25  15:00:00,236.18210006099997,84.50755566710001
 03/25  16:00:00,236.141281488,84.3973926974
 03/25  17:00:00,234.842856313,94.5524460917
 03/25  18:00:00,215.73970797299998,134.759714544
 03/25  19:00:00,180.55260734200002,163.093068559
 03/25  20:00:00,169.917549295,184.45447857599999
 03/25  21:00:00,126.76556046399999,163.705656278
 03/25  22:00:00,79.1523820179,1.77125
 03/25  23:00:00,114.21929066,2.91572882605
 03/25  24:00:00,84.4273715783,1.77125
 03/26  01:00:00,77.3359572395,2.91559331295
 03/26  02:00:00,77.2060721096,1.77125
 03/26  03:00:00,77.14918259560001,1.77125
 03/26  04:00:00,83.6879882961,2.91554782213
 03/26  05:00:00,83.289700706,1.77125
 03/26  06:00:00,122.35739915100001,332.35146644900004
 03/26  07:00:00,121.58235425,293.296139192
 03/26  08:00:00,157.049875786,251.432807618
 03/26  09:00:00,129.56779412,245.326221287
 03/26  10:00:00,164.196911245,228.200777196
 03/26  11:00:00,194.77611717,229.18802293599998
 03/26  12:00:00,202.78414163099998,210.237865607
 03/26  13:00:00,201.621232479,195.742428311
 03/26  14:00:00,198.747159405,183.19542082099997
 03/26  15:00:00,196.191302211,170.301112758
 03/26  16:00:00,196.246834594,165.43205628799998
 03/26  17:00:00,165.96905073,196.20010401
 03/26  18:00:00,171.031275781,212.54265936299998
 03/26  19:00:00,164.43491853,219.88339408
 03/26  20:00:00,155.694902021,226.032725183
 03/26  21:00:00,141.43152693,180.46378716
 03/26  22:00:00,79.3962568655,1.77125
 03/26  23:00:00,114.660816799,1.77125
 03/26  24:00:00,84.89249522600001,2.9155487441
 03/27  01:00:00,80.628175038,2.355
 03/27  02:00:00,81.0935716457,2.355
 03/27  03:00:00,81.6464490706,3.4992333229500003
 03/27  04:00:00,88.56316907770001,2.355
 03/27  05:00:00,88.18632974100001,2.355
 03/27  06:00:00,138.334047277,324.265944805
 03/27  07:00:00,139.237924129,297.592223576
 03/27  08:00:00,214.50622963700002,274.01205129
 03/27  09:00:00,240.231531787,245.235853165
 03/27  10:00:00,231.250134106,233.541435624
 03/27  11:00:00,262.094738976,215.36901957599997
 03/27  12:00:00,244.092933397,202.28177310700002
 03/27  13:00:00,242.37715922200002,192.199761292
 03/27  14:00:00,238.865101334,188.473458369
 03/27  15:00:00,235.739970225,182.961926225
 03/27  16:00:00,235.86564483400002,183.515277415
 03/27  17:00:00,235.516904875,192.198294919
 03/27  18:00:00,233.219947951,199.614645108
 03/27  19:00:00,231.967787708,206.267772772
 03/27  20:00:00,205.840078835,213.479649855
 03/27  21:00:00,147.638658548,181.554668885
 03/27  22:00:00,89.3607708525,2.355
 03/27  23:00:00,123.76948865899999,3.49935771606
 03/27  24:00:00,93.5373963403,2.355
 03/28  01:00:00,85.9565686014,2.355
 03/28  02:00:00,85.1737625465,3.49929181016
 03/28  03:00:00,84.67043161710001,2.355
 03/28  04:00:00,106.67471480399999,2.355
 03/28  05:00:00,106.36751013899999,3.49927234499
 03/28  06:00:00,156.67679478899998,331.56999695900004
 03/28  07:00:00,150.818684563,301.38365939
 03/28  08:00:00,218.152738997,262.99295173
 03/28  09:00:00,244.548309561,234.67112226900002
 03/28  10:00:00,234.813310425,221.03425651700002
 03/28  11:00:00,264.601182978,206.89601268
 03/28  12:00:00,245.419916511,202.692378557
 03/28  13:00:00,242.980636344,194.393825627
 03/28  14:00:00,238.75342323,189.333788222
 03/28  15:00:00,235.178717743,185.932217247
 03/28  16:00:00,234.826953148,185.27058709
 03/28  17:00:00,234.62935849599998,185.130595228
 03/28  18:00:00,232.817076937,191.38190824
 03/28  19:00:00,224.679241723,202.269432719
 03/28  20:00:00,199.64620388,209.056052107
 03/28  21:00:00,143.466958565,178.166814509
 03/28  22:00:00,90.14277808850001,3.4994963877
 03/28  23:00:00,124.309575324,2.355
 03/28  24:00:00,93.8433892458,2.355
 03/29  01:00:00,85.97945876760001,3.4993045276699997
 03/29  02:00:00,84.7554972246,2.355
 03/29  03:00:00,83.7200384333,2.355
 03/29  04:00:00,89.55209978209999,3.49923276805
 03/29  05:00:00,88.57466476549999,2.355
 03/29  06:00:00,138.140993067,348.620100826
 03/29  07:00:00,138.221456034,317.339159907
 03/29  08:00:00,214.15984806900002,281.721988496
 03/29  09:00:00,239.956128865,249.04084561
 03/29  10:00:00,230.709642453,238.090689233
 03/29  11:00:00,261.25254510400003,227.54179203599998
 03/29  12:00:00,242.110059015,218.29906550599998
 03/29  13:00:00,239.583618145,208.94253435099998
 03/29  14:00:00,235.53559467,198.62390449999998
 03/29  15:00:00,232.048411654,189.498737886
 03/29  16:00:00,231.880730779,188.5807561
 03/29  17:00:00,231.361137868,194.91468360599998
 03/29  18:00:00,229.44700736400003,209.280264551
 03/29  19:00:00,228.09350984,216.15047139700002
 03/29  20:00:00,202.677601706,218.686955638
 03/29  21:00:00,144.877168995,189.699272393
 03/29  22:00:00,86.35585037370001,2.355
 03/29  23:00:00,121.22486632399999,2.355
 03/29  24:00:00,90.6178704532,3.4992881334699995
 03/30  01:00:00,82.892340136,2.355
 03/30  02:00:00,82.2691953459,2.355
 03/30  03:00:00,81.6313805092,3.4992407317
 03/30  04:00:00,87.5769166429,2.355
 03/30  05:00:00,95.1558883433,14.1593578697
 03/30  06:00:00,136.295694406,372.638561215
 03/30  07:00:00,135.82732949200002,335.522869255
 03/30  08:00:00,212.29676785799998,293.738318247
 03/30  09:00:00,238.002673738,245.117770459
 03/30  10:00:00,229.011096598,218.232085083
 03/30  11:00:00,258.197231865,213.48763245900003
 03/30  12:00:00,238.997102157,205.692541234
 03/30  13:00:00,237.61814713799998,200.14575622900003
 03/30  14:00:00,234.142479732,194.50143340900001
 03/30  15:00:00,229.96787952900002,189.065343425
 03/30  16:00:00,229.04418040099998,193.035262592
 03/30  17:00:00,228.617426422,201.920164478
 03/30  18:00:00,228.04134941,216.96257800700002
 03/30  19:00:00,226.07718244400002,224.71207652599998
 03/30  20:00:00,200.86036742599998,227.73199875
 03/30  21:00:00,143.246540181,197.096043887
 03/30  22:00:00,84.3115063444,2.355
 03/30  23:00:00,119.21303075799999,3.4993013539
 03/30  24:00:00,88.4315604117,2.355
 03/31  01:00:00,80.7283633788,2.355
 03/31  02:00:00,79.8995500695,3.49930864855
 03/31  03:00:00,79.3378781907,2.355
 03/31  04:00:00,101.240487156,2.355
 03/31  05:00:00,109.479392698,15.654499769400001
 03/31  06:00:00,148.76923231,369.58964680099996
 03/31  07:00:00,143.965969056,333.97182836900004
 03/31  08:00:00,211.351423268,297.655959171
 03/31  09:00:00,236.062899551,261.53611033
 03/31  10:00:00,226.496449531,246.186295966
 03/31  11:00:00,256.922576342,230.12915390900002
 03/31  12:00:00,236.60012817900002,227.26654923599997
 03/31  13:00:00,234.044941473,222.202292059
 03/31  14:00:00,230.563240844,218.098798348
 03/31  15:00:00,227.465576719,210.495504402
 03/31  16:00:00,227.44064831400001,213.410389309
 03/31  17:00:00,227.588825153,217.30477473
 03/31  18:00:00,225.982041582,230.91812499
 03/31  19:00:00,216.73977057099998,245.225568409
 03/31  20:00:00,191.851914645,253.80409875900003
 03/31  21:00:00,136.049517714,224.322816091
 03/31  22:00:00,82.4626704567,3.4995020957699996
 03/31  23:00:00,118.106113575,2.355
 03/31  24:00:00,87.8885597283,2.355
 04/01  01:00:00,79.0033940625,2.91564857821
 04/01  02:00:00,78.680090442,1.77125
 04/01  03:00:00,78.7458413185,1.77125
 04/01  04:00:00,86.08887730219999,2.91558504001
 04/01  05:00:00,86.3944262511,1.77125
 04/01  06:00:00,121.74735875799999,339.184282997
 04/01  07:00:00,126.452069796,312.196257822
 04/01  08:00:00,189.49507137400002,290.739539617
 04/01  09:00:00,208.12185056200002,261.437578536
 04/01  10:00:00,232.94143113799998,236.03674916900002
 04/01  11:00:00,264.123418353,204.52696657299998
 04/01  12:00:00,246.011437072,190.06478157700002
 04/01  13:00:00,243.739761797,191.948900172
 04/01  14:00:00,239.972549486,178.42816317
 04/01  15:00:00,237.521061822,168.943860815
 04/01  16:00:00,238.38888868400002,166.018658085
 04/01  17:00:00,237.743613215,175.606987681
 04/01  18:00:00,220.46513193599998,209.05014592400002
 04/01  19:00:00,188.649794068,224.888402577
 04/01  20:00:00,176.954344217,235.719850262
 04/01  21:00:00,132.511293827,212.08381264
 04/01  22:00:00,86.41147236209999,1.77125
 04/01  23:00:00,121.10513262200001,2.91572170832
 04/01  24:00:00,90.4598666722,1.77125
 04/02  01:00:00,83.02750960430001,1.77125
 04/02  02:00:00,82.1641998708,2.91561130332
 04/02  03:00:00,81.5114667788,1.77125
 04/02  04:00:00,87.8349007784,2.91554840331
 04/02  05:00:00,87.42259570590001,1.77125
 04/02  06:00:00,122.618342032,367.848337477
 04/02  07:00:00,127.95024552299999,326.482600978
 04/02  08:00:00,163.142941645,285.1896667
 04/02  09:00:00,137.747826545,265.928099981
 04/02  10:00:00,172.973265518,230.89126401299998
 04/02  11:00:00,203.524236024,216.84786060099998
 04/02  12:00:00,212.367849592,196.70618712900003
 04/02  13:00:00,210.377021446,190.63406800299998
 04/02  14:00:00,206.42649087200002,186.38817029
 04/02  15:00:00,202.66371939099997,188.394008498
 04/02  16:00:00,202.235514905,183.30766898599998
 04/02  17:00:00,173.920923965,204.53463855400003
 04/02  18:00:00,178.64981728799998,219.126678301
 04/02  19:00:00,173.535490532,234.505949544
 04/02  20:00:00,163.13863498700002,256.16215127
 04/02  21:00:00,147.003434247,222.89397686200002
 04/02  22:00:00,86.7313314876,2.91567496116
 04/02  23:00:00,121.561678316,1.77125
 04/02  24:00:00,91.8426741354,1.77125
 04/03  01:00:00,87.13202957950001,3.49924647883
 04/03  02:00:00,86.6017442421,2.355
 04/03  03:00:00,86.1373993273,2.355
 04/03  04:00:00,91.76011543950001,3.49924239546
 04/03  05:00:00,90.43086128469999,2.355
 04/03  06:00:00,136.380486503,335.754501706
 04/03  07:00:00,140.507461321,303.04077858700003
 04/03  08:00:00,217.043129619,254.121913203
 04/03  09:00:00,244.22498369099998,213.887907083
 04/03  10:00:00,235.253880373,205.983051233
 04/03  11:00:00,264.5280621,198.56845047
 04/03  12:00:00,244.84937862,191.392484873
 04/03  13:00:00,241.762154608,188.783788847
 04/03  14:00:00,237.25645519999998,193.01068992700002
 04/03  15:00:00,232.912771264,197.180646354
 04/03  16:00:00,232.715145203,201.593113397
 04/03  17:00:00,232.86020068599998,205.28617949
 04/03  18:00:00,230.684452768,211.95096328900001
 04/03  19:00:00,228.69335677,219.404151168
 04/03  20:00:00,203.136554795,224.077174662
 04/03  21:00:00,145.623066399,190.04000031900003
 04/03  22:00:00,87.852479927,3.4994994814599996
 04/03  23:00:00,122.578979799,2.355
 04/03  24:00:00,92.40012219110001,3.4992572636300006
 04/04  01:00:00,85.11073135,2.355
 04/04  02:00:00,84.7813732707,2.355
 04/04  03:00:00,84.3325197534,3.4992766740199994
 04/04  04:00:00,106.112302335,2.355
 04/04  05:00:00,105.678903054,2.355
 04/04  06:00:00,152.448571466,330.046817583
 04/04  07:00:00,148.998649985,292.65763525799997
 04/04  08:00:00,215.87479489900002,251.28437539799998
 04/04  09:00:00,241.408388575,211.74670931
 04/04  10:00:00,231.235835435,196.20374571099998
 04/04  11:00:00,261.524228169,173.80892478299998
 04/04  12:00:00,242.86920581599998,156.43314911299998
 04/04  13:00:00,240.912550729,146.387001622
 04/04  14:00:00,237.643971474,134.089589583
 04/04  15:00:00,234.796832048,125.42235154
 04/04  16:00:00,234.647511035,126.11596185799999
 04/04  17:00:00,232.83138437,135.134170279
 04/04  18:00:00,229.32487982799998,157.442571877
 04/04  19:00:00,213.45504548099998,191.254505787
 04/04  20:00:00,191.0751315,214.278832152
 04/04  21:00:00,134.833841834,204.129470673
 04/04  22:00:00,80.0585391628,2.355
 04/04  23:00:00,115.47453505899999,2.355
 04/04  24:00:00,84.81967159850001,3.49926746573
 04/05  01:00:00,78.0930368386,2.355
 04/05  02:00:00,77.8847214929,2.355
 04/05  03:00:00,81.806211401,11.7542584143
 04/05  04:00:00,96.7865768685,27.3985204959
 04/05  05:00:00,92.2140778026,21.2705515924
 04/05  06:00:00,131.438115465,420.93888061300004
 04/05  07:00:00,133.802896923,366.977591709
 04/05  08:00:00,210.83610651900003,291.049295336
 04/05  09:00:00,237.06796794,229.526687851
 04/05  10:00:00,228.75646073,192.643781483
 04/05  11:00:00,261.38473063,154.194585146
 04/05  12:00:00,245.525284828,130.08334665799998
 04/05  13:00:00,242.59575423299998,118.261352815
 04/05  14:00:00,237.345474787,110.53030676600001
 04/05  15:00:00,233.782988305,103.433815562
 04/05  16:00:00,233.36971467,103.494216496
 04/05  17:00:00,230.928457255,116.93538297
 04/05  18:00:00,227.72892198,142.41266123
 04/05  19:00:00,220.591584585,164.072945923
 04/05  20:00:00,198.084129991,185.34730356900002
 04/05  21:00:00,140.438097618,168.958836349
 04/05  22:00:00,80.9414970851,2.355
 04/05  23:00:00,115.84427843200001,3.4993148872800006
 04/05  24:00:00,85.7660833118,2.355
 04/06  01:00:00,78.54159934970001,2.355
 04/06  02:00:00,78.1774440004,3.4992927028400005
 04/06  03:00:00,78.3940875971,2.355
 04/06  04:00:00,85.1325993425,2.355
 04/06  05:00:00,84.466177028,2.355
 04/06  06:00:00,131.676744277,378.06047870199995
 04/06  07:00:00,134.60760630000001,319.413504747
 04/06  08:00:00,211.93174590000004,252.032391689
 04/06  09:00:00,238.179843398,200.162374191
 04/06  10:00:00,230.666116846,160.751254771
 04/06  11:00:00,265.161518484,126.891121409
 04/06  12:00:00,249.680077878,109.002358981
 04/06  13:00:00,250.976111918,85.14256540560001
 04/06  14:00:00,250.666641277,70.1205315622
 04/06  15:00:00,249.27441644700002,58.727363915
 04/06  16:00:00,250.386602933,55.1565775827
 04/06  17:00:00,250.29588530900003,56.3683035197
 04/06  18:00:00,244.87597569999997,76.85835941100001
 04/06  19:00:00,237.463625996,103.889136307
 04/06  20:00:00,210.96799545,120.935749629
 04/06  21:00:00,150.640992034,94.41717731860001
 04/06  22:00:00,90.8343229156,2.355
 04/06  23:00:00,124.032753918,3.49933041254
 04/06  24:00:00,94.52067660200001,2.355
 04/07  01:00:00,86.7878720751,2.355
 04/07  02:00:00,86.1703335682,3.49924684633
 04/07  03:00:00,85.56059938109999,2.355
 04/07  04:00:00,107.27544656299999,2.355
 04/07  05:00:00,106.530390328,3.499083583
 04/07  06:00:00,152.65155895799998,243.318849099
 04/07  07:00:00,149.429032486,223.556566515
 04/07  08:00:00,217.622237565,189.47866400599997
 04/07  09:00:00,247.982908236,144.062610133
 04/07  10:00:00,243.682836563,108.569535629
 04/07  11:00:00,275.624300361,87.32127563469999
 04/07  12:00:00,257.113422727,95.15084718799999
 04/07  13:00:00,253.386988223,100.3847722
 04/07  14:00:00,249.22998317900002,110.20075980200001
 04/07  15:00:00,246.688317118,116.47760275
 04/07  16:00:00,246.461668183,121.268522465
 04/07  17:00:00,247.137369791,121.648459427
 04/07  18:00:00,244.67209933400002,125.668495492
 04/07  19:00:00,234.660699091,136.659732862
 04/07  20:00:00,212.17686742,144.05900574700001
 04/07  21:00:00,154.294425657,110.818649505
 04/07  22:00:00,102.336743409,2.355
 04/07  23:00:00,135.560017583,3.4993209056400003
 04/07  24:00:00,107.160437696,2.355
 04/08  01:00:00,96.25215398629999,2.9156118897900005
 04/08  02:00:00,94.91238859459999,1.77125
 04/08  03:00:00,93.76728660399999,1.77125
 04/08  04:00:00,99.79111453739999,2.91550924391
 04/08  05:00:00,98.9170617424,1.77125
 04/08  06:00:00,132.69637399,218.863168721
 04/08  07:00:00,139.839298781,207.159203442
 04/08  08:00:00,201.507833721,194.96268842900002
 04/08  09:00:00,223.22220587799998,163.612902968
 04/08  10:00:00,248.82329099700002,140.214568988
 04/08  11:00:00,276.466882154,135.36959200799998
 04/08  12:00:00,258.527493029,134.013068863
 04/08  13:00:00,256.44994011200004,131.780084114
 04/08  14:00:00,252.03542497599997,129.047354283
 04/08  15:00:00,248.405404966,133.912111283
 04/08  16:00:00,248.563620164,130.12531096700002
 04/08  17:00:00,248.47350699999998,130.940647941
 04/08  18:00:00,230.92850884400002,147.53222348399999
 04/08  19:00:00,197.317203134,162.218078636
 04/08  20:00:00,189.36093739900002,169.235871723
 04/08  21:00:00,144.447892878,134.733612462
 04/08  22:00:00,99.66392442940001,2.9158103300900002
 04/08  23:00:00,132.44463296200001,1.77125
 04/08  24:00:00,102.553462146,2.91569170652
 04/09  01:00:00,93.0673637627,1.77125
 04/09  02:00:00,90.8341684463,1.77125
 04/09  03:00:00,89.15730387239999,2.9155127245499997
 04/09  04:00:00,94.15548274700001,1.77125
 04/09  05:00:00,92.4985526435,1.77125
 04/09  06:00:00,123.12207269,311.368165518
 04/09  07:00:00,130.998970534,289.16706289
 04/09  08:00:00,165.772160614,260.031429883
 04/09  09:00:00,140.361316429,253.59130219099998
 04/09  10:00:00,174.399940694,238.243727854
 04/09  11:00:00,203.663943123,234.882063547
 04/09  12:00:00,211.40792537099998,220.729852938
 04/09  13:00:00,208.546005525,216.286762497
 04/09  14:00:00,203.648881947,207.235431752
 04/09  15:00:00,199.92492142400002,197.42841756200002
 04/09  16:00:00,200.02463991,191.94186986
 04/09  17:00:00,171.832757195,225.162238151
 04/09  18:00:00,176.434372933,240.56172531299998
 04/09  19:00:00,165.993023579,246.203628896
 04/09  20:00:00,157.643564837,249.434491952
 04/09  21:00:00,141.372468002,210.182771221
 04/09  22:00:00,79.7359213364,1.77125
 04/09  23:00:00,114.831276941,2.91551078138
 04/09  24:00:00,83.82580678949999,1.77125
 04/10  01:00:00,79.1578253034,2.355
 04/10  02:00:00,78.4231105131,3.49924067057
 04/10  03:00:00,82.32139303529999,9.020725827889999
 04/10  04:00:00,93.2951736563,15.8102543123
 04/10  05:00:00,96.9541824126,24.0321370194
 04/10  06:00:00,128.547253615,382.281074996
 04/10  07:00:00,134.70417502799998,331.7320989
 04/10  08:00:00,211.84988914599998,270.735478152
 04/10  09:00:00,238.031557087,221.88353318400002
 04/10  10:00:00,229.36037540200002,190.717552879
 04/10  11:00:00,260.855944087,154.849455626
 04/10  12:00:00,244.374136822,132.082452803
 04/10  13:00:00,243.604523681,114.74720891
 04/10  14:00:00,239.793600006,107.779960102
 04/10  15:00:00,235.704855975,103.80291380799999
 04/10  16:00:00,236.366728859,102.76290864299999
 04/10  17:00:00,236.252041404,105.49377004899999
 04/10  18:00:00,233.139577168,118.23662293299999
 04/10  19:00:00,225.810792675,141.556895123
 04/10  20:00:00,201.88181614200002,172.15819808900002
 04/10  21:00:00,143.364049052,152.93282038200002
 04/10  22:00:00,83.8754653588,2.355
 04/10  23:00:00,118.432619816,3.4993515630500003
 04/10  24:00:00,88.0757455204,2.355
 04/11  01:00:00,80.4556034541,2.355
 04/11  02:00:00,79.6365842371,3.49923996204
 04/11  03:00:00,78.86712568,2.355
 04/11  04:00:00,100.891832057,2.355
 04/11  05:00:00,108.88927782200001,15.9783130418
 04/11  06:00:00,144.955106169,375.070692725
 04/11  07:00:00,144.535180311,319.482591586
 04/11  08:00:00,215.19308512400002,242.278472626
 04/11  09:00:00,245.614114277,176.38249244099998
 04/11  10:00:00,242.124563623,131.047830218
 04/11  11:00:00,276.190087784,95.8144615451
 04/11  12:00:00,263.123153619,76.3538935436
 04/11  13:00:00,262.7968548,60.792288194300006
 04/11  14:00:00,260.373470305,49.3960730271
 04/11  15:00:00,255.922416034,48.834489472200005
 04/11  16:00:00,253.04987563,57.698531028199994
 04/11  17:00:00,252.174131539,59.890519777399994
 04/11  18:00:00,249.064347997,68.8859032736
 04/11  19:00:00,233.074992129,101.317149087
 04/11  20:00:00,204.408744124,135.414276633
 04/11  21:00:00,146.044364347,109.755364839
 04/11  22:00:00,92.7255914588,2.355
 04/11  23:00:00,127.91823213200001,3.49932526051
 04/11  24:00:00,99.90031507329999,2.355
 04/12  01:00:00,92.08500239950001,2.355
 04/12  02:00:00,91.51043183110001,2.355
 04/12  03:00:00,91.284931615,3.4992634977900003
 04/12  04:00:00,97.7407818242,2.355
 04/12  05:00:00,96.8685146561,2.355
 04/12  06:00:00,138.253240718,199.51290962299998
 04/12  07:00:00,146.54889625799998,191.90456471
 04/12  08:00:00,227.19030282,153.100144992
 04/12  09:00:00,260.337179332,107.278329837
 04/12  10:00:00,252.67726497799998,86.5302270353
 04/12  11:00:00,283.836005973,61.1800817391
 04/12  12:00:00,272.778924678,36.3071694269
 04/12  13:00:00,270.292315249,25.6147841568
 04/12  14:00:00,265.671497552,17.227471136800002
 04/12  15:00:00,261.343432943,15.6339135473
 04/12  16:00:00,261.03046292,18.4160924819
 04/12  17:00:00,261.00739522,21.1291941156
 04/12  18:00:00,255.707622345,35.42162637
 04/12  19:00:00,251.33745567900002,54.9247042998
 04/12  20:00:00,225.70956958,62.848811577
 04/12  21:00:00,161.946801791,34.7155798369
 04/12  22:00:00,101.79732828899999,2.355
 04/12  23:00:00,135.221305871,2.355
 04/12  24:00:00,107.14076319600001,3.49926446601
 04/13  01:00:00,97.4139445792,2.355
 04/13  02:00:00,95.425055532,2.355
 04/13  03:00:00,93.89429074569999,3.4992789582499997
 04/13  04:00:00,99.42187271719999,2.355
 04/13  05:00:00,97.83093441129999,2.355
 04/13  06:00:00,139.954768855,165.235120862
 04/13  07:00:00,149.013200983,162.033221155
 04/13  08:00:00,228.549380152,132.793870326
 04/13  09:00:00,259.943443175,100.682902291
 04/13  10:00:00,251.384226795,91.624846961
 04/13  11:00:00,283.477467519,76.9028057439
 04/13  12:00:00,270.539483087,69.37147060310001
 04/13  13:00:00,267.896976907,72.54278213180001
 04/13  14:00:00,262.513370015,80.8264648246
 04/13  15:00:00,260.884002139,80.8627125059
 04/13  16:00:00,262.362008597,80.9090599705
 04/13  17:00:00,261.87515864700003,89.30492581709998
 04/13  18:00:00,258.860173702,97.35493798370001
 04/13  19:00:00,257.18295896,103.303454879
 04/13  20:00:00,235.748472543,106.348309176
 04/13  21:00:00,172.05503729,71.5856632784
 04/13  22:00:00,114.337216785,2.355
 04/13  23:00:00,144.795987275,2.355
 04/13  24:00:00,117.80342376,3.4992534650400002
 04/14  01:00:00,108.54909924,2.355
 04/14  02:00:00,106.78998438299999,2.355
 04/14  03:00:00,105.09696999,3.4992672003300007
 04/14  04:00:00,126.993431839,2.355
 04/14  05:00:00,126.06274652,2.355
 04/14  06:00:00,168.449117271,171.549230765
 04/14  07:00:00,172.553566271,166.472235203
 04/14  08:00:00,238.24014845,144.286863716
 04/14  09:00:00,265.118002439,118.684893211
 04/14  10:00:00,256.61161113,106.453490181
 04/14  11:00:00,284.898423265,85.6105903164
 04/14  12:00:00,269.61140121299997,71.0654991171
 04/14  13:00:00,270.157653012,52.99915552149999
 04/14  14:00:00,267.841185692,35.850885024899995
 04/14  15:00:00,265.77359768400004,26.609288119200002
 04/14  16:00:00,264.691724826,30.869899982600003
 04/14  17:00:00,261.244277937,37.7414487567
 04/14  18:00:00,253.897515749,55.583479268400005
 04/14  19:00:00,239.99133951299999,80.4580156963
 04/14  20:00:00,213.93064691400002,97.48841776540002
 04/14  21:00:00,151.880502683,82.5789976598
 04/14  22:00:00,98.2455108993,3.4994841879100003
 04/14  23:00:00,131.326734496,2.355
 04/14  24:00:00,101.969037759,3.49928369876
 04/15  01:00:00,91.1614227359,1.77125
 04/15  02:00:00,89.9088903391,1.77125
 04/15  03:00:00,89.2428724561,2.91553306863
 04/15  04:00:00,95.3941854777,1.77125
 04/15  05:00:00,94.8857359493,1.77125
 04/15  06:00:00,127.03701601200001,222.958481432
 04/15  07:00:00,138.598415153,205.454230512
 04/15  08:00:00,202.557818457,182.00011516200001
 04/15  09:00:00,227.033918354,148.63484677
 04/15  10:00:00,254.196848876,121.729255774
 04/15  11:00:00,284.33021950200003,105.13768702200001
 04/15  12:00:00,270.299340482,94.1740738152
 04/15  13:00:00,270.280963913,84.50209239729999
 04/15  14:00:00,266.989947203,72.2429183246
 04/15  15:00:00,261.299718935,77.10861362909999
 04/15  16:00:00,253.397905715,108.41895184200001
 04/15  17:00:00,247.902704532,137.801619772
 04/15  18:00:00,228.92083826599998,160.81615445399999
 04/15  19:00:00,194.747288635,170.840250887
 04/15  20:00:00,186.877282837,174.47354118799998
 04/15  21:00:00,142.120216594,141.430138725
 04/15  22:00:00,97.4696224296,1.77125
 04/15  23:00:00,131.062393963,2.91565780043
 04/15  24:00:00,101.81219830200001,1.77125
 04/16  01:00:00,93.4679512906,1.77125
 04/16  02:00:00,92.20082508979999,2.9155948683599995
 04/16  03:00:00,90.7791996381,1.77125
 04/16  04:00:00,96.25117916459999,1.77125
 04/16  05:00:00,94.513826252,2.91551452647
 04/16  06:00:00,124.836514839,300.672640292
 04/16  07:00:00,133.300399139,282.233509381
 04/16  08:00:00,166.95879618,254.21527133700002
 04/16  09:00:00,141.713100764,249.19822702599998
 04/16  10:00:00,175.306732246,228.691962123
 04/16  11:00:00,204.869059255,222.72630885799998
 04/16  12:00:00,213.21115674599997,208.69589368299998
 04/16  13:00:00,211.548044389,203.906957642
 04/16  14:00:00,208.153412205,200.556474055
 04/16  15:00:00,203.973597027,204.462560749
 04/16  16:00:00,202.534535427,211.78276464099997
 04/16  17:00:00,172.641284383,247.17834074599998
 04/16  18:00:00,177.32842775,261.607123981
 04/16  19:00:00,168.525347911,267.174457562
 04/16  20:00:00,162.55775765,269.12305497799997
 04/16  21:00:00,146.72273745299998,229.14132186700002
 04/16  22:00:00,85.7987961544,1.77125
 04/16  23:00:00,120.134752921,2.9155312527999997
 04/16  24:00:00,88.8721325523,1.77125
 04/17  01:00:00,83.4545392549,2.355
 04/17  02:00:00,82.33964855159999,3.4992609690400003
 04/17  03:00:00,81.2793895936,2.355
 04/17  04:00:00,95.68135589120001,15.691623874200001
 04/17  05:00:00,99.22538556159999,28.1838116913
 04/17  06:00:00,129.476920458,395.73601674900004
 04/17  07:00:00,136.588329704,338.559191807
 04/17  08:00:00,214.647785679,266.413672849
 04/17  09:00:00,239.67744703099999,216.03435066900002
 04/17  10:00:00,229.23936176200002,190.51266734200001
 04/17  11:00:00,259.818513781,162.593490261
 04/17  12:00:00,242.41410525900002,143.043103592
 04/17  13:00:00,240.668234346,131.916499655
 04/17  14:00:00,237.099551398,123.820925011
 04/17  15:00:00,234.398626233,116.22413167399999
 04/17  16:00:00,235.344066934,108.30304682299999
 04/17  17:00:00,235.033384344,112.001348599
 04/17  18:00:00,232.403427675,122.27883427
 04/17  19:00:00,221.563417415,147.247074253
 04/17  20:00:00,202.454189313,174.375533685
 04/17  21:00:00,145.021332761,162.456830113
 04/17  22:00:00,86.7329866834,2.355
 04/17  23:00:00,121.33474324,2.355
 04/17  24:00:00,91.6600149331,3.4992509328099994
 04/18  01:00:00,84.1048078143,2.355
 04/18  02:00:00,82.8913754201,2.355
 04/18  03:00:00,81.6348820444,3.4992622834
 04/18  04:00:00,103.398765648,2.355
 04/18  05:00:00,102.645747378,2.355
 04/18  06:00:00,142.30723898600002,360.91663269599997
 04/18  07:00:00,146.488415747,295.657556019
 04/18  08:00:00,217.030650634,223.605174664
 04/18  09:00:00,245.64113395799998,169.201265914
 04/18  10:00:00,238.617306741,140.857952731
 04/18  11:00:00,270.771785253,114.332343334
 04/18  12:00:00,253.43180783900002,101.216753399
 04/18  13:00:00,250.826548475,88.6741629739
 04/18  14:00:00,247.28540524,78.205824503
 04/18  15:00:00,243.39574440299998,71.6755144413
 04/18  16:00:00,242.103035037,76.3408412996
 04/18  17:00:00,240.362422475,83.2925138121
 04/18  18:00:00,236.47555719099998,100.653221874
 04/18  19:00:00,221.408196795,114.50292023
 04/18  20:00:00,201.950751463,125.940823191
 04/18  21:00:00,142.91250707700001,104.14408283
 04/18  22:00:00,88.8047359398,3.4994947205
 04/18  23:00:00,122.54022238799999,2.355
 04/18  24:00:00,93.1841134338,3.49923879023
 04/19  01:00:00,85.3378724601,2.355
 04/19  02:00:00,84.4551279149,2.355
 04/19  03:00:00,83.7209428191,2.355
 04/19  04:00:00,89.83147042350001,3.4992490379900003
 04/19  05:00:00,88.8636314024,2.355
 04/19  06:00:00,128.128568694,330.599942886
 04/19  07:00:00,139.725561428,287.052289127
 04/19  08:00:00,219.48203392,212.40376457
 04/19  09:00:00,250.87837174,150.728460785
 04/19  10:00:00,242.33461790799998,125.58387732899999
 04/19  11:00:00,272.586770284,102.91386641
 04/19  12:00:00,257.180910547,84.1219442882
 04/19  13:00:00,253.348636968,78.5615027637
 04/19  14:00:00,249.09379021,71.8350542459
 04/19  15:00:00,245.879467501,61.348917586599995
 04/19  16:00:00,244.83903480400002,65.0793029764
 04/19  17:00:00,246.353453361,64.3925828072
 04/19  18:00:00,241.82856000599998,78.42462395689999
 04/19  19:00:00,231.917493959,97.64754521729999
 04/19  20:00:00,208.75930234400002,115.759588864
 04/19  21:00:00,147.338263796,103.98223409399999
 04/19  22:00:00,88.9282078641,3.49946093319
 04/19  23:00:00,123.321157648,2.355
 04/19  24:00:00,94.6551961175,2.355
 04/20  01:00:00,86.89871759430001,3.49930187083
 04/20  02:00:00,86.313049576,2.355
 04/20  03:00:00,85.3042270969,2.355
 04/20  04:00:00,90.68157967959999,2.355
 04/20  05:00:00,89.2038070726,3.49927544254
 04/20  06:00:00,127.54886145200001,300.980168589
 04/20  07:00:00,137.817765825,253.338946107
 04/20  08:00:00,216.04810298900003,199.18449977400002
 04/20  09:00:00,248.35024855900002,145.936366721
 04/20  10:00:00,245.609835543,108.153434449
 04/20  11:00:00,278.58996537900003,85.3984253046
 04/20  12:00:00,264.206705865,74.86270244079999
 04/20  13:00:00,260.41199920099996,70.5776582117
 04/20  14:00:00,247.841733638,106.30525104200001
 04/20  15:00:00,243.974127917,124.08670321299999
 04/20  16:00:00,245.341779437,126.02960344899999
 04/20  17:00:00,245.66830924099997,129.322524194
 04/20  18:00:00,242.98814784799998,139.453971746
 04/20  19:00:00,235.930261783,150.026464335
 04/20  20:00:00,216.09416959400002,154.468104245
 04/20  21:00:00,156.772817844,121.375554466
 04/20  22:00:00,100.07754552200001,2.355
 04/20  23:00:00,132.985666505,3.4993476876300003
 04/20  24:00:00,103.92595615799999,2.355
 04/21  01:00:00,95.41877035979999,2.355
 04/21  02:00:00,94.3871427144,3.4992442797400005
 04/21  03:00:00,93.7084033294,2.355
 04/21  04:00:00,115.38239128200001,2.355
 04/21  05:00:00,114.975639479,2.355
 04/21  06:00:00,154.456298406,241.56611670799998
 04/21  07:00:00,159.604216239,219.557468595
 04/21  08:00:00,226.508333579,189.49045593099999
 04/21  09:00:00,254.967435658,151.660809869
 04/21  10:00:00,246.604748775,133.34735966899999
 04/21  11:00:00,274.493100478,120.831854006
 04/21  12:00:00,255.506548992,132.305703323
 04/21  13:00:00,253.15798191,133.79149424
 04/21  14:00:00,249.13488358900003,126.37389636200001
 04/21  15:00:00,244.984987153,128.658118137
 04/21  16:00:00,245.41759569299998,132.952967311
 04/21  17:00:00,245.946070156,131.036893885
 04/21  18:00:00,243.73242512299998,139.504303924
 04/21  19:00:00,229.613966375,150.412232761
 04/21  20:00:00,209.52719021599998,161.052759579
 04/21  21:00:00,150.57835777100001,131.150687388
 04/21  22:00:00,98.2326603201,3.4994786428099998
 04/21  23:00:00,131.785278194,2.355
 04/21  24:00:00,102.521222702,3.4992599008
 04/22  01:00:00,91.2064661378,1.77125
 04/22  02:00:00,89.2682494504,1.77125
 04/22  03:00:00,87.94751231229999,2.91557144287
 04/22  04:00:00,93.2576485169,1.77125
 04/22  05:00:00,92.0972862332,1.77125
 04/22  06:00:00,119.81607071200001,275.466678864
 04/22  07:00:00,132.071230248,246.98861247
 04/22  08:00:00,195.891978532,202.589939974
 04/22  09:00:00,219.531985626,156.31045933
 04/22  10:00:00,248.656578012,115.312170225
 04/22  11:00:00,280.925721137,86.1060716461
 04/22  12:00:00,267.923040411,67.91215051409999
 04/22  13:00:00,266.280945234,58.1135674091
 04/22  14:00:00,260.393498463,51.8384336274
 04/22  15:00:00,255.66813665,44.6788304667
 04/22  16:00:00,254.556031991,40.0729104184
 04/22  17:00:00,252.01323937599997,47.9545001376
 04/22  18:00:00,231.70436628,78.7749156572
 04/22  19:00:00,189.438875678,105.421153765
 04/22  20:00:00,180.49617450000002,127.39505397299999
 04/22  21:00:00,133.968822983,112.096516432
 04/22  22:00:00,87.15185946,2.9158045084099995
 04/22  23:00:00,121.01259886,1.77125
 04/22  24:00:00,91.30425287860001,2.9156549283599995
 04/23  01:00:00,83.96089074689999,1.77125
 04/23  02:00:00,83.36756972180001,1.77125
 04/23  03:00:00,82.8476364686,2.91556717232
 04/23  04:00:00,88.8352567803,1.77125
 04/23  05:00:00,87.8906293145,1.77125
 04/23  06:00:00,116.153739569,303.902708936
 04/23  07:00:00,129.263210195,248.48647048599997
 04/23  08:00:00,169.39249215700002,189.358439777
 04/23  09:00:00,150.01013214,149.442865902
 04/23  10:00:00,188.611714087,106.591606309
 04/23  11:00:00,220.487095168,79.9644455105
 04/23  12:00:00,234.46876147700002,58.1072506017
 04/23  13:00:00,231.340778897,47.703539089799996
 04/23  14:00:00,224.972109723,40.9579815768
 04/23  15:00:00,220.171500648,38.028361228099996
 04/23  16:00:00,220.03277051599997,34.3854929576
 04/23  17:00:00,188.24334883900002,52.11242172520001
 04/23  18:00:00,191.04582340299999,73.1291171195
 04/23  19:00:00,178.199594947,90.1664730076
 04/23  20:00:00,169.800275746,124.585145356
 04/23  21:00:00,151.55693156,107.607024078
 04/23  22:00:00,90.3554502437,1.77125
 04/23  23:00:00,123.944509004,1.77125
 04/23  24:00:00,95.12659809799999,2.9155712767799997
 04/24  01:00:00,89.5730468894,2.355
 04/24  02:00:00,88.5818304335,2.355
 04/24  03:00:00,87.80066319,3.49921613727
 04/24  04:00:00,93.6874205116,2.355
 04/24  05:00:00,92.3798318627,2.355
 04/24  06:00:00,132.26424816,248.67989833599998
 04/24  07:00:00,147.030366364,202.57931409999998
 04/24  08:00:00,230.844044117,144.942220669
 04/24  09:00:00,266.704262885,87.9703307725
 04/24  10:00:00,261.325506594,58.9836872455
 04/24  11:00:00,289.86392655599997,37.210971324
 04/24  12:00:00,277.538199147,20.634065777300002
 04/24  13:00:00,275.083286795,12.284983303399999
 04/24  14:00:00,271.828768584,12.817846823599998
 04/24  15:00:00,267.440789794,11.672563128
 04/24  16:00:00,266.490024317,11.6726469888
 04/24  17:00:00,256.897678596,25.648788333400002
 04/24  18:00:00,247.82787776799998,57.9673949851
 04/24  19:00:00,235.201421589,85.3055629791
 04/24  20:00:00,210.69018237400002,103.48989976799999
 04/24  21:00:00,149.16212308299998,82.0407885255
 04/24  22:00:00,89.32733594700001,3.49942129018
 04/24  23:00:00,122.518659774,2.355
 04/24  24:00:00,92.91635424629999,2.355
 04/25  01:00:00,84.9716746348,3.49926065736
 04/25  02:00:00,83.7908812108,2.355
 04/25  03:00:00,83.2435048339,2.355
 04/25  04:00:00,105.63776995299999,2.355
 04/25  05:00:00,105.661078234,3.4992314239099995
 04/25  06:00:00,146.554722626,252.09447032
 04/25  07:00:00,153.17476459,216.08267757599998
 04/25  08:00:00,225.513657265,166.366184473
 04/25  09:00:00,260.435206108,113.08563674700001
 04/25  10:00:00,256.56767042900003,81.9973600307
 04/25  11:00:00,287.458933922,64.8727035819
 04/25  12:00:00,274.598837086,60.2947151991
 04/25  13:00:00,272.232360893,63.5686661894
 04/25  14:00:00,265.072041438,76.0004680783
 04/25  15:00:00,261.877375593,76.73025691640001
 04/25  16:00:00,262.703483209,77.3404683752
 04/25  17:00:00,261.670594395,86.5856577532
 04/25  18:00:00,257.393151361,95.7962290344
 04/25  19:00:00,244.688283986,102.51872387700001
 04/25  20:00:00,226.313547437,106.08364287200001
 04/25  21:00:00,164.480826129,72.2845562948
 04/25  22:00:00,111.61867363200001,2.355
 04/25  23:00:00,143.605467274,2.355
 04/25  24:00:00,116.49771230299999,3.4992409350199996
 04/26  01:00:00,107.450059757,2.355
 04/26  02:00:00,105.73404603799999,2.355
 04/26  03:00:00,103.675595195,3.4992469550800003
 04/26  04:00:00,108.86149609200001,2.355
 04/26  05:00:00,106.985276655,2.355
 04/26  06:00:00,145.315070838,183.537914577
 04/26  07:00:00,160.202722136,176.184178245
 04/26  08:00:00,235.389178773,154.35941529299998
 04/26  09:00:00,264.4515026,127.614267884
 04/26  10:00:00,253.83854127200001,137.96910496799998
 04/26  11:00:00,276.764289686,147.381234856
 04/26  12:00:00,255.805901405,145.00697902299999
 04/26  13:00:00,252.00765522900002,146.910910196
 04/26  14:00:00,247.468278639,145.720990181
 04/26  15:00:00,244.440647562,149.41951359799998
 04/26  16:00:00,243.600629251,152.537014269
 04/26  17:00:00,241.963376813,154.20802195
 04/26  18:00:00,238.25992284400002,162.976026069
 04/26  19:00:00,228.459739798,171.16604386
 04/26  20:00:00,206.33272019400002,180.98686710099997
 04/26  21:00:00,147.244286412,165.44026387
 04/26  22:00:00,88.7462195762,3.49946356931
 04/26  23:00:00,122.773831566,2.355
 04/26  24:00:00,91.97269737040001,2.355
 04/27  01:00:00,83.88425543689999,3.4993018864999996
 04/27  02:00:00,82.2669613449,2.355
 04/27  03:00:00,80.9243710196,2.355
 04/27  04:00:00,86.34012672520001,2.355
 04/27  05:00:00,89.0667688357,9.77501161041
 04/27  06:00:00,125.64941206700001,346.441191077
 04/27  07:00:00,135.846546218,294.897496033
 04/27  08:00:00,213.21377870400002,244.466866788
 04/27  09:00:00,238.57248632,206.946441105
 04/27  10:00:00,229.541511332,177.70066178099998
 04/27  11:00:00,261.70380039400004,148.671472072
 04/27  12:00:00,243.583458384,137.964966868
 04/27  13:00:00,240.88115654599997,129.69926616200001
 04/27  14:00:00,235.837430659,130.117302774
 04/27  15:00:00,231.312510672,133.138273935
 04/27  16:00:00,231.60275835,135.41667005600002
 04/27  17:00:00,231.31802282200002,144.223747696
 04/27  18:00:00,229.346090635,160.694426878
 04/27  19:00:00,219.895462669,178.173140472
 04/27  20:00:00,200.67532264099998,193.30727856
 04/27  21:00:00,143.008690439,172.07127145299998
 04/27  22:00:00,84.641218815,2.355
 04/27  23:00:00,119.42810124100001,2.355
 04/27  24:00:00,88.9269648608,3.49922227705
 04/28  01:00:00,81.16300247390001,2.355
 04/28  02:00:00,80.1837091686,2.355
 04/28  03:00:00,79.31330775949999,3.4992269120599997
 04/28  04:00:00,101.224289325,2.355
 04/28  05:00:00,106.006422434,16.207321619600002
 04/28  06:00:00,141.845246185,378.797039167
 04/28  07:00:00,146.933523141,301.117495884
 04/28  08:00:00,218.354861468,231.45817772799998
 04/28  09:00:00,247.58092595,178.07910508700002
 04/28  10:00:00,238.375138473,150.368112122
 04/28  11:00:00,268.351314757,128.553683076
 04/28  12:00:00,250.590816722,116.102255877
 04/28  13:00:00,248.966139003,102.497309965
 04/28  14:00:00,243.94474532599997,99.4491174648
 04/28  15:00:00,239.34609987099998,95.8274988291
 04/28  16:00:00,238.25552532900002,96.60536458440001
 04/28  17:00:00,237.32220333400002,105.28652654700001
 04/28  18:00:00,235.17122237599997,120.537312019
 04/28  19:00:00,220.11311874,132.25320078299998
 04/28  20:00:00,199.95528308599998,142.764404313
 04/28  21:00:00,142.205054728,121.434240815
 04/28  22:00:00,88.44421608969999,3.49938285006
 04/28  23:00:00,122.829178749,2.355
 04/28  24:00:00,94.0465091126,2.355
 04/29  01:00:00,84.797816797,2.9156472451599997
 04/29  02:00:00,85.18801512649999,1.77125
 04/29  03:00:00,85.7773078315,1.77125
 04/29  04:00:00,93.0489903555,2.91553171106
 04/29  05:00:00,90.0460950985,1.77125
 04/29  06:00:00,122.651641877,238.79654357099997
 04/29  07:00:00,136.52413871299999,224.86861919700002
 04/29  08:00:00,199.376541028,197.654216503
 04/29  09:00:00,222.650455375,162.502950428
 04/29  10:00:00,249.72116286099998,136.005936146
 04/29  11:00:00,281.890851238,111.934945586
 04/29  12:00:00,269.319147716,98.5204470118
 04/29  13:00:00,270.04854275900004,83.7481006858
 04/29  14:00:00,268.32005189299997,70.7322910791
 04/29  15:00:00,265.900993036,65.58229846180001
 04/29  16:00:00,267.294672828,57.7568597527
 04/29  17:00:00,266.357429971,61.8877204462
 04/29  18:00:00,245.351709167,85.6816433096
 04/29  19:00:00,208.118328364,101.072563984
 04/29  20:00:00,200.27189748,113.878501065
 04/29  21:00:00,152.665915175,83.5567822192
 04/29  22:00:00,106.967420999,1.77125
 04/29  23:00:00,137.791655798,2.91567271546
 04/29  24:00:00,108.95810382799999,1.77125
 04/30  01:00:00,99.5598631649,1.77125
 04/30  02:00:00,97.72839130370001,2.91554321996
 04/30  03:00:00,96.3982612734,1.77125
 04/30  04:00:00,102.10240102,1.77125
 04/30  05:00:00,96.8290917229,2.91553835079
 04/30  06:00:00,127.741457293,216.97821688099998
 04/30  07:00:00,143.837359932,203.607670014
 04/30  08:00:00,178.496772042,181.590898402
 04/30  09:00:00,156.805141291,170.242980921
 04/30  10:00:00,192.419554645,146.71176874100001
 04/30  11:00:00,222.605786513,129.162641215
 04/30  12:00:00,237.89277845900003,105.705210845
 04/30  13:00:00,240.680888839,91.07103070209999
 04/30  14:00:00,235.88559425,90.50408908860001
 04/30  15:00:00,231.819666945,90.0234524042
 04/30  16:00:00,232.02083928,89.5726528108
 04/30  17:00:00,202.917333089,102.506730242
 04/30  18:00:00,204.97121828,116.86979866899999
 04/30  19:00:00,193.705184688,130.313207195
 04/30  20:00:00,187.391005435,141.068712366
 04/30  21:00:00,168.383794445,104.12713632799999
 04/30  22:00:00,108.218888171,1.77125
 04/30  23:00:00,138.709572371,1.77125
 04/30  24:00:00,109.26897935299999,2.9155434474699997
 05/01  01:00:00,100.91981971,2.355
 05/01  02:00:00,96.11563051510001,2.355
 05/01  03:00:00,91.181464783,3.4992780905400003
 05/01  04:00:00,94.25782315229999,2.355
 05/01  05:00:00,88.5069367233,2.355
 05/01  06:00:00,130.967269569,289.452273826
 05/01  07:00:00,142.760749691,254.970579922
 05/01  08:00:00,219.295108034,219.266549345
 05/01  09:00:00,245.662260569,177.65236658799998
 05/01  10:00:00,236.059035738,158.043434983
 05/01  11:00:00,265.586244276,142.686722701
 05/01  12:00:00,249.58633259099997,117.770328761
 05/01  13:00:00,245.34079800400002,121.06757768799999
 05/01  14:00:00,239.691386732,125.600124855
 05/01  15:00:00,236.54037599400002,117.020011166
 05/01  16:00:00,235.639458443,120.844673364
 05/01  17:00:00,234.464730989,129.66156148299999
 05/01  18:00:00,232.711154392,137.635922453
 05/01  19:00:00,220.972029703,151.38715830299998
 05/01  20:00:00,205.87026983599998,161.315900729
 05/01  21:00:00,148.214034542,132.660321553
 05/01  22:00:00,90.0559493597,2.355
 05/01  23:00:00,123.937294755,3.49933804051
 05/01  24:00:00,94.59702627969999,2.355
 05/02  01:00:00,86.78474769209998,2.355
 05/02  02:00:00,86.1233308334,3.4992536888199997
 05/02  03:00:00,85.6720140309,2.355
 05/02  04:00:00,107.69436283200001,2.355
 05/02  05:00:00,104.049330481,3.4992161540800004
 05/02  06:00:00,147.667549571,253.010268924
 05/02  07:00:00,152.27594192,232.880504685
 05/02  08:00:00,219.43330778599997,203.62744459599998
 05/02  09:00:00,247.57528869,157.994280678
 05/02  10:00:00,240.69893626799998,132.430287879
 05/02  11:00:00,271.47266352400004,112.001479546
 05/02  12:00:00,252.967671535,103.20524233
 05/02  13:00:00,249.074707327,98.81744960040001
 05/02  14:00:00,245.282893644,88.388424906
 05/02  15:00:00,241.346014818,81.732036252
 05/02  16:00:00,240.577500965,84.5431753818
 05/02  17:00:00,239.94968546299998,89.09082333129999
 05/02  18:00:00,237.15550394,100.060172687
 05/02  19:00:00,215.348105677,124.240691785
 05/02  20:00:00,197.222687669,146.470061483
 05/02  21:00:00,139.656558136,125.688578138
 05/02  22:00:00,85.99960824959999,3.4994681303099995
 05/02  23:00:00,120.500591516,2.355
 05/02  24:00:00,91.44551932379999,2.355
 05/03  01:00:00,83.8198699069,3.49924460794
 05/03  02:00:00,83.0294752729,2.355
 05/03  03:00:00,82.46800921399999,2.355
 05/03  04:00:00,88.7243723711,3.4992229705300004
 05/03  05:00:00,84.9188732866,2.355
 05/03  06:00:00,128.845036908,294.88628733
 05/03  07:00:00,141.32752712799999,242.606262662
 05/03  08:00:00,219.065234523,191.58014872299998
 05/03  09:00:00,248.84234494900002,142.177739421
 05/03  10:00:00,241.29059846599998,115.075504562
 05/03  11:00:00,270.975356531,102.63223745399999
 05/03  12:00:00,254.47367291700002,98.0608723492
 05/03  13:00:00,252.369487772,85.6430837781
 05/03  14:00:00,245.91670063,87.5650512011
 05/03  15:00:00,242.09203567,84.253905564
 05/03  16:00:00,242.31556631599997,84.7775152124
 05/03  17:00:00,241.641734807,92.3997105922
 05/03  18:00:00,239.263520368,101.868662676
 05/03  19:00:00,227.070790185,113.06863757299999
 05/03  20:00:00,209.02985545,121.56371421
 05/03  21:00:00,148.824376121,96.7510055402
 05/03  22:00:00,90.5732797725,2.355
 05/03  23:00:00,124.26987428700001,2.355
 05/03  24:00:00,95.42047434370001,3.49926707018
 05/04  01:00:00,87.0549345338,2.355
 05/04  02:00:00,86.3449859367,2.355
 05/04  03:00:00,86.5483359712,3.4992673644699996
 05/04  04:00:00,93.8092344416,2.355
 05/04  05:00:00,90.5269482483,2.355
 05/04  06:00:00,134.946527358,214.52542460599997
 05/04  07:00:00,148.675204901,195.930434444
 05/04  08:00:00,224.85829469400002,170.721318166
 05/04  09:00:00,251.79749946200002,142.78190404
 05/04  10:00:00,241.615210196,134.735119211
 05/04  11:00:00,271.750755988,116.904160011
 05/04  12:00:00,254.40572109599998,106.643563467
 05/04  13:00:00,252.11431218599998,98.42107716129999
 05/04  14:00:00,247.954085416,93.71419283969999
 05/04  15:00:00,246.412467105,80.159863589
 05/04  16:00:00,247.209867345,76.24792432390001
 05/04  17:00:00,246.603709338,82.3164528003
 05/04  18:00:00,243.98741081900002,87.6882821121
 05/04  19:00:00,233.554757446,97.034316235
 05/04  20:00:00,216.30509914099997,110.351079466
 05/04  21:00:00,156.84023461,83.9209961457
 05/04  22:00:00,100.760824328,2.355
 05/04  23:00:00,134.320752241,3.49933608699
 05/04  24:00:00,105.387759443,2.355
 05/05  01:00:00,95.5036875384,2.355
 05/05  02:00:00,93.3200765508,3.49929770237
 05/05  03:00:00,91.3484912564,2.355
 05/05  04:00:00,112.046814792,2.355
 05/05  05:00:00,107.898464463,2.355
 05/05  06:00:00,151.142322325,249.01626164900003
 05/05  07:00:00,156.039662631,234.484416199
 05/05  08:00:00,223.04188446700002,203.77988120700002
 05/05  09:00:00,252.766632951,151.068707776
 05/05  10:00:00,250.13940422299999,107.24205403100001
 05/05  11:00:00,285.101751266,65.3438973203
 05/05  12:00:00,272.294997243,43.6073994359
 05/05  13:00:00,269.382996693,33.6471776581
 05/05  14:00:00,264.16358417,23.5941059646
 05/05  15:00:00,260.27421816099996,17.302877051
 05/05  16:00:00,259.524205662,20.657542285399998
 05/05  17:00:00,258.446396418,26.0514340718
 05/05  18:00:00,252.528835236,43.2393549421
 05/05  19:00:00,229.875807522,78.2270884961
 05/05  20:00:00,208.102149219,106.494185411
 05/05  21:00:00,147.612597965,93.759818348
 05/05  22:00:00,94.032416486,2.355
 05/05  23:00:00,127.090936484,3.4993557027199995
 05/05  24:00:00,97.4926447384,2.355
 05/06  01:00:00,86.75110248610001,2.91561929291
 05/06  02:00:00,85.39591282939999,1.77125
 05/06  03:00:00,84.2836169092,1.77125
 05/06  04:00:00,89.9224325931,2.91531486935
 05/06  05:00:00,85.4119272957,1.77125
 05/06  06:00:00,116.93273891700001,272.463415808
 05/06  07:00:00,130.536048376,226.635660925
 05/06  08:00:00,197.86424262,172.167510865
 05/06  09:00:00,222.875636201,125.16044754200001
 05/06  10:00:00,251.346088813,85.49196812609999
 05/06  11:00:00,282.46168254,60.044809033199996
 05/06  12:00:00,268.159863193,46.5029745345
 05/06  13:00:00,266.681785608,30.2677114138
 05/06  14:00:00,263.595891739,19.2635651437
 05/06  15:00:00,261.11486878700003,12.3758271047
 05/06  16:00:00,262.499843097,11.6726055544
 05/06  17:00:00,262.794015453,11.6726351752
 05/06  18:00:00,240.30931828299998,41.983582825300005
 05/06  19:00:00,195.851267505,72.4004865694
 05/06  20:00:00,188.996287038,92.38305857489999
 05/06  21:00:00,140.49456642200002,65.49921541100001
 05/06  22:00:00,93.3199435415,2.91577943544
 05/06  23:00:00,125.96088074200001,1.77125
 05/06  24:00:00,98.0949386522,2.91547626375
 05/07  01:00:00,89.78808798280001,1.77125
 05/07  02:00:00,88.4358597578,2.91553012533
 05/07  03:00:00,87.6730149441,1.77125
 05/07  04:00:00,94.1082033038,1.77125
 05/07  05:00:00,90.2306031365,2.91550723512
 05/07  06:00:00,122.55784694,190.9246938
 05/07  07:00:00,139.637109415,168.154367353
 05/07  08:00:00,182.030744408,124.426541769
 05/07  09:00:00,164.35702014,98.081618048
 05/07  10:00:00,201.82785505400003,70.8471917311
 05/07  11:00:00,233.03321983200001,50.02525512
 05/07  12:00:00,248.177717656,32.248622331
 05/07  13:00:00,248.58405318200002,18.1506313068
 05/07  14:00:00,244.656610138,11.1319357032
 05/07  15:00:00,239.107502477,10.504921015
 05/07  16:00:00,236.78802340000001,12.904650635
 05/07  17:00:00,203.591126391,24.719723282199997
 05/07  18:00:00,205.358965213,42.2363762314
 05/07  19:00:00,190.64558331400002,61.0952683188
 05/07  20:00:00,186.608697282,76.0312702441
 05/07  21:00:00,165.270719065,44.446982363900005
 05/07  22:00:00,102.542767925,2.9156390528099996
 05/07  23:00:00,137.176248203,1.77125
 05/07  24:00:00,110.4395365,1.77125
 05/08  01:00:00,102.430775126,3.49924195574
 05/08  02:00:00,100.551327615,2.355
 05/08  03:00:00,97.56032050030001,2.355
 05/08  04:00:00,102.382314295,3.4992130809300006
 05/08  05:00:00,98.0818016462,2.355
 05/08  06:00:00,140.581770165,149.747817718
 05/08  07:00:00,152.678368374,156.19598787700002
 05/08  08:00:00,226.31633614700002,147.598565301
 05/08  09:00:00,252.830547647,135.310504128
 05/08  10:00:00,242.37386886,134.103405575
 05/08  11:00:00,270.416344083,129.226319037
 05/08  12:00:00,252.99899222599998,124.18605264
 05/08  13:00:00,253.347974752,106.53120948600001
 05/08  14:00:00,251.109339063,94.01424188729999
 05/08  15:00:00,248.47051967299998,75.9874373463
 05/08  16:00:00,249.220172895,68.3279818919
 05/08  17:00:00,249.62424973,67.9511253233
 05/08  18:00:00,248.92258515400002,66.5223716686
 05/08  19:00:00,239.755353593,70.6426005628
 05/08  20:00:00,220.1147889,83.0346740607
 05/08  21:00:00,156.723071919,68.4260140346
 05/08  22:00:00,100.279875229,3.49943623112
 05/08  23:00:00,133.90820485700002,2.355
 05/08  24:00:00,105.741927554,2.355
 05/09  01:00:00,96.28334272139999,3.4992624656199998
 05/09  02:00:00,95.42058360370001,2.355
 05/09  03:00:00,94.93755350069999,2.355
 05/09  04:00:00,116.75205968600001,3.4992368864
 05/09  05:00:00,112.982877799,2.355
 05/09  06:00:00,156.527007788,182.48295612799998
 05/09  07:00:00,164.43988073,175.28694018
 05/09  08:00:00,233.442911426,145.599020084
 05/09  09:00:00,266.43677195,108.24131801700001
 05/09  10:00:00,265.41126883,82.8536795382
 05/09  11:00:00,297.930006177,52.7313861945
 05/09  12:00:00,289.12766634900004,41.100054505500005
 05/09  13:00:00,292.257279013,21.292231891700002
 05/09  14:00:00,288.60999378599996,11.6725532284
 05/09  15:00:00,283.467107257,11.672521093
 05/09  16:00:00,279.317499711,17.1974758263
 05/09  17:00:00,272.94274056,35.8250318976
 05/09  18:00:00,265.685761924,54.108529255
 05/09  19:00:00,246.156592556,75.19598803699999
 05/09  20:00:00,228.718261415,85.7687304197
 05/09  21:00:00,169.244809489,28.3443852608
 05/09  22:00:00,113.975460864,3.49947076231
 05/09  23:00:00,143.1241466,2.355
 05/09  24:00:00,114.97415388600001,3.49923254268
 05/10  01:00:00,105.49114803399999,2.355
 05/10  02:00:00,104.43021864100001,2.355
 05/10  03:00:00,103.824547223,2.355
 05/10  04:00:00,110.226137325,3.49922820266
 05/10  05:00:00,102.578354009,2.355
 05/10  06:00:00,148.50257264299998,150.562457282
 05/10  07:00:00,164.409247016,153.842237719
 05/10  08:00:00,238.27990102,140.198726464
 05/10  09:00:00,265.68899277099996,120.21570158899999
 05/10  10:00:00,258.538142491,112.90230951299999
 05/10  11:00:00,286.744573986,95.2132845333
 05/10  12:00:00,271.91560550099996,87.94228743
 05/10  13:00:00,267.04772352099997,95.8306748092
 05/10  14:00:00,258.507276132,98.8611376135
 05/10  15:00:00,254.182412923,93.8659302778
 05/10  16:00:00,253.66357636,95.0451731951
 05/10  17:00:00,251.69131627299998,104.678900877
 05/10  18:00:00,245.767140566,118.31891754600001
 05/10  19:00:00,233.695999857,129.205841974
 05/10  20:00:00,216.021541446,137.487950186
 05/10  21:00:00,156.517954881,104.66067165700001
 05/10  22:00:00,99.8349525867,3.49946502765
 05/10  23:00:00,133.084511205,2.355
 05/10  24:00:00,104.536197179,3.49925986693
 05/11  01:00:00,96.961235624,2.355
 05/11  02:00:00,96.1051805516,2.355
 05/11  03:00:00,95.32808120680001,2.355
 05/11  04:00:00,101.42016481299999,3.49925482987
 05/11  05:00:00,93.7768735839,2.355
 05/11  06:00:00,140.211170887,188.23734704400002
 05/11  07:00:00,154.58190612,177.85260835900002
 05/11  08:00:00,231.32531268900001,150.448613548
 05/11  09:00:00,262.058678836,114.541160277
 05/11  10:00:00,255.236394098,95.80035347370001
 05/11  11:00:00,282.911093016,80.2323369392
 05/11  12:00:00,268.81736854,65.0497112254
 05/11  13:00:00,268.783526079,48.65536071060001
 05/11  14:00:00,262.674926158,44.4334541967
 05/11  15:00:00,257.694910395,37.781772417
 05/11  16:00:00,252.586406023,55.0266167022
 05/11  17:00:00,253.927407777,52.7421257671
 05/11  18:00:00,253.03015962,51.8180942569
 05/11  19:00:00,242.999150832,67.25065634159999
 05/11  20:00:00,223.135921622,87.1133947552
 05/11  21:00:00,161.122251998,62.3533371562
 05/11  22:00:00,102.868196091,3.4994578058899997
 05/11  23:00:00,135.33269650399998,2.355
 05/11  24:00:00,107.375129538,3.49925516139
 05/12  01:00:00,97.9147657502,2.355
 05/12  02:00:00,96.1417334075,2.355
 05/12  03:00:00,94.7640409178,2.355
 05/12  04:00:00,115.90266705399999,3.49924939378
 05/12  05:00:00,107.804370215,2.355
 05/12  06:00:00,154.963444275,194.64188303400002
 05/12  07:00:00,165.726139811,162.075299995
 05/12  08:00:00,236.500963077,123.561955075
 05/12  09:00:00,270.576159943,81.66920848310001
 05/12  10:00:00,263.427398216,63.967008443999994
 05/12  11:00:00,289.674242002,44.3475763424
 05/12  12:00:00,275.265184982,35.1076407134
 05/12  13:00:00,272.836302245,24.5395129765
 05/12  14:00:00,267.28032037,17.7842382051
 05/12  15:00:00,262.612936792,16.0621748724
 05/12  16:00:00,262.399599572,19.8434580423
 05/12  17:00:00,262.23943932599997,26.671841878200002
 05/12  18:00:00,259.21278725,37.3336821427
 05/12  19:00:00,242.310240477,57.5957178362
 05/12  20:00:00,223.919885165,71.9563122639
 05/12  21:00:00,163.207163969,38.4095420952
 05/12  22:00:00,110.29770791700001,3.4994579084800006
 05/12  23:00:00,143.011827807,2.355
 05/12  24:00:00,116.5417136,3.4992183341400005
 05/13  01:00:00,104.073651939,1.77125
 05/13  02:00:00,102.84421002299999,1.77125
 05/13  03:00:00,102.027768014,2.9155133810100002
 05/13  04:00:00,108.174397265,1.77125
 05/13  05:00:00,99.85079347850001,1.77125
 05/13  06:00:00,133.929395949,128.333346752
 05/13  07:00:00,150.570486649,134.808467685
 05/13  08:00:00,213.294652922,123.823109585
 05/13  09:00:00,237.057637751,105.86358916299999
 05/13  10:00:00,261.40517806099996,93.7065968393
 05/13  11:00:00,289.709623039,82.4992262631
 05/13  12:00:00,275.093000825,73.025865378
 05/13  13:00:00,272.170552246,69.3988509875
 05/13  14:00:00,263.599481915,62.5943846656
 05/13  15:00:00,267.197941597,49.186297914399994
 05/13  16:00:00,271.884483898,43.139227578900005
 05/13  17:00:00,274.323450402,44.8825647146
 05/13  18:00:00,258.082464261,57.3010353183
 05/13  19:00:00,223.969656022,61.8927258641
 05/13  20:00:00,221.198973147,64.5855251401
 05/13  21:00:00,169.36743950299999,26.2800448188
 05/13  22:00:00,122.09453821700001,1.77125
 05/13  23:00:00,152.285646114,2.91562438908
 05/13  24:00:00,128.21050562,1.77125
 05/14  01:00:00,118.159402411,1.77125
 05/14  02:00:00,115.79620853899999,2.9155399020200004
 05/14  03:00:00,112.23567524200001,1.77125
 05/14  04:00:00,114.411932171,1.77125
 05/14  05:00:00,103.70355752799999,2.91551522865
 05/14  06:00:00,136.420952439,127.807120161
 05/14  07:00:00,152.504105191,130.468076479
 05/14  08:00:00,185.929952835,125.543651251
 05/14  09:00:00,160.862760573,126.507149096
 05/14  10:00:00,195.384221152,111.68098922899999
 05/14  11:00:00,223.98632194599998,101.749472683
 05/14  12:00:00,238.737241628,79.71539151569999
 05/14  13:00:00,240.798122613,61.986213935100004
 05/14  14:00:00,237.56326429700002,55.126978798
 05/14  15:00:00,234.205371637,48.009282138900005
 05/14  16:00:00,234.653369625,42.7690025714
 05/14  17:00:00,205.07922374,50.546110776899994
 05/14  18:00:00,206.827764383,63.252094843900004
 05/14  19:00:00,192.906647591,77.1114658793
 05/14  20:00:00,188.581890131,92.9518429914
 05/14  21:00:00,167.595171158,62.6563028352
 05/14  22:00:00,105.781013321,2.9155820961699996
 05/14  23:00:00,136.525300356,1.77125
 05/14  24:00:00,106.68622849200001,1.77125
 05/15  01:00:00,98.55491163040001,3.4992527586400004
 05/15  02:00:00,96.3018672649,2.355
 05/15  03:00:00,94.4739908758,2.355
 05/15  04:00:00,99.54818306700001,3.4992153250699998
 05/15  05:00:00,90.8663552075,2.355
 05/15  06:00:00,136.506155105,219.83671185400001
 05/15  07:00:00,152.068003612,177.96414268700002
 05/15  08:00:00,232.868398025,130.668093064
 05/15  09:00:00,265.45940680900003,90.1937746459
 05/15  10:00:00,257.120237882,69.027938348
 05/15  11:00:00,285.038824471,50.1751180806
 05/15  12:00:00,271.530521282,32.3243716072
 05/15  13:00:00,268.433639676,25.2053252484
 05/15  14:00:00,264.662297657,16.0689395371
 05/15  15:00:00,263.484010404,11.6724743049
 05/15  16:00:00,264.61084372,11.6725072726
 05/15  17:00:00,262.391146105,11.6725561433
 05/15  18:00:00,256.39559761099997,19.8999126846
 05/15  19:00:00,245.693737753,34.5682295891
 05/15  20:00:00,224.798843115,50.160973087600006
 05/15  21:00:00,161.43586618700002,30.3819131416
 05/15  22:00:00,101.974106859,2.355
 05/15  23:00:00,135.125434243,3.4993582028900003
 05/15  24:00:00,108.39320824,2.355
 05/16  01:00:00,99.04204922299999,2.355
 05/16  02:00:00,97.30343711639999,3.49926511889
 05/16  03:00:00,94.41853492850001,2.355
 05/16  04:00:00,116.098517675,2.355
 05/16  05:00:00,109.267761742,3.4992190610900002
 05/16  06:00:00,158.81935363600002,145.876189915
 05/16  07:00:00,169.305997669,133.125657689
 05/16  08:00:00,239.010937465,108.47109084700001
 05/16  09:00:00,270.161464893,83.7210439795
 05/16  10:00:00,264.206941565,70.0316322866
 05/16  11:00:00,298.66239877099997,36.1098555992
 05/16  12:00:00,293.562544705,17.591825295499998
 05/16  13:00:00,298.341678675,12.818039278399999
 05/16  14:00:00,297.707772147,11.6726390003
 05/16  15:00:00,295.755594208,11.6725529905
 05/16  16:00:00,296.919743051,11.6725875177
 05/16  17:00:00,294.987038145,11.6726379303
 05/16  18:00:00,283.61705046099996,11.751538260799999
 05/16  19:00:00,263.108657751,18.769576809
 05/16  20:00:00,252.113479637,29.5323958348
 05/16  21:00:00,181.29016921299998,5.834595287259999
 05/16  22:00:00,126.11255347,2.355
 05/16  23:00:00,155.59036989700002,3.4993623398500002
 05/16  24:00:00,132.935479246,2.355
 05/17  01:00:00,123.178186365,2.355
 05/17  02:00:00,122.27047940799999,3.4992448802999996
 05/17  03:00:00,121.154619647,2.355
 05/17  04:00:00,127.86867866700001,2.355
 05/17  05:00:00,119.660861223,2.355
 05/17  06:00:00,163.223765154,69.9783468983
 05/17  07:00:00,174.721348949,98.3211346646
 05/17  08:00:00,245.771318274,95.5631992836
 05/17  09:00:00,269.690501047,91.5399552184
 05/17  10:00:00,257.90883233799997,94.6807505564
 05/17  11:00:00,282.74913984,86.3990121159
 05/17  12:00:00,267.718228911,73.5817295099
 05/17  13:00:00,265.886470819,68.321049412
 05/17  14:00:00,257.324749248,71.5212311796
 05/17  15:00:00,250.182134517,69.3111445495
 05/17  16:00:00,248.11051136400002,71.8276879825
 05/17  17:00:00,247.24677626099998,76.2560530925
 05/17  18:00:00,243.25097872900002,87.8612949863
 05/17  19:00:00,227.11291510400002,103.96967322399999
 05/17  20:00:00,212.576552488,115.404861345
 05/17  21:00:00,152.356941935,83.3819552011
 05/17  22:00:00,93.9695257444,2.355
 05/17  23:00:00,127.140606874,2.355
 05/17  24:00:00,98.02053682340001,3.4992483149800004
 05/18  01:00:00,90.6114116317,2.355
 05/18  02:00:00,89.7916645193,2.355
 05/18  03:00:00,89.068383721,3.4992385900199996
 05/18  04:00:00,94.7072531733,2.355
 05/18  05:00:00,86.7502726111,2.355
 05/18  06:00:00,133.89762393200002,185.48245980299998
 05/18  07:00:00,145.427260759,184.82811488599998
 05/18  08:00:00,221.25113752,178.370739002
 05/18  09:00:00,249.877398362,160.008765579
 05/18  10:00:00,241.091577583,152.59030881299998
 05/18  11:00:00,270.728894888,136.425009754
 05/18  12:00:00,252.638328256,117.557979559
 05/18  13:00:00,251.956855811,100.799826571
 05/18  14:00:00,248.501819842,88.1255212044
 05/18  15:00:00,243.89110389799998,82.7160802287
 05/18  16:00:00,242.31904449,86.8248094115
 05/18  17:00:00,240.707457072,93.0218691147
 05/18  18:00:00,238.11908271099998,99.78595545469999
 05/18  19:00:00,223.352809773,107.747382518
 05/18  20:00:00,210.546123178,115.782172607
 05/18  21:00:00,150.955452804,86.31205371280001
 05/18  22:00:00,91.2556922816,3.4994560384800004
 05/18  23:00:00,124.777076335,2.355
 05/18  24:00:00,95.895036693,3.49922228302
 05/19  01:00:00,87.8026345554,2.355
 05/19  02:00:00,87.1655692651,2.355
 05/19  03:00:00,86.8730623181,2.355
 05/19  04:00:00,109.013220707,3.4992113855099998
 05/19  05:00:00,101.769088065,2.355
 05/19  06:00:00,149.90995914299998,211.167160878
 05/19  07:00:00,159.766608949,172.631677548
 05/19  08:00:00,230.856519642,129.382316914
 05/19  09:00:00,263.969357001,86.9853418196
 05/19  10:00:00,257.97137235,61.1510529105
 05/19  11:00:00,289.89748792299997,35.988649678499996
 05/19  12:00:00,278.78700364599996,22.3207050639
 05/19  13:00:00,275.696593495,13.2002709918
 05/19  14:00:00,269.490319286,11.6726618336
 05/19  15:00:00,264.719355863,11.6725897155
 05/19  16:00:00,264.276538578,11.6726134206
 05/19  17:00:00,262.125607647,11.6726528606
 05/19  18:00:00,256.800471852,18.8709311148
 05/19  19:00:00,232.81417188,38.6615983663
 05/19  20:00:00,215.56446403299998,61.0401776683
 05/19  21:00:00,154.49114611,37.6866140216
 05/19  22:00:00,99.7006969384,3.4994354561699996
 05/19  23:00:00,131.499416761,2.355
 05/19  24:00:00,102.728557506,2.355
 05/20  01:00:00,91.0991691719,2.91558920287
 05/20  02:00:00,89.88341821680001,1.77125
 05/20  03:00:00,89.6751664235,1.77125
 05/20  04:00:00,96.6773643781,2.9155506133099998
 05/20  05:00:00,89.4844908184,1.77125
 05/20  06:00:00,125.92969064,160.673580045
 05/20  07:00:00,144.16038977600002,142.326218816
 05/20  08:00:00,210.774382428,119.251523189
 05/20  09:00:00,237.46423963799998,88.75863108600001
 05/20  10:00:00,266.164061074,60.438574201899996
 05/20  11:00:00,298.913353555,29.0910297844
 05/20  12:00:00,288.405706111,14.9748289178
 05/20  13:00:00,284.094961629,11.6729199359
 05/20  14:00:00,275.093946573,11.6725412745
 05/20  15:00:00,263.589165447,11.672567564200001
 05/20  16:00:00,260.941317352,11.67257815
 05/20  17:00:00,258.240407517,16.7002071758
 05/20  18:00:00,237.824723713,40.283873819499995
 05/20  19:00:00,191.37550053099997,63.152963022
 05/20  20:00:00,190.565927991,77.5104872791
 05/20  21:00:00,142.73087881799998,52.368549111499995
 05/20  22:00:00,94.76840808629998,2.91569648338
 05/20  23:00:00,127.99677818100001,1.77125
 05/20  24:00:00,98.3247099634,1.77125
 05/21  01:00:00,88.2555382132,2.91556969657
 05/21  02:00:00,86.4078325704,1.77125
 05/21  03:00:00,86.0970995208,1.77125
 05/21  04:00:00,92.2276412744,2.91555878365
 05/21  05:00:00,83.9729586698,1.77125
 05/21  06:00:00,119.854496096,190.48573464400002
 05/21  07:00:00,133.73919793,170.695265677
 05/21  08:00:00,171.637649765,139.242057958
 05/21  09:00:00,146.546696651,126.94039049
 05/21  10:00:00,180.47087496700001,105.543620711
 05/21  11:00:00,210.8350994,95.76173884399999
 05/21  12:00:00,224.47094586400002,76.010712592
 05/21  13:00:00,225.757737067,58.283949487700006
 05/21  14:00:00,222.30113450000002,46.0691431234
 05/21  15:00:00,217.48473663099998,39.3280155574
 05/21  16:00:00,216.463477416,37.523209665500005
 05/21  17:00:00,186.24038132099997,45.0756331263
 05/21  18:00:00,190.491160135,58.8386193516
 05/21  19:00:00,169.183419912,80.4293831601
 05/21  20:00:00,170.931525645,96.52425922180001
 05/21  21:00:00,152.604868035,67.5459271062
 05/21  22:00:00,88.9613687313,1.77125
 05/21  23:00:00,121.29191097399999,1.77125
 05/21  24:00:00,92.9828721584,2.91551781727
 05/22  01:00:00,88.04786332139999,2.355
 05/22  02:00:00,87.8606950057,2.355
 05/22  03:00:00,87.59408279610001,3.4992149959800005
 05/22  04:00:00,94.1052972774,2.355
 05/22  05:00:00,86.5134422195,2.355
 05/22  06:00:00,134.09447064399998,223.803342877
 05/22  07:00:00,151.120151109,177.99258722099998
 05/22  08:00:00,235.379525674,118.155918938
 05/22  09:00:00,268.374744963,75.7813248903
 05/22  10:00:00,259.204925554,55.0793239123
 05/22  11:00:00,287.180656675,37.3904330231
 05/22  12:00:00,274.953456421,25.4915467829
 05/22  13:00:00,274.26168948099996,13.7925528483
 05/22  14:00:00,269.651769408,11.672675665
 05/22  15:00:00,265.65939896099997,11.6725975455
 05/22  16:00:00,266.002219444,11.6726144276
 05/22  17:00:00,265.88017244400004,11.6726469135
 05/22  18:00:00,262.950694449,10.505021880700001
 05/22  19:00:00,252.11975188099998,11.8254125414
 05/22  20:00:00,235.51036955,15.663773595599999
 05/22  21:00:00,170.220149259,5.8346720244300005
 05/22  22:00:00,106.797998452,3.4994122701099997
 05/22  23:00:00,141.344613186,2.355
 05/22  24:00:00,116.20061500700001,2.355
 05/23  01:00:00,105.303138047,3.4992405786900003
 05/23  02:00:00,104.322505496,2.355
 05/23  03:00:00,103.588849612,2.355
 05/23  04:00:00,131.316504751,2.355
 05/23  05:00:00,123.080891741,3.49926149309
 05/23  06:00:00,170.577698862,44.2456828504
 05/23  07:00:00,177.87194444099998,55.7590143092
 05/23  08:00:00,244.717265312,47.183073891899994
 05/23  09:00:00,279.042262594,26.9192888935
 05/23  10:00:00,268.25222522,23.2469956502
 05/23  11:00:00,296.363227388,14.429215881500001
 05/23  12:00:00,283.615650114,11.6727888374
 05/23  13:00:00,276.56030879400004,17.5096426774
 05/23  14:00:00,273.088307019,16.329410092699998
 05/23  15:00:00,271.38992642,11.672447297
 05/23  16:00:00,267.00123141,20.2261030845
 05/23  17:00:00,264.49730427599997,31.8524240311
 05/23  18:00:00,258.64843985,58.992488737799995
 05/23  19:00:00,235.90991931,80.88883789489999
 05/23  20:00:00,219.372670565,97.19815905530001
 05/23  21:00:00,157.431681805,70.0120546844
 05/23  22:00:00,104.808097282,2.355
 05/23  23:00:00,137.723419676,2.355
 05/23  24:00:00,110.306635766,3.4992701031199998
 05/24  01:00:00,101.02007246299999,2.355
 05/24  02:00:00,98.0620160616,2.355
 05/24  03:00:00,96.1921679135,3.4992560654
 05/24  04:00:00,101.136386181,2.355
 05/24  05:00:00,92.8737729524,2.355
 05/24  06:00:00,139.61621428,180.7455956
 05/24  07:00:00,157.899254355,152.836660119
 05/24  08:00:00,239.30773372599998,115.16884401200001
 05/24  09:00:00,270.935532485,82.6689505585
 05/24  10:00:00,262.699650122,70.3423579832
 05/24  11:00:00,287.773224782,63.503285433500004
 05/24  12:00:00,274.379863958,50.2360287716
 05/24  13:00:00,272.12962356099996,43.58522709
 05/24  14:00:00,267.477486151,37.1895659808
 05/24  15:00:00,266.135325989,19.3323084425
 05/24  16:00:00,265.212898391,19.7944874536
 05/24  17:00:00,261.519696958,33.6352926004
 05/24  18:00:00,255.445120713,51.245223848900004
 05/24  19:00:00,237.925424503,78.73749208529999
 05/24  20:00:00,219.656646586,100.03367162200001
 05/24  21:00:00,156.337324428,75.2087346426
 05/24  22:00:00,97.1414581675,3.4994239185600002
 05/24  23:00:00,129.52019306100001,2.355
 05/24  24:00:00,100.72502808200001,2.355
 05/25  01:00:00,92.27993890399999,3.49928215115
 05/25  02:00:00,90.9450782589,2.355
 05/25  03:00:00,89.8223385294,2.355
 05/25  04:00:00,95.3155466686,3.4992382559400004
 05/25  05:00:00,84.1958040998,2.355
 05/25  06:00:00,135.362177216,216.688994465
 05/25  07:00:00,149.98801313299998,197.26807974
 05/25  08:00:00,227.99341833,170.99077031
 05/25  09:00:00,257.475042227,143.621928018
 05/25  10:00:00,252.48239463299998,123.311198651
 05/25  11:00:00,283.855847164,96.5619247705
 05/25  12:00:00,269.76602573,84.8252937587
 05/25  13:00:00,267.94830250900003,78.6783422619
 05/25  14:00:00,265.426319369,64.0767434819
 05/25  15:00:00,261.872704511,53.7644736863
 05/25  16:00:00,260.38660991,53.591563934300005
 05/25  17:00:00,257.931453537,58.9731225519
 05/25  18:00:00,251.408913949,68.9804311339
 05/25  19:00:00,236.558294589,83.63818825109999
 05/25  20:00:00,218.470108893,105.57533819
 05/25  21:00:00,156.127541914,83.4856027007
 05/25  22:00:00,97.8175158473,2.355
 05/25  23:00:00,130.650667155,3.49932013486
 05/25  24:00:00,101.58473643100001,2.355
 05/26  01:00:00,93.22034703889999,2.355
 05/26  02:00:00,92.1476090498,2.355
 05/26  03:00:00,91.129526616,3.4992366071699994
 05/26  04:00:00,112.468793027,2.355
 05/26  05:00:00,101.73737113600001,2.355
 05/26  06:00:00,152.628778401,222.134077537
 05/26  07:00:00,161.264448082,185.09274938299998
 05/26  08:00:00,234.063337582,142.575797784
 05/26  09:00:00,265.008247435,106.849963755
 05/26  10:00:00,260.010479202,83.0756223346
 05/26  11:00:00,288.614709619,58.113623330900005
 05/26  12:00:00,273.14707200099997,46.589878793000004
 05/26  13:00:00,269.46088694900004,40.1589184632
 05/26  14:00:00,262.87884046700003,35.6998353365
 05/26  15:00:00,257.567751735,30.0920840098
 05/26  16:00:00,256.231821717,33.2026665423
 05/26  17:00:00,254.770077083,41.6150888429
 05/26  18:00:00,250.75245632099998,55.434731992799996
 05/26  19:00:00,228.031115792,74.5127076693
 05/26  20:00:00,211.693209182,93.5872964669
 05/26  21:00:00,151.37344925600001,69.83458632979999
 05/26  22:00:00,97.764237105,3.49941018025
 05/26  23:00:00,131.008484944,2.355
 05/26  24:00:00,103.679478969,2.355
 05/27  01:00:00,93.7540326342,2.91556975648
 05/27  02:00:00,93.4314030188,1.77125
 05/27  03:00:00,93.1616716105,1.77125
 05/27  04:00:00,97.8466452773,2.9155409207
 05/27  05:00:00,88.9333617237,1.77125
 05/27  06:00:00,128.57536442399999,139.281536414
 05/27  07:00:00,141.338837104,150.063927254
 05/27  08:00:00,203.07419013900002,146.28560332700002
 05/27  09:00:00,227.042589857,124.97962995
 05/27  10:00:00,255.256726475,101.450158192
 05/27  11:00:00,286.374222524,80.42334372020001
 05/27  12:00:00,274.707844508,62.87932942
 05/27  13:00:00,275.605184991,48.2313217506
 05/27  14:00:00,269.652499454,55.9498951001
 05/27  15:00:00,268.158226249,59.0411087967
 05/27  16:00:00,270.781029796,53.3660589891
 05/27  17:00:00,272.027359643,53.9542692015
 05/27  18:00:00,254.113781689,69.2620379734
 05/27  19:00:00,213.362815198,79.5150420347
 05/27  20:00:00,211.670840833,83.8943666763
 05/27  21:00:00,162.865155097,44.00079735
 05/27  22:00:00,118.206223495,1.77125
 05/27  23:00:00,149.726586188,2.9156962338300003
 05/27  24:00:00,125.919415768,1.77125
 05/28  01:00:00,117.14542077899999,2.91556767676
 05/28  02:00:00,116.74684804,1.77125
 05/28  03:00:00,116.89843066700001,1.77125
 05/28  04:00:00,124.910608883,2.9155428344599996
 05/28  05:00:00,114.23854809999999,1.77125
 05/28  06:00:00,153.297751578,68.5111097122
 05/28  07:00:00,173.452729852,79.5332250269
 05/28  08:00:00,208.48946957099997,61.268928254399995
 05/28  09:00:00,189.56610347,50.377154781499996
 05/28  10:00:00,220.311220392,41.6539153494
 05/28  11:00:00,240.966230602,36.3603480568
 05/28  12:00:00,256.673765481,27.727112112199997
 05/28  13:00:00,254.742691537,29.2128581883
 05/28  14:00:00,247.749244598,29.882022118400002
 05/28  15:00:00,242.408708486,33.8317375362
 05/28  16:00:00,239.57753342400002,43.753785371499994
 05/28  17:00:00,208.278344877,60.7406349491
 05/28  18:00:00,208.332111815,78.1021109248
 05/28  19:00:00,190.90498986,92.11342308299999
 05/28  20:00:00,191.985224235,96.9321502967
 05/28  21:00:00,171.405328303,60.7183569324
 05/28  22:00:00,111.344852038,2.91564158799
 05/28  23:00:00,143.64448087,1.77125
 05/28  24:00:00,116.488205369,1.77125
 05/29  01:00:00,105.87359823,2.91551944723
 05/29  02:00:00,103.69803333899999,1.77125
 05/29  03:00:00,101.895939539,1.77125
 05/29  04:00:00,107.373538096,2.91549767412
 05/29  05:00:00,95.1583899627,1.77125
 05/29  06:00:00,131.916790378,167.773629964
 05/29  07:00:00,146.555918322,169.116983131
 05/29  08:00:00,180.13104815900002,152.227323175
 05/29  09:00:00,157.03096873299998,144.16206864
 05/29  10:00:00,190.336994882,128.993122946
 05/29  11:00:00,219.751918285,119.567016105
 05/29  12:00:00,235.616686965,85.0471961561
 05/29  13:00:00,238.833822758,62.457682035
 05/29  14:00:00,233.734323287,55.372635556300004
 05/29  15:00:00,229.903187748,46.1182567122
 05/29  16:00:00,230.12030555599998,38.1153692739
 05/29  17:00:00,198.520339855,44.2937697071
 05/29  18:00:00,200.911871158,55.4042959446
 05/29  19:00:00,181.274605842,75.69953562159999
 05/29  20:00:00,182.11799548099998,90.9909131329
 05/29  21:00:00,162.581025565,58.652338571499996
 05/29  22:00:00,101.79100610100001,2.91556118298
 05/29  23:00:00,135.433267188,1.77125
 05/29  24:00:00,107.745015299,1.77125
 05/30  01:00:00,101.159524686,3.4992927815099995
 05/30  02:00:00,99.8830245107,2.355
 05/30  03:00:00,99.1681523527,2.355
 05/30  04:00:00,120.94817663100001,2.355
 05/30  05:00:00,111.586926334,3.4992420384699994
 05/30  06:00:00,164.573555631,135.565419835
 05/30  07:00:00,176.50762968799998,119.489812884
 05/30  08:00:00,247.644192707,80.85906464760001
 05/30  09:00:00,281.805754835,43.1519704918
 05/30  10:00:00,275.777476898,26.6190063106
 05/30  11:00:00,305.52409756599997,12.3872754881
 05/30  12:00:00,296.362529427,11.6727472631
 05/30  13:00:00,281.306627181,19.0859299561
 05/30  14:00:00,271.243475581,18.912695739100002
 05/30  15:00:00,274.974179293,11.6726017306
 05/30  16:00:00,284.12077068599996,11.672592995
 05/30  17:00:00,286.034684845,11.672599592100001
 05/30  18:00:00,280.159292822,10.5049984055
 05/30  19:00:00,261.289072972,10.5047593853
 05/30  20:00:00,236.874989464,14.066226753499999
 05/30  21:00:00,169.626043443,5.8345430905499995
 05/30  22:00:00,113.00776204,2.355
 05/30  23:00:00,142.17979992899998,2.355
 05/30  24:00:00,116.018509494,3.49923871477
 05/31  01:00:00,105.79185659999999,2.355
 05/31  02:00:00,103.527235475,2.355
 05/31  03:00:00,101.585317134,3.4992193596699996
 05/31  04:00:00,106.730196275,2.355
 05/31  05:00:00,95.0967532945,2.355
 05/31  06:00:00,146.928561739,121.51716599999999
 05/31  07:00:00,169.11017498799998,99.44377871620001
 05/31  08:00:00,255.949483417,49.0112562701
 05/31  09:00:00,294.633936525,14.410318143900001
 05/31  10:00:00,287.319971022,11.672477506
 05/31  11:00:00,310.65881044099996,11.672773643
 05/31  12:00:00,300.305019217,12.817956775199999
 05/31  13:00:00,299.043354896,11.6728926526
 05/31  14:00:00,295.565454313,11.6725125913
 05/31  15:00:00,290.379553777,11.672416995699999
 05/31  16:00:00,288.97638238,11.672413963
 05/31  17:00:00,288.06187754900003,11.6723146698
 05/31  18:00:00,281.491075027,11.653157701
 05/31  19:00:00,268.234767758,10.5507874921
 05/31  20:00:00,248.75602218900002,11.282871071199999
 05/31  21:00:00,180.445612311,5.834545769759999
 05/31  22:00:00,120.19436182700001,2.355
 05/31  23:00:00,150.971110464,3.4993027306
 05/31  24:00:00,126.160373368,2.355
 06/01  01:00:00,115.20297238299999,2.355
 06/01  02:00:00,117.356071265,3.49924794476
 06/01  03:00:00,119.30717744100001,2.355
 06/01  04:00:00,127.844498163,2.355
 06/01  05:00:00,118.04047348700001,2.355
 06/01  06:00:00,172.67894147599998,15.8222002791
 06/01  07:00:00,196.12332731599997,27.2675476036
 06/01  08:00:00,271.74624113,17.4321554653
 06/01  09:00:00,302.721068155,11.672188133499999
 06/01  10:00:00,307.19414762400004,10.5275
 06/01  11:00:00,330.991483674,12.8179346838
 06/01  12:00:00,327.198643647,11.6726783305
 06/01  13:00:00,330.88428462900004,11.672873686800001
 06/01  14:00:00,321.742778864,11.672534031
 06/01  15:00:00,319.75613399400004,11.6724554512
 06/01  16:00:00,311.975148424,12.1016346173
 06/01  17:00:00,308.302381908,11.6724524997
 06/01  18:00:00,300.38927808799997,10.5050391989
 06/01  19:00:00,286.118984331,10.5047365028
 06/01  20:00:00,265.95199762,8.1925
 06/01  21:00:00,194.53016640099997,5.83465955843
 06/01  22:00:00,131.24792870299999,3.49939060016
 06/01  23:00:00,159.78188482299998,2.355
 06/01  24:00:00,140.265511021,2.355
 06/02  01:00:00,129.076870416,2.355
 06/02  02:00:00,128.43740951200002,3.49928576917
 06/02  03:00:00,127.94607495700001,2.355
 06/02  04:00:00,155.13121397,2.355
 06/02  05:00:00,145.018504786,3.49922941121
 06/02  06:00:00,199.81630020400002,6.226726481569999
 06/02  07:00:00,212.427068212,7.30831247498
 06/02  08:00:00,279.34031434400003,9.33709877636
 06/02  09:00:00,315.318131703,11.672260403900001
 06/02  10:00:00,314.803436771,11.672486622200001
 06/02  11:00:00,332.691440594,11.6726304174
 06/02  12:00:00,325.5897398,11.672914918699998
 06/02  13:00:00,334.45256500799997,11.672825935899999
 06/02  14:00:00,326.751155524,11.6725265333
 06/02  15:00:00,326.834288917,11.6724648572
 06/02  16:00:00,322.420306247,11.6724498662
 06/02  17:00:00,320.154464347,11.6724499324
 06/02  18:00:00,307.438099857,10.5048430313
 06/02  19:00:00,284.219120235,11.353669928399999
 06/02  20:00:00,263.73677841299997,10.290743819400001
 06/02  21:00:00,186.295325195,4.69
 06/02  22:00:00,129.06402714700002,3.4994096490400004
 06/02  23:00:00,158.07866112600001,2.355
 06/02  24:00:00,137.92611432700002,2.355
 06/03  01:00:00,124.045848409,2.91557439939
 06/03  02:00:00,122.948567776,1.77125
 06/03  03:00:00,120.064656557,1.77125
 06/03  04:00:00,126.63781477399999,2.91555468457
 06/03  05:00:00,115.718414469,1.77125
 06/03  06:00:00,153.969466283,16.4433506192
 06/03  07:00:00,173.95948355299998,44.1515564478
 06/03  08:00:00,238.089270356,26.036397459299998
 06/03  09:00:00,270.831920368,9.36
 06/03  10:00:00,302.755027758,11.6723691735
 06/03  11:00:00,323.52029004599996,11.6727847119
 06/03  12:00:00,318.266901863,12.817857137699999
 06/03  13:00:00,321.190466578,11.6728323538
 06/03  14:00:00,310.399825488,11.6726734565
 06/03  15:00:00,305.107573014,11.6726643706
 06/03  16:00:00,306.321192236,11.6726402978
 06/03  17:00:00,306.049372937,11.672601240799999
 06/03  18:00:00,279.759999106,10.4282436156
 06/03  19:00:00,233.33180229799999,7.629576180750001
 06/03  20:00:00,224.331682735,8.05302847871
 06/03  21:00:00,170.16109997799998,4.66710483341
 06/03  22:00:00,118.066708296,1.77125
 06/03  23:00:00,147.90591592299998,2.91566880167
 06/03  24:00:00,122.02063230899999,1.77125
 06/04  01:00:00,108.793303001,1.77125
 06/04  02:00:00,105.67608865,2.9155117284400003
 06/04  03:00:00,99.9128821675,1.77125
 06/04  04:00:00,106.458295885,1.77125
 06/04  05:00:00,96.37874005190001,2.91555165299
 06/04  06:00:00,132.116984148,61.2994730137
 06/04  07:00:00,145.71148157,91.43016534540001
 06/04  08:00:00,182.859612071,81.5855832883
 06/04  09:00:00,159.57669121799998,71.6021980158
 06/04  10:00:00,192.36888498099998,60.3107064318
 06/04  11:00:00,220.460200307,51.440254328900004
 06/04  12:00:00,233.93979805799998,32.711179311799995
 06/04  13:00:00,232.430045155,27.4753678164
 06/04  14:00:00,226.331783285,28.3625655563
 06/04  15:00:00,223.262381195,27.8263907852
 06/04  16:00:00,225.777934149,24.4206211898
 06/04  17:00:00,198.23440532599997,32.2212737794
 06/04  18:00:00,204.02226287099998,43.506355393199996
 06/04  19:00:00,185.85001445400002,63.368409237399995
 06/04  20:00:00,182.018733691,74.0392383588
 06/04  21:00:00,166.30291145299998,39.9566471718
 06/04  22:00:00,105.028667696,1.77125
 06/04  23:00:00,136.60234680899998,2.91552093023
 06/04  24:00:00,109.465047624,1.77125
 06/05  01:00:00,102.032189898,2.355
 06/05  02:00:00,100.599352009,3.4992839683199994
 06/05  03:00:00,99.6463147835,2.355
 06/05  04:00:00,105.51019710799999,2.355
 06/05  05:00:00,94.2070878236,2.355
 06/05  06:00:00,146.53028561600001,96.82550311969999
 06/05  07:00:00,165.546322816,96.2136597315
 06/05  08:00:00,243.31719144,79.73092016689999
 06/05  09:00:00,272.709384538,53.347218842299995
 06/05  10:00:00,262.43359472099996,35.1035538668
 06/05  11:00:00,288.99765087,21.8241115408
 06/05  12:00:00,273.487923634,14.922236185
 06/05  13:00:00,272.592868116,11.6728443591
 06/05  14:00:00,268.116476902,11.6724996069
 06/05  15:00:00,264.44203228,11.672413215399999
 06/05  16:00:00,267.082290974,11.6726191806
 06/05  17:00:00,266.430231024,11.6726200001
 06/05  18:00:00,265.668033713,10.5049700864
 06/05  19:00:00,253.74376691900002,11.6873447308
 06/05  20:00:00,228.55645911099998,26.3127378925
 06/05  21:00:00,166.514477603,11.4204328827
 06/05  22:00:00,105.51150140899999,2.355
 06/05  23:00:00,137.423179791,3.4993056438699996
 06/05  24:00:00,110.331562345,2.355
 06/06  01:00:00,100.38880221,2.355
 06/06  02:00:00,99.1327930234,3.4992701734199994
 06/06  03:00:00,98.107740295,2.355
 06/06  04:00:00,121.565301979,2.355
 06/06  05:00:00,111.65683335700001,3.49920778135
 06/06  06:00:00,162.533714715,91.18928952979999
 06/06  07:00:00,175.154316644,93.3951389249
 06/06  08:00:00,248.87423645099997,58.4896923229
 06/06  09:00:00,283.900371274,23.542789997899998
 06/06  10:00:00,277.993205583,12.0528096681
 06/06  11:00:00,300.205904925,11.6727658839
 06/06  12:00:00,282.855901937,11.6727743809
 06/06  13:00:00,276.95248786,11.6726774924
 06/06  14:00:00,269.834522237,11.672609928699998
 06/06  15:00:00,265.77799700400004,11.672521726400001
 06/06  16:00:00,266.38589136900003,11.672501898499998
 06/06  17:00:00,269.295389402,11.6724969803
 06/06  18:00:00,268.451915681,10.5048640015
 06/06  19:00:00,246.46381184700002,10.50476345
 06/06  20:00:00,223.44894066900002,9.96641871995
 06/06  21:00:00,162.440557687,4.69
 06/06  22:00:00,106.278591042,3.4994047457199997
 06/06  23:00:00,137.515347286,2.355
 06/06  24:00:00,110.587097701,2.355
 06/07  01:00:00,100.163133407,3.4992272435300005
 06/07  02:00:00,98.4461973965,2.355
 06/07  03:00:00,97.07703100030001,2.355
 06/07  04:00:00,103.13045227100001,2.355
 06/07  05:00:00,91.79020273270001,3.49923841007
 06/07  06:00:00,143.010207425,91.7031171955
 06/07  07:00:00,165.240268895,80.1844105341
 06/07  08:00:00,252.354659266,39.369461474299996
 06/07  09:00:00,289.935509704,13.036711258599999
 06/07  10:00:00,285.703572851,11.6724595933
 06/07  11:00:00,309.61367661400004,11.6725897521
 06/07  12:00:00,299.208205163,11.672858937
 06/07  13:00:00,294.39521677,11.672759920499999
 06/07  14:00:00,288.633692769,11.6726906143
 06/07  15:00:00,284.320763496,11.672381519000002
 06/07  16:00:00,283.035684876,11.6725784979
 06/07  17:00:00,285.424581659,11.6725713789
 06/07  18:00:00,280.893541775,10.5049366598
 06/07  19:00:00,266.94767556700003,11.331989413699999
 06/07  20:00:00,239.247485203,10.5352505237
 06/07  21:00:00,172.244920598,4.69
 06/07  22:00:00,109.459136209,3.49937282508
 06/07  23:00:00,140.24241292899998,2.355
 06/07  24:00:00,113.869552035,2.355
 06/08  01:00:00,102.664664045,3.49922460745
 06/08  02:00:00,100.62083129999999,2.355
 06/08  03:00:00,98.8759700965,2.355
 06/08  04:00:00,104.809013838,2.355
 06/08  05:00:00,93.1672252852,3.49923882051
 06/08  06:00:00,144.03013145399999,75.5308747359
 06/08  07:00:00,162.85012809,77.6965473804
 06/08  08:00:00,250.330275693,33.8833173973
 06/08  09:00:00,291.556557873,11.6723093595
 06/08  10:00:00,287.665823945,11.6723158745
 06/08  11:00:00,313.687381111,11.6726468849
 06/08  12:00:00,304.513382309,11.6729132928
 06/08  13:00:00,304.578093855,11.6728119654
 06/08  14:00:00,298.215298928,11.6725041877
 06/08  15:00:00,293.030537088,11.672430650299999
 06/08  16:00:00,294.788465087,11.672403024500001
 06/08  17:00:00,298.913823451,11.6726157799
 06/08  18:00:00,292.348212417,10.5049792836
 06/08  19:00:00,275.748465055,11.5796780516
 06/08  20:00:00,247.000066853,11.3255375186
 06/08  21:00:00,178.09596716099998,4.69
 06/08  22:00:00,114.93489632200001,3.49941165046
 06/08  23:00:00,145.471171291,2.355
 06/08  24:00:00,120.802688353,2.355
 06/09  01:00:00,109.15826182,3.4992627803099996
 06/09  02:00:00,108.114769831,2.355
 06/09  03:00:00,106.42606678,2.355
 06/09  04:00:00,131.284632662,3.4992097129300004
 06/09  05:00:00,120.327709431,2.355
 06/09  06:00:00,174.429379575,35.7365141416
 06/09  07:00:00,189.756030496,40.3047733118
 06/09  08:00:00,264.163639653,11.9834260763
 06/09  09:00:00,303.089480961,11.672172402000001
 06/09  10:00:00,300.06110329,11.6723468893
 06/09  11:00:00,323.696867673,11.6726747672
 06/09  12:00:00,316.061047179,11.672658166500002
 06/09  13:00:00,318.458418695,11.6728350509
 06/09  14:00:00,312.83472244,11.672525896400002
 06/09  15:00:00,310.024357307,11.6724504805
 06/09  16:00:00,310.733330636,11.672420759100001
 06/09  17:00:00,310.179315055,11.6724057868
 06/09  18:00:00,302.699692129,10.5049927968
 06/09  19:00:00,280.112492423,10.5047098306
 06/09  20:00:00,257.170987175,9.711991643660001
 06/09  21:00:00,189.06401152700002,4.69
 06/09  22:00:00,125.99673969700001,3.4994212014099997
 06/09  23:00:00,155.167912451,2.355
 06/09  24:00:00,133.17363873,2.355
 06/10  01:00:00,118.271376255,2.91556972329
 06/10  02:00:00,116.969192097,1.77125
 06/10  03:00:00,115.734714751,1.77125
 06/10  04:00:00,123.92289793100001,2.9155294692
 06/10  05:00:00,113.200247893,1.77125
 06/10  06:00:00,156.648191435,7.97799118207
 06/10  07:00:00,180.379510425,14.906888353
 06/10  08:00:00,240.43303734900002,7.60544073248
 06/10  09:00:00,277.63309335,9.36
 06/10  10:00:00,308.899311668,11.672433576400001
 06/10  11:00:00,331.771855417,11.672620191400002
 06/10  12:00:00,327.641086664,11.672818193
 06/10  13:00:00,334.359940877,12.8178432821
 06/10  14:00:00,325.84128014099997,11.672449213
 06/10  15:00:00,318.98437581400003,11.6724255707
 06/10  16:00:00,317.458263497,10.5275
 06/10  17:00:00,313.958109591,11.6725919729
 06/10  18:00:00,286.495278638,9.337515295560001
 06/10  19:00:00,245.804404773,7.41765843733
 06/10  20:00:00,235.302863902,7.00212536022
 06/10  21:00:00,180.132600936,3.5225
 06/10  22:00:00,121.811941975,2.91575848311
 06/10  23:00:00,151.46579893700002,1.77125
 06/10  24:00:00,128.17548162100002,2.91561551319
 06/11  01:00:00,115.93759826899999,1.77125
 06/11  02:00:00,114.602241243,1.77125
 06/11  03:00:00,113.307764193,2.91549192199
 06/11  04:00:00,119.836216651,1.77125
 06/11  05:00:00,109.02882467799999,1.77125
 06/11  06:00:00,154.571235352,5.6175079526
 06/11  07:00:00,178.02981458,4.84072363262
 06/11  08:00:00,219.978684875,4.66685724823
 06/11  09:00:00,204.61389869400003,3.5225
 06/11  10:00:00,241.621307015,8.16975745906
 06/11  11:00:00,270.68768583599996,7.025
 06/11  12:00:00,301.710046063,10.5047952416
 06/11  13:00:00,293.26709095,10.5047935853
 06/11  14:00:00,268.84230269200003,10.949118009200001
 06/11  15:00:00,264.310482218,11.030271790999999
 06/11  16:00:00,269.49540017,9.36
 06/11  17:00:00,242.400982688,8.16971953857
 06/11  18:00:00,243.888197644,5.834613193459999
 06/11  19:00:00,227.821253225,4.69
 06/11  20:00:00,218.012963395,7.64048268329
 06/11  21:00:00,191.887229745,4.69
 06/11  22:00:00,125.03192129600001,2.91563824861
 06/11  23:00:00,152.180628527,1.77125
 06/11  24:00:00,127.30237526,1.77125
 06/12  01:00:00,118.55977953899999,3.49926075803
 06/12  02:00:00,117.59364026799999,2.355
 06/12  03:00:00,116.517427822,2.355
 06/12  04:00:00,124.08580006,3.49921342687
 06/12  05:00:00,114.136212125,2.355
 06/12  06:00:00,167.22133183,18.352541724
 06/12  07:00:00,191.71066923400002,26.967263625500003
 06/12  08:00:00,273.525798895,8.65147379417
 06/12  09:00:00,307.543220722,11.6722968027
 06/12  10:00:00,307.258550485,11.6724636152
 06/12  11:00:00,327.678570843,11.672782048800002
 06/12  12:00:00,323.339212058,11.672758388599998
 06/12  13:00:00,330.319267883,11.6726533103
 06/12  14:00:00,321.934009812,11.672614491
 06/12  15:00:00,315.892496133,11.6725334364
 06/12  16:00:00,311.427101315,11.6724974905
 06/12  17:00:00,305.485394503,11.6724762674
 06/12  18:00:00,292.163125015,11.424065486099998
 06/12  19:00:00,272.241330947,12.4097616211
 06/12  20:00:00,251.291973815,10.346162471
 06/12  21:00:00,181.886884168,4.69
 06/12  22:00:00,119.76779869200001,3.49942406255
 06/12  23:00:00,149.533301274,2.355
 06/12  24:00:00,125.181755452,2.355
 06/13  01:00:00,114.11314053299999,3.49925267759
 06/13  02:00:00,112.599258354,2.355
 06/13  03:00:00,111.51260669,2.355
 06/13  04:00:00,135.93626036,3.4992673035300004
 06/13  05:00:00,125.666791818,2.355
 06/13  06:00:00,179.983596113,33.8455398875
 06/13  07:00:00,196.50202106,42.5481441724
 06/13  08:00:00,265.206253576,18.237975006400003
 06/13  09:00:00,304.767789908,11.672299371300001
 06/13  10:00:00,307.826588976,11.6723782683
 06/13  11:00:00,329.94592126099997,11.6726938068
 06/13  12:00:00,328.062097511,11.6726683
 06/13  13:00:00,340.602864061,11.6728346454
 06/13  14:00:00,334.646613847,11.6725200626
 06/13  15:00:00,330.11325733,11.6724370979
 06/13  16:00:00,327.86494477900004,11.672399305599999
 06/13  17:00:00,328.165499264,11.6725990293
 06/13  18:00:00,319.494816345,10.5049539941
 06/13  19:00:00,296.07722809,10.5048417858
 06/13  20:00:00,274.650096266,9.337269013230001
 06/13  21:00:00,206.27738773099998,4.69
 06/13  22:00:00,135.414518792,3.4993666259699996
 06/13  23:00:00,162.80945084299998,2.355
 06/13  24:00:00,143.365128847,2.355
 06/14  01:00:00,130.561133428,3.49928571886
 06/14  02:00:00,129.557604823,2.355
 06/14  03:00:00,128.795459913,2.355
 06/14  04:00:00,136.455048845,2.355
 06/14  05:00:00,125.389045959,3.49922617638
 06/14  06:00:00,178.564395789,4.8768164357099995
 06/14  07:00:00,205.06905155599998,5.83247879385
 06/14  08:00:00,287.722695917,9.33713617029
 06/14  09:00:00,328.136214386,11.6722703625
 06/14  10:00:00,326.948762569,11.6724650029
 06/14  11:00:00,346.336602697,11.6725767467
 06/14  12:00:00,352.34224160900004,11.672825572899999
 06/14  13:00:00,362.911726926,11.672712896300002
 06/14  14:00:00,358.30192390900004,11.672630137
 06/14  15:00:00,352.961089366,11.672527036500002
 06/14  16:00:00,352.906776549,11.6724908202
 06/14  17:00:00,351.11438254,11.672469191600001
 06/14  18:00:00,342.398055597,10.5048224932
 06/14  19:00:00,327.65476961900004,10.504708581000001
 06/14  20:00:00,297.095291827,8.1925
 06/14  21:00:00,220.79282391,5.83460993729
 06/14  22:00:00,135.62297775,2.355
 06/14  23:00:00,162.56130161299998,3.4993316574800004
 06/14  24:00:00,142.292386785,2.355
 06/15  01:00:00,128.976200439,2.355
 06/15  02:00:00,127.643393261,3.4992904645699996
 06/15  03:00:00,126.304986557,2.355
 06/15  04:00:00,132.384094551,2.355
 06/15  05:00:00,119.824822675,3.4992231982699997
 06/15  06:00:00,170.436028194,6.3263328464
 06/15  07:00:00,189.97563387099999,11.2878134115
 06/15  08:00:00,271.896889956,9.33713409054
 06/15  09:00:00,313.242690435,11.6722987111
 06/15  10:00:00,315.000454596,11.6723229578
 06/15  11:00:00,335.117696347,11.672690136500002
 06/15  12:00:00,330.59766495,11.6726784476
 06/15  13:00:00,334.505299532,11.6728361119
 06/15  14:00:00,332.109002944,11.6724789383
 06/15  15:00:00,326.59017255099997,11.6723741058
 06/15  16:00:00,325.370827479,11.6725544029
 06/15  17:00:00,320.96431032,11.672534320699999
 06/15  18:00:00,309.026152428,10.5048678841
 06/15  19:00:00,297.26093975,10.5047234458
 06/15  20:00:00,278.527939275,8.1925
 06/15  21:00:00,204.058452806,5.83458301517
 06/15  22:00:00,133.641948908,2.355
 06/15  23:00:00,162.488822865,3.4993303256800004
 06/15  24:00:00,142.63153482299998,2.355
 06/16  01:00:00,129.140627601,2.355
 06/16  02:00:00,128.186196104,3.4992669283999995
 06/16  03:00:00,126.758696251,2.355
 06/16  04:00:00,150.513001508,2.355
 06/16  05:00:00,138.719595186,2.355
 06/16  06:00:00,192.434247873,8.716037088039998
 06/16  07:00:00,206.73827206599998,18.6737318303
 06/16  08:00:00,269.543310522,9.89343586375
 06/16  09:00:00,299.670246634,10.5275
 06/16  10:00:00,295.039791287,11.6724729319
 06/16  11:00:00,313.581937319,11.6726636679
 06/16  12:00:00,304.544520717,12.818148212999999
 06/16  13:00:00,301.700932143,11.6726573728
 06/16  14:00:00,297.824683946,11.6725310778
 06/16  15:00:00,294.774619971,11.672406493399999
 06/16  16:00:00,296.01397311799997,11.6725878924
 06/16  17:00:00,302.140650702,11.672569302000001
 06/16  18:00:00,293.914955722,10.902863253900001
 06/16  19:00:00,270.710075146,9.85600863001
 06/16  20:00:00,245.475734254,11.087996648499999
 06/16  21:00:00,175.307850867,5.83452672784
 06/16  22:00:00,119.977806627,2.355
 06/16  23:00:00,150.619590372,2.355
 06/16  24:00:00,127.71253561,3.4992221484400003
 06/17  01:00:00,114.114038264,1.77125
 06/17  02:00:00,112.60951144799999,1.77125
 06/17  03:00:00,111.79154166299999,2.91553005004
 06/17  04:00:00,118.965173228,1.77125
 06/17  05:00:00,108.050717777,1.77125
 06/17  06:00:00,148.48634913799998,20.9478201471
 06/17  07:00:00,173.460152011,22.0192753504
 06/17  08:00:00,243.423534008,7.0021146746300005
 06/17  09:00:00,270.819366869,10.5046137743
 06/17  10:00:00,292.613720313,10.5275
 06/17  11:00:00,315.68705279799997,12.0226122432
 06/17  12:00:00,305.49715172099997,12.4678161771
 06/17  13:00:00,303.586827556,11.672612277
 06/17  14:00:00,296.22855471599996,11.6724698477
 06/17  15:00:00,295.08086297299997,11.6724358374
 06/17  16:00:00,297.106073067,11.672248528599999
 06/17  17:00:00,296.910458364,11.6725417443
 06/17  18:00:00,270.33154968,10.6297799139
 06/17  19:00:00,225.156947388,7.3968242342299995
 06/17  20:00:00,214.49460923,7.79689360125
 06/17  21:00:00,163.485680741,4.6671154753
 06/17  22:00:00,113.189127683,1.77125
 06/17  23:00:00,143.446546173,2.91563385649
 06/17  24:00:00,118.23993867,1.77125
 06/18  01:00:00,107.87855742100001,1.77125
 06/18  02:00:00,106.75740645799999,2.9155222150599998
 06/18  03:00:00,105.577252301,1.77125
 06/18  04:00:00,111.629928916,1.77125
 06/18  05:00:00,100.80705091899999,2.91554322988
 06/18  06:00:00,142.889218827,41.0621385758
 06/18  07:00:00,169.478272213,39.1246936986
 06/18  08:00:00,214.685143423,10.916881007899999
 06/18  09:00:00,201.89664309,3.5225
 06/18  10:00:00,238.298458477,8.169732393139999
 06/18  11:00:00,258.258802789,8.169651934189998
 06/18  12:00:00,277.069880948,9.36
 06/18  13:00:00,277.562214594,10.5047160207
 06/18  14:00:00,271.108317204,10.5048290296
 06/18  15:00:00,266.27548246599997,10.5048082435
 06/18  16:00:00,267.134949501,9.36
 06/18  17:00:00,236.130361752,8.16978462939
 06/18  18:00:00,234.151137054,6.909429899530001
 06/18  19:00:00,220.58649385200002,4.69
 06/18  20:00:00,215.68590406799999,5.83454823926
 06/18  21:00:00,192.324987544,4.69
 06/18  22:00:00,127.131534837,2.9156276025200003
 06/18  23:00:00,156.655707498,1.77125
 06/18  24:00:00,134.732555016,2.9155059743400003
 06/19  01:00:00,124.308886925,2.355
 06/19  02:00:00,121.720192218,2.355
 06/19  03:00:00,120.580232626,2.355
 06/19  04:00:00,127.35774904700001,3.49924277175
 06/19  05:00:00,114.746402712,2.355
 06/19  06:00:00,164.861854468,19.0046609175
 06/19  07:00:00,187.119277584,37.7848952971
 06/19  08:00:00,265.512909831,18.7026712234
 06/19  09:00:00,299.39599378400004,11.6722981954
 06/19  10:00:00,297.720930696,11.6724484047
 06/19  11:00:00,320.633123213,11.672746184200001
 06/19  12:00:00,314.340621532,11.6727078425
 06/19  13:00:00,319.536383843,11.6728592281
 06/19  14:00:00,314.29880565900004,11.6725368144
 06/19  15:00:00,313.814691081,11.672443113900002
 06/19  16:00:00,316.007591647,11.672393742899999
 06/19  17:00:00,314.45939532200003,11.6725786177
 06/19  18:00:00,304.044496601,10.5049238524
 06/19  19:00:00,290.84563831099996,11.3164819569
 06/19  20:00:00,268.39066351900004,10.6157088495
 06/19  21:00:00,192.061789675,4.69
 06/19  22:00:00,127.136115372,3.4994127747300006
 06/19  23:00:00,156.159058099,2.355
 06/19  24:00:00,134.509465758,2.355
 06/20  01:00:00,123.40567158200001,3.4992306329300003
 06/20  02:00:00,122.231407061,2.355
 06/20  03:00:00,121.33170508799999,2.355
 06/20  04:00:00,146.927563714,2.355
 06/20  05:00:00,136.50129018799998,3.4992340417900003
 06/20  06:00:00,192.125183872,10.3603071348
 06/20  07:00:00,208.713989635,16.3844588117
 06/20  08:00:00,276.640523766,9.33706606697
 06/20  09:00:00,318.344748236,11.6722721841
 06/20  10:00:00,322.046289548,11.672367836700001
 06/20  11:00:00,339.853195013,11.6727197372
 06/20  12:00:00,346.783432579,11.6726972761
 06/20  13:00:00,357.75063010199995,11.672842637
 06/20  14:00:00,347.363983029,11.672479644600001
 06/20  15:00:00,343.307076961,11.672366259
 06/20  16:00:00,342.558149856,11.6725345829
 06/20  17:00:00,336.44030934,11.6725047255
 06/20  18:00:00,324.42881835,10.5048305749
 06/20  19:00:00,298.201309835,10.5046787675
 06/20  20:00:00,275.803195771,9.06666515148
 06/20  21:00:00,199.291269637,5.83453158744
 06/20  22:00:00,132.563379173,2.355
 06/20  23:00:00,161.186052222,3.4992760959099996
 06/20  24:00:00,141.883716023,2.355
 06/21  01:00:00,129.992983283,2.355
 06/21  02:00:00,128.721937266,2.355
 06/21  03:00:00,128.370223045,3.49926063339
 06/21  04:00:00,136.225172644,2.355
 06/21  05:00:00,125.240103176,2.355
 06/21  06:00:00,176.67152788099997,6.490910625780001
 06/21  07:00:00,198.23048456400002,13.632882054400001
 06/21  08:00:00,276.200212685,9.337031999939999
 06/21  09:00:00,315.180736261,10.5275
 06/21  10:00:00,314.961255284,11.6723886695
 06/21  11:00:00,334.455721257,11.672567210499999
 06/21  12:00:00,330.808266972,12.8179201064
 06/21  13:00:00,334.709306013,11.672798059100002
 06/21  14:00:00,332.102325701,11.6726246286
 06/21  15:00:00,328.239457973,11.6724738709
 06/21  16:00:00,332.10949349099997,11.6724314947
 06/21  17:00:00,329.915844743,11.6724033564
 06/21  18:00:00,315.47451944200003,9.36
 06/21  19:00:00,301.924316816,10.504757507999999
 06/21  20:00:00,278.540878938,10.8341267122
 06/21  21:00:00,196.78015093,4.69
 06/21  22:00:00,130.936399596,3.4994324585000003
 06/21  23:00:00,159.831571321,2.355
 06/21  24:00:00,140.209590508,3.49923291318
 06/22  01:00:00,126.916838349,2.355
 06/22  02:00:00,125.53392182,2.355
 06/22  03:00:00,123.296632137,2.355
 06/22  04:00:00,127.543541204,3.4992650168
 06/22  05:00:00,114.78583229999998,2.355
 06/22  06:00:00,167.175871782,15.1072098669
 06/22  07:00:00,192.70778226599998,19.5643745762
 06/22  08:00:00,273.633579234,8.1925
 06/22  09:00:00,311.197515569,11.6722277321
 06/22  10:00:00,309.549899081,11.672452630499999
 06/22  11:00:00,329.417174219,11.672742019500001
 06/22  12:00:00,321.475390719,11.6726976901
 06/22  13:00:00,322.885244659,11.672841866099999
 06/22  14:00:00,315.917458883,11.672515830999998
 06/22  15:00:00,312.762666141,11.6724169655
 06/22  16:00:00,313.648427044,11.6723621284
 06/22  17:00:00,312.959205442,11.6725399532
 06/22  18:00:00,304.07103137900003,10.5048806208
 06/22  19:00:00,292.689726215,10.5047544316
 06/22  20:00:00,273.34265015200003,9.33716680332
 06/22  21:00:00,197.71887329900002,4.69
 06/22  22:00:00,130.83167578299998,3.49935858815
 06/22  23:00:00,158.863779482,2.355
 06/22  24:00:00,138.529047297,2.355
 06/23  01:00:00,127.246949766,2.355
 06/23  02:00:00,125.80460488,3.4992453290300007
 06/23  03:00:00,123.60740552799999,2.355
 06/23  04:00:00,147.485700226,2.355
 06/23  05:00:00,136.45957481899998,3.4992435522600003
 06/23  06:00:00,187.379474265,23.2313392617
 06/23  07:00:00,204.73290333,29.4472851117
 06/23  08:00:00,280.415704951,9.337004030680001
 06/23  09:00:00,317.542418274,11.6722850145
 06/23  10:00:00,314.964593384,11.672292935
 06/23  11:00:00,331.282829995,11.672636073
 06/23  12:00:00,327.167484675,11.6728785094
 06/23  13:00:00,336.806772259,11.672745633499998
 06/23  14:00:00,331.181852504,11.672608211199998
 06/23  15:00:00,328.5045832,11.672472066300001
 06/23  16:00:00,326.66599595900004,11.67242251
 06/23  17:00:00,321.410945435,11.6723871229
 06/23  18:00:00,311.453945289,10.504908976
 06/23  19:00:00,285.45990288900003,10.285104264400001
 06/23  20:00:00,266.641014656,10.0592726477
 06/23  21:00:00,194.12418934299998,5.83453461988
 06/23  22:00:00,132.248595951,2.355
 06/23  23:00:00,160.981564135,2.355
 06/23  24:00:00,140.81223417200002,3.49922800448
 06/24  01:00:00,127.43936314,1.77125
 06/24  02:00:00,125.775489061,1.77125
 06/24  03:00:00,123.33318456399999,2.9155290291000004
 06/24  04:00:00,132.380332276,1.77125
 06/24  05:00:00,124.28845615799999,1.77125
 06/24  06:00:00,167.15364288,5.499139177540001
 06/24  07:00:00,192.90137951,4.83827806505
 06/24  08:00:00,260.660632834,7.0020919065600005
 06/24  09:00:00,294.723475706,10.50458006
 06/24  10:00:00,330.137943911,10.5275
 06/24  11:00:00,356.900374589,11.6726222434
 06/24  12:00:00,362.593592139,12.817893926199998
 06/24  13:00:00,369.09402646,11.6727764333
 06/24  14:00:00,366.80290049900003,11.6725844547
 06/24  15:00:00,354.673557399,11.6725336573
 06/24  16:00:00,357.473445725,11.672468824700001
 06/24  17:00:00,357.203443111,11.6723899167
 06/24  18:00:00,325.411591973,8.1925
 06/24  19:00:00,278.511047776,7.00232182908
 06/24  20:00:00,264.414581752,7.002137563350001
 06/24  21:00:00,207.846610216,3.5225
 06/24  22:00:00,136.003495263,2.91573618156
 06/24  23:00:00,162.903210456,1.77125
 06/24  24:00:00,144.884732655,2.9155979977999995
 06/25  01:00:00,135.097632667,1.77125
 06/25  02:00:00,133.103225302,1.77125
 06/25  03:00:00,131.292218843,2.9155385496
 06/25  04:00:00,139.23429624899998,1.77125
 06/25  05:00:00,128.283423695,1.77125
 06/25  06:00:00,173.63748114,5.04045043655
 06/25  07:00:00,199.45102216200002,4.69134221978
 06/25  08:00:00,235.137597063,3.5225
 06/25  09:00:00,219.96246153799999,4.6669333332
 06/25  10:00:00,258.699340077,8.169666006669999
 06/25  11:00:00,282.5555577,7.025
 06/25  12:00:00,322.087152365,10.504855475800001
 06/25  13:00:00,334.168746376,10.5048280464
 06/25  14:00:00,330.848117726,10.5047413982
 06/25  15:00:00,321.306711413,9.36
 06/25  16:00:00,321.617351373,10.5047500307
 06/25  17:00:00,287.852320438,8.1696725291
 06/25  18:00:00,282.514004915,4.69
 06/25  19:00:00,270.453214672,5.8346927951800005
 06/25  20:00:00,257.625386347,5.83449693572
 06/25  21:00:00,237.60685177099998,4.69
 06/25  22:00:00,138.749734594,2.9155616896099996
 06/25  23:00:00,160.97615057299998,1.77125
 06/25  24:00:00,140.696672909,1.77125
 06/26  01:00:00,132.689184528,2.355
 06/26  02:00:00,130.033871625,3.4992582232199996
 06/26  03:00:00,129.37692378,2.355
 06/26  04:00:00,136.924791866,2.355
 06/26  05:00:00,125.41064595700001,3.4992549003500004
 06/26  06:00:00,180.640094782,4.69
 06/26  07:00:00,209.20522639700002,5.829814904659999
 06/26  08:00:00,292.824379689,9.33701017352
 06/26  09:00:00,331.855575365,11.672284438
 06/26  10:00:00,337.448689885,11.6722866411
 06/26  11:00:00,359.418495491,11.672621378499999
 06/26  12:00:00,369.81705448,11.6728561686
 06/26  13:00:00,356.23412557,11.6727183714
 06/26  14:00:00,340.903689359,11.672576313399999
 06/26  15:00:00,348.413070689,11.6724356156
 06/26  16:00:00,353.667784906,11.672380811099998
 06/26  17:00:00,352.45685589199996,11.6725566652
 06/26  18:00:00,333.82845838400004,10.5048562997
 06/26  19:00:00,313.38614213,9.36
 06/26  20:00:00,289.217786611,9.33731714637
 06/26  21:00:00,214.284196392,5.83460737843
 06/26  22:00:00,134.825925311,2.355
 06/26  23:00:00,162.485309737,2.355
 06/26  24:00:00,142.137258159,3.4992330564199996
 06/27  01:00:00,131.245047709,2.355
 06/27  02:00:00,130.162308692,2.355
 06/27  03:00:00,128.637679131,3.4992623639300002
 06/27  04:00:00,158.556447185,2.355
 06/27  05:00:00,151.419926396,2.355
 06/27  06:00:00,211.644036015,5.17585216987
 06/27  07:00:00,216.781053437,7.794995724570001
 06/27  08:00:00,275.715581364,8.875005990619998
 06/27  09:00:00,316.697195453,11.672256683599999
 06/27  10:00:00,322.238891519,11.6723568636
 06/27  11:00:00,350.492258524,11.672577403
 06/27  12:00:00,362.17908828699996,11.672774578399999
 06/27  13:00:00,372.56040594800004,11.6726424843
 06/27  14:00:00,366.699791208,11.6725758932
 06/27  15:00:00,365.759060892,11.6724688399
 06/27  16:00:00,369.17905109300006,11.672405239000001
 06/27  17:00:00,368.367117245,11.6725719026
 06/27  18:00:00,356.12590884199994,10.5049051667
 06/27  19:00:00,324.641113426,10.5047719112
 06/27  20:00:00,289.63944164599997,9.33717668312
 06/27  21:00:00,210.619397232,4.69
 06/27  22:00:00,134.874881441,3.4993657653199994
 06/27  23:00:00,162.443256802,2.355
 06/27  24:00:00,143.018869406,2.355
 06/28  01:00:00,132.677741153,2.355
 06/28  02:00:00,131.41709381,3.4992506640300007
 06/28  03:00:00,130.51856505,2.355
 06/28  04:00:00,138.692022557,2.355
 06/28  05:00:00,126.486750434,3.49924632709
 06/28  06:00:00,180.68860824700002,5.05834759669
 06/28  07:00:00,204.134807038,5.89925513451
 06/28  08:00:00,283.38723208,9.336998150569999
 06/28  09:00:00,318.548779736,11.672268156700001
 06/28  10:00:00,311.972664698,10.5275
 06/28  11:00:00,332.363766576,12.8178585032
 06/28  12:00:00,333.983669825,11.6728254551
 06/28  13:00:00,347.873449744,11.6726845866
 06/28  14:00:00,345.11888356,11.6725394966
 06/28  15:00:00,343.601085029,11.6723958892
 06/28  16:00:00,344.102926252,11.6725499845
 06/28  17:00:00,339.03185811599997,11.672509061900001
 06/28  18:00:00,324.71160719700003,10.5048061449
 06/28  19:00:00,310.64171441400003,9.36
 06/28  20:00:00,288.124581198,9.33726404245
 06/28  21:00:00,220.789088162,5.83455218883
 06/28  22:00:00,136.908769315,2.355
 06/28  23:00:00,165.27471154100002,2.355
 06/28  24:00:00,146.698019208,3.4992436159099998
 06/29  01:00:00,134.111904492,2.355
 06/29  02:00:00,132.355952355,2.355
 06/29  03:00:00,130.623439813,3.4992059632
 06/29  04:00:00,137.885567243,2.355
 06/29  05:00:00,126.605028639,2.355
 06/29  06:00:00,179.072804827,4.69
 06/29  07:00:00,205.280138023,7.0343499201499995
 06/29  08:00:00,288.831478755,8.1925
 06/29  09:00:00,328.365951773,11.672276005899999
 06/29  10:00:00,330.490989135,11.672290672799999
 06/29  11:00:00,350.93097026,11.6727564638
 06/29  12:00:00,353.304486171,11.672698938800002
 06/29  13:00:00,360.024671577,11.6728274904
 06/29  14:00:00,353.424755128,11.672493490899999
 06/29  15:00:00,340.87315531,11.6723834153
 06/29  16:00:00,334.296386649,11.6725284722
 06/29  17:00:00,329.465734019,11.672478944000002
 06/29  18:00:00,320.557202368,10.5048095001
 06/29  19:00:00,308.012991553,10.5046734198
 06/29  20:00:00,289.239053064,8.1925
 06/29  21:00:00,219.70828418,5.8345539339
 06/29  22:00:00,136.618461931,2.355
 06/29  23:00:00,164.558660366,3.49926627048
 06/29  24:00:00,146.690869591,2.355
 06/30  01:00:00,135.397387591,2.355
 06/30  02:00:00,133.775332114,3.4992861713699996
 06/30  03:00:00,132.953421903,2.355
 06/30  04:00:00,160.689695696,2.355
 06/30  05:00:00,147.31675353100002,3.49920825117
 06/30  06:00:00,197.139946517,4.69
 06/30  07:00:00,209.22194540700002,12.7766474472
 06/30  08:00:00,278.752778865,9.337022970760001
 06/30  09:00:00,315.81563013,11.6721568489
 06/30  10:00:00,313.233389952,10.5275
 06/30  11:00:00,329.285266429,11.672646247100001
 06/30  12:00:00,328.738148577,12.8180202253
 06/30  13:00:00,338.306992193,11.6728204104
 06/30  14:00:00,334.463935744,11.672408904300001
 06/30  15:00:00,328.362778902,11.6724704969
 06/30  16:00:00,330.25278153,11.6724124996
 06/30  17:00:00,328.456754508,11.67236839
 06/30  18:00:00,314.561468015,9.36
 06/30  19:00:00,290.06838789999995,10.504710319700001
 06/30  20:00:00,271.12028981599997,9.33728439098
 06/30  21:00:00,198.398362805,4.69
 06/30  22:00:00,133.295314448,3.4994312085900003
 06/30  23:00:00,161.417863457,2.355
 06/30  24:00:00,142.254664654,2.355
 07/01  01:00:00,128.06373400299998,2.9155891403400003
 07/01  02:00:00,127.15695630100001,1.77125
 07/01  03:00:00,126.343493682,1.77125
 07/01  04:00:00,133.834371818,2.91554797036
 07/01  05:00:00,122.772933719,1.77125
 07/01  06:00:00,162.855319926,3.5225
 07/01  07:00:00,178.163537296,19.2803096049
 07/01  08:00:00,231.78738723200001,28.9681845491
 07/01  09:00:00,251.90740365599999,19.7332264673
 07/01  10:00:00,272.004268405,11.672402056400001
 07/01  11:00:00,298.105513599,11.672538221300002
 07/01  12:00:00,284.903689158,11.672684862899999
 07/01  13:00:00,281.90390245599997,11.6728119662
 07/01  14:00:00,274.581353183,11.6724654103
 07/01  15:00:00,267.965875966,11.672413430699999
 07/01  16:00:00,264.086256105,11.672561993299999
 07/01  17:00:00,260.896970839,11.6724786161
 07/01  18:00:00,241.022090579,17.947264476500003
 07/01  19:00:00,193.676248768,41.5166874568
 07/01  20:00:00,188.495912527,60.7526880545
 07/01  21:00:00,143.811579507,41.455007360399996
 07/01  22:00:00,96.3362226487,1.77125
 07/01  23:00:00,128.783282295,2.91563729625
 07/01  24:00:00,100.574087492,1.77125
 07/02  01:00:00,91.91584039,2.9155033460900004
 07/02  02:00:00,90.7196113431,1.77125
 07/02  03:00:00,89.4948661,1.77125
 07/02  04:00:00,95.2407720458,2.91552847232
 07/02  05:00:00,84.04955515399999,1.77125
 07/02  06:00:00,123.16289235200001,150.372390945
 07/02  07:00:00,140.782959031,137.551879631
 07/02  08:00:00,177.96982711099997,109.72056487200001
 07/02  09:00:00,156.8420056,92.0042636222
 07/02  10:00:00,192.871049165,70.514430167
 07/02  11:00:00,221.064529122,59.2259793836
 07/02  12:00:00,233.53288011,34.4540211313
 07/02  13:00:00,232.52987258,17.5450282727
 07/02  14:00:00,229.168470447,10.504813844800001
 07/02  15:00:00,225.78000503799998,10.5047663325
 07/02  16:00:00,227.172101032,10.5047687449
 07/02  17:00:00,197.6710539,7.025
 07/02  18:00:00,201.250135125,6.901682514810001
 07/02  19:00:00,184.150134335,18.395314991099998
 07/02  20:00:00,181.37317593900002,33.5563707391
 07/02  21:00:00,166.475708678,8.48361012051
 07/02  22:00:00,105.15121578,1.77125
 07/02  23:00:00,138.869924823,1.77125
 07/02  24:00:00,113.876325915,2.9155575225300003
 07/03  01:00:00,107.604108089,2.355
 07/03  02:00:00,108.077855183,2.355
 07/03  03:00:00,107.877852484,2.355
 07/03  04:00:00,115.655204776,3.4992219935400004
 07/03  05:00:00,105.360652378,2.355
 07/03  06:00:00,158.376889675,33.7142079956
 07/03  07:00:00,179.64401709,59.8069551753
 07/03  08:00:00,258.44316910099997,45.701858443199995
 07/03  09:00:00,290.741264947,21.1037838143
 07/03  10:00:00,288.94649091599996,11.6724153152
 07/03  11:00:00,308.705090223,11.6726769151
 07/03  12:00:00,302.263209025,11.6726128963
 07/03  13:00:00,307.902273306,11.672732913699999
 07/03  14:00:00,310.104970387,11.6726188727
 07/03  15:00:00,309.024849323,11.6724854544
 07/03  16:00:00,310.74273276,11.6724157842
 07/03  17:00:00,310.22282281900004,11.672359973599999
 07/03  18:00:00,302.236656,10.5048817436
 07/03  19:00:00,291.85438137,10.5047130742
 07/03  20:00:00,271.887266407,8.97776308924
 07/03  21:00:00,193.39098138900002,5.83455046498
 07/03  22:00:00,129.888512647,2.355
 07/03  23:00:00,158.86178059899999,3.4992881956999997
 07/03  24:00:00,138.370428979,2.355
 07/04  01:00:00,125.739283559,1.77125
 07/04  02:00:00,125.83832721,2.91555212537
 07/04  03:00:00,124.107862026,1.77125
 07/04  04:00:00,131.726088641,1.77125
 07/04  05:00:00,120.797114989,2.91548625222
 07/04  06:00:00,158.931738085,5.49055342811
 07/04  07:00:00,181.155869457,18.0607374867
 07/04  08:00:00,217.94403972700002,7.4357656811899995
 07/04  09:00:00,205.52617501900002,3.5225
 07/04  10:00:00,241.71707884900002,8.16962269101
 07/04  11:00:00,264.106388278,7.025
 07/04  12:00:00,286.665204105,10.5048596625
 07/04  13:00:00,287.114304856,10.5047288274
 07/04  14:00:00,275.837153004,10.5048052385
 07/04  15:00:00,267.270493478,9.36
 07/04  16:00:00,264.13411742,10.504798902200001
 07/04  17:00:00,232.687255193,8.16970844523
 07/04  18:00:00,233.60383742599998,5.8345404718400005
 07/04  19:00:00,217.12536395799998,4.69
 07/04  20:00:00,208.652996644,7.066831394789999
 07/04  21:00:00,184.739023055,4.69
 07/04  22:00:00,120.948950196,2.9155694677900006
 07/04  23:00:00,150.216192014,1.77125
 07/04  24:00:00,128.509722115,1.77125
 07/05  01:00:00,119.646432514,2.355
 07/05  02:00:00,117.30128880000001,3.4992616438499997
 07/05  03:00:00,114.31406112799999,2.355
 07/05  04:00:00,119.384541177,2.355
 07/05  05:00:00,107.71338831,3.49925408583
 07/05  06:00:00,160.941702629,26.502244403200002
 07/05  07:00:00,184.083190714,40.998685305900004
 07/05  08:00:00,263.79161028,22.6687949342
 07/05  09:00:00,300.331649691,11.672251019900001
 07/05  10:00:00,301.983412854,10.5275
 07/05  11:00:00,321.762253092,12.8177755524
 07/05  12:00:00,316.044676164,11.6727630209
 07/05  13:00:00,328.815216055,11.6726119729
 07/05  14:00:00,332.399162366,11.672457128900001
 07/05  15:00:00,329.672917366,11.6725101003
 07/05  16:00:00,327.991136273,11.672444213699999
 07/05  17:00:00,326.815997614,11.6723921922
 07/05  18:00:00,317.772789068,9.36
 07/05  19:00:00,301.83099742400003,10.504728164400001
 07/05  20:00:00,278.56583604900004,10.337245149400001
 07/05  21:00:00,202.06454811700002,4.69
 07/05  22:00:00,131.768377182,3.49942453246
 07/05  23:00:00,159.148271101,2.355
 07/05  24:00:00,139.036365493,2.355
 07/06  01:00:00,127.042437805,3.4992505583999995
 07/06  02:00:00,125.350261995,2.355
 07/06  03:00:00,124.553784941,2.355
 07/06  04:00:00,131.18728261299998,3.49925618475
 07/06  05:00:00,120.44957879299999,2.355
 07/06  06:00:00,173.356909287,6.34937848962
 07/06  07:00:00,199.93453134700002,8.188300431130001
 07/06  08:00:00,284.569413764,8.1925
 07/06  09:00:00,322.594848646,11.672270398699998
 07/06  10:00:00,324.321932452,11.672304251400002
 07/06  11:00:00,347.964142182,11.6725593525
 07/06  12:00:00,352.201743565,11.6727539938
 07/06  13:00:00,361.87337187599996,11.672604959000001
 07/06  14:00:00,357.13728443900004,11.6724864399
 07/06  15:00:00,355.460674042,11.672349184000002
 07/06  16:00:00,360.46911877599996,11.6724842894
 07/06  17:00:00,360.546250455,11.6724273019
 07/06  18:00:00,347.282563542,10.504927277
 07/06  19:00:00,330.502473126,9.36
 07/06  20:00:00,301.678531447,9.33720929589
 07/06  21:00:00,224.73940114099997,5.83452415363
 07/06  22:00:00,137.306492182,2.355
 07/06  23:00:00,164.848624585,2.355
 07/06  24:00:00,146.040672533,3.4992143618699996
 07/07  01:00:00,134.311698063,2.355
 07/07  02:00:00,133.483709804,2.355
 07/07  03:00:00,132.157717612,3.49923843319
 07/07  04:00:00,159.736715869,2.355
 07/07  05:00:00,149.81866903899999,2.355
 07/07  06:00:00,209.926375502,5.11190623001
 07/07  07:00:00,222.52662237400003,7.3943319903899996
 07/07  08:00:00,289.24526185,8.1925
 07/07  09:00:00,325.343109839,11.6722682042
 07/07  10:00:00,325.223153123,11.6723503752
 07/07  11:00:00,340.674116502,11.6725488412
 07/07  12:00:00,355.86800906599996,11.672724340799999
 07/07  13:00:00,367.376355735,11.67257745
 07/07  14:00:00,361.016079091,11.6724952127
 07/07  15:00:00,354.519968851,11.6723738333
 07/07  16:00:00,348.603095952,11.6725036973
 07/07  17:00:00,330.262278323,11.6724417801
 07/07  18:00:00,315.032378076,10.5049573511
 07/07  19:00:00,296.043703064,10.504784088200001
 07/07  20:00:00,275.280120573,8.1925
 07/07  21:00:00,194.470239357,5.83461750959
 07/07  22:00:00,129.17745054899999,2.355
 07/07  23:00:00,157.265493139,3.49927422433
 07/07  24:00:00,137.70745018,2.355
 07/08  01:00:00,125.130233337,1.77125
 07/08  02:00:00,124.886934254,2.9155265797099994
 07/08  03:00:00,124.779640918,1.77125
 07/08  04:00:00,131.839202827,1.77125
 07/08  05:00:00,123.954362785,2.9155294948900004
 07/08  06:00:00,159.480469379,3.5225
 07/08  07:00:00,179.574922911,11.4923668262
 07/08  08:00:00,242.586154415,7.00212043838
 07/08  09:00:00,272.192237531,10.5045782786
 07/08  10:00:00,303.814878116,11.672308429100001
 07/08  11:00:00,327.969706232,11.6725125612
 07/08  12:00:00,324.865939241,11.6726794727
 07/08  13:00:00,334.94121238599996,11.672424611199999
 07/08  14:00:00,328.25550646700003,11.672590406300001
 07/08  15:00:00,318.64864598099996,11.6725174424
 07/08  16:00:00,318.794043967,11.67243095
 07/08  17:00:00,316.97602987,10.5275
 07/08  18:00:00,290.798566459,10.0260501729
 07/08  19:00:00,250.91673531900003,7.00224255204
 07/08  20:00:00,240.032151001,7.555576809010001
 07/08  21:00:00,177.16725086900001,3.5225
 07/08  22:00:00,126.369243217,2.9156981804799997
 07/08  23:00:00,155.01643447200001,1.77125
 07/08  24:00:00,133.56235842799998,2.91556738325
 07/09  01:00:00,122.53410669,1.77125
 07/09  02:00:00,122.971928436,1.77125
 07/09  03:00:00,123.27028272,2.9154830202900004
 07/09  04:00:00,130.811189118,1.77125
 07/09  05:00:00,122.677530519,1.77125
 07/09  06:00:00,157.50157264799998,6.95574487685
 07/09  07:00:00,176.74625249599998,23.0624263521
 07/09  08:00:00,211.265510541,16.341497748800002
 07/09  09:00:00,190.777903697,11.8013386732
 07/09  10:00:00,222.08877119299999,7.025
 07/09  11:00:00,245.16316327200002,8.16967307379
 07/09  12:00:00,260.734128485,10.504823227000001
 07/09  13:00:00,259.425703452,10.5047748515
 07/09  14:00:00,255.122255045,9.36
 07/09  15:00:00,253.55102078099998,10.504680863099999
 07/09  16:00:00,256.34782117,10.504836989700001
 07/09  17:00:00,228.49549257799998,8.16971972252
 07/09  18:00:00,230.655739768,5.20042026421
 07/09  19:00:00,214.442884582,5.83467342492
 07/09  20:00:00,203.834701005,4.69
 07/09  21:00:00,181.304851375,5.834437056900001
 07/09  22:00:00,117.68889543700001,1.77125
 07/09  23:00:00,146.39587531,1.77125
 07/09  24:00:00,121.46084301200001,2.91555135318
 07/10  01:00:00,112.086954245,2.355
 07/10  02:00:00,109.040442251,2.355
 07/10  03:00:00,105.961543262,3.4992438698500004
 07/10  04:00:00,110.512585806,2.355
 07/10  05:00:00,102.31972036299999,2.355
 07/10  06:00:00,149.69208803200002,78.5890214085
 07/10  07:00:00,169.455006391,82.396496446
 07/10  08:00:00,251.318670481,49.1048663192
 07/10  09:00:00,283.941093386,16.6887241878
 07/10  10:00:00,273.217669302,11.6724086448
 07/10  11:00:00,298.47427650599997,11.672601038900002
 07/10  12:00:00,286.11090248200003,11.672770899000001
 07/10  13:00:00,287.323134956,11.672619857799999
 07/10  14:00:00,284.174105612,11.672533796500002
 07/10  15:00:00,279.522808183,11.6724085648
 07/10  16:00:00,278.43896489900004,11.672533299500001
 07/10  17:00:00,276.88315526900004,11.672467136400002
 07/10  18:00:00,269.482716361,10.5047841399
 07/10  19:00:00,253.30322477099998,11.5913893752
 07/10  20:00:00,229.53584153900002,9.41489737215
 07/10  21:00:00,165.626549627,5.83456856048
 07/10  22:00:00,103.510367214,2.355
 07/10  23:00:00,134.767294322,3.49928858889
 07/10  24:00:00,107.782218738,2.355
 07/11  01:00:00,97.9385961952,2.355
 07/11  02:00:00,96.22759261440001,3.4992241381
 07/11  03:00:00,95.24522320870001,2.355
 07/11  04:00:00,118.032133229,2.355
 07/11  05:00:00,111.80267369799999,2.355
 07/11  06:00:00,160.05481424799999,86.4020397305
 07/11  07:00:00,173.24655821599998,88.6041965504
 07/11  08:00:00,246.679529745,46.8890202442
 07/11  09:00:00,283.31507808599997,13.0187397923
 07/11  10:00:00,280.491442577,11.6723796543
 07/11  11:00:00,307.940575342,11.6725161114
 07/11  12:00:00,298.83089964,11.672667193599999
 07/11  13:00:00,300.041740618,12.8179083286
 07/11  14:00:00,295.864354814,11.6724331103
 07/11  15:00:00,295.885445066,10.5275
 07/11  16:00:00,299.06792841,11.6724781968
 07/11  17:00:00,294.944595747,11.6724074503
 07/11  18:00:00,288.864951498,10.5049342641
 07/11  19:00:00,267.151380577,11.4695461545
 07/11  20:00:00,241.64242332599997,10.6202959671
 07/11  21:00:00,173.697502996,4.69
 07/11  22:00:00,118.94779914,3.49935335239
 07/11  23:00:00,149.444801254,2.355
 07/11  24:00:00,125.646695131,2.355
 07/12  01:00:00,113.73820421799999,2.355
 07/12  02:00:00,112.23736123799999,3.49923407204
 07/12  03:00:00,111.097251067,2.355
 07/12  04:00:00,117.89540418700001,2.355
 07/12  05:00:00,110.010420452,3.49922372727
 07/12  06:00:00,160.20862794299998,16.1687612096
 07/12  07:00:00,183.67157614299998,23.903377088400003
 07/12  08:00:00,267.97750371,9.337084837599999
 07/12  09:00:00,310.711338718,11.672280182
 07/12  10:00:00,313.061298856,10.5275
 07/12  11:00:00,339.58107143,11.672657526400002
 07/12  12:00:00,338.14942345599997,12.8179784992
 07/12  13:00:00,330.931938802,11.6727688513
 07/12  14:00:00,318.99821473099996,11.6725686868
 07/12  15:00:00,321.50979512099997,11.672390328399999
 07/12  16:00:00,326.950138855,10.5275
 07/12  17:00:00,328.19321456,11.6725403007
 07/12  18:00:00,315.822279651,10.5048720998
 07/12  19:00:00,303.182117618,10.504747996499999
 07/12  20:00:00,281.968617172,9.33713692107
 07/12  21:00:00,204.89577120400003,4.69
 07/12  22:00:00,133.193648942,3.49938696324
 07/12  23:00:00,162.492057223,2.355
 07/12  24:00:00,143.161883634,2.355
 07/13  01:00:00,129.967852665,3.49922541134
 07/13  02:00:00,128.064509241,2.355
 07/13  03:00:00,126.11021297299999,2.355
 07/13  04:00:00,132.541218555,2.355
 07/13  05:00:00,123.99347491799999,3.4992213923900004
 07/13  06:00:00,171.468202912,5.7426460520800005
 07/13  07:00:00,190.200508667,25.669997460999998
 07/13  08:00:00,264.68007538,19.4069754431
 07/13  09:00:00,294.111179601,11.672164141800002
 07/13  10:00:00,288.386434137,11.6722990711
 07/13  11:00:00,310.42892933,11.672593689000001
 07/13  12:00:00,301.81539241400003,11.672791953599999
 07/13  13:00:00,300.728231398,11.6726304503
 07/13  14:00:00,301.454517535,11.6724663626
 07/13  15:00:00,306.14906835200003,11.6725072399
 07/13  16:00:00,313.885798132,11.6724304965
 07/13  17:00:00,322.45930130200003,11.672367431600001
 07/13  18:00:00,307.228396732,9.36
 07/13  19:00:00,290.52122748700003,11.355125443599999
 07/13  20:00:00,274.497612501,9.33724947616
 07/13  21:00:00,203.510440231,4.69
 07/13  22:00:00,133.648826117,3.4994036815699996
 07/13  23:00:00,162.693941875,2.355
 07/13  24:00:00,143.869792165,2.355
 07/14  01:00:00,132.657107091,3.49926842236
 07/14  02:00:00,132.49927087,2.355
 07/14  03:00:00,131.978292745,2.355
 07/14  04:00:00,160.663276747,3.4992020761300004
 07/14  05:00:00,153.990548592,2.355
 07/14  06:00:00,209.39134585099998,5.21029009676
 07/14  07:00:00,219.38843782200001,8.03186947974
 07/14  08:00:00,284.044344058,8.1925
 07/14  09:00:00,313.57929891599997,11.6722727865
 07/14  10:00:00,301.581688159,11.6724060369
 07/14  11:00:00,318.68884928200004,11.6726986322
 07/14  12:00:00,310.354448435,11.672635078599999
 07/14  13:00:00,312.019384307,11.6727325149
 07/14  14:00:00,305.073566068,11.672567367100001
 07/14  15:00:00,303.607712005,11.672403716500002
 07/14  16:00:00,303.77514810099996,11.6725290274
 07/14  17:00:00,302.186187904,11.6724645044
 07/14  18:00:00,294.10752688599996,9.36
 07/14  19:00:00,272.824636665,10.504791345900001
 07/14  20:00:00,248.399573645,10.5212600817
 07/14  21:00:00,177.50491519,4.69
 07/14  22:00:00,120.72082880399999,3.49941903769
 07/14  23:00:00,150.68662298,2.355
 07/14  24:00:00,127.63534067399999,3.49921096825
 07/15  01:00:00,114.18739766700001,1.77125
 07/15  02:00:00,113.149380522,1.77125
 07/15  03:00:00,112.39893775700001,2.9155145708499997
 07/15  04:00:00,119.83130647700001,1.77125
 07/15  05:00:00,112.3771341,1.77125
 07/15  06:00:00,150.308300305,8.63991475124
 07/15  07:00:00,175.29204856200002,18.501805097000002
 07/15  08:00:00,240.58742646099998,7.485996566830001
 07/15  09:00:00,271.803778012,9.36
 07/15  10:00:00,298.326548684,11.6723788193
 07/15  11:00:00,322.143775187,11.672489894100002
 07/15  12:00:00,313.923640096,11.6726109847
 07/15  13:00:00,316.075082119,11.672713070699999
 07/15  14:00:00,309.116433545,11.6725704481
 07/15  15:00:00,307.802361003,11.672495251099999
 07/15  16:00:00,308.463974978,11.672406770899999
 07/15  17:00:00,306.596073959,11.6725109998
 07/15  18:00:00,280.984272222,9.337367257050001
 07/15  19:00:00,241.009254262,7.406680053139999
 07/15  20:00:00,233.110010917,5.8575
 07/15  21:00:00,181.239682022,4.66706672829
 07/15  22:00:00,128.092493971,1.77125
 07/15  23:00:00,156.321904882,2.91559728879
 07/15  24:00:00,134.701967575,1.77125
 07/16  01:00:00,123.123364943,1.77125
 07/16  02:00:00,121.97022719700001,2.9155656444200004
 07/16  03:00:00,120.00944823,1.77125
 07/16  04:00:00,126.155366004,1.77125
 07/16  05:00:00,116.777923874,2.91549729893
 07/16  06:00:00,154.087266562,6.40445167886
 07/16  07:00:00,178.546174346,11.9306103768
 07/16  08:00:00,213.91414959999997,6.1101420062
 07/16  09:00:00,197.19874239400002,3.5225
 07/16  10:00:00,230.29241482,8.169675086269999
 07/16  11:00:00,253.65483920900002,7.025
 07/16  12:00:00,275.58166125599996,10.5048039598
 07/16  13:00:00,275.883344121,10.5047473241
 07/16  14:00:00,274.608071816,10.5048067794
 07/16  15:00:00,272.35492754,9.36
 07/16  16:00:00,275.48892736,10.5047843797
 07/16  17:00:00,241.48414725,8.169679921110001
 07/16  18:00:00,242.76501517900002,4.69
 07/16  19:00:00,230.095630289,7.3189037601399995
 07/16  20:00:00,219.811758675,7.162481982160001
 07/16  21:00:00,193.84370988900002,4.69
 07/16  22:00:00,127.78811134,1.77125
 07/16  23:00:00,155.616131381,2.9155232315
 07/16  24:00:00,134.141013765,1.77125
 07/17  01:00:00,124.35976288,2.355
 07/17  02:00:00,122.254647262,3.4992665925599997
 07/17  03:00:00,120.837402769,2.355
 07/17  04:00:00,127.836051,2.355
 07/17  05:00:00,119.097151311,3.4992511462800002
 07/17  06:00:00,167.751395858,15.4497260332
 07/17  07:00:00,191.86851753,22.8264789377
 07/17  08:00:00,274.252369675,9.337040470860002
 07/17  09:00:00,311.419729397,11.672147900499999
 07/17  10:00:00,310.62673639,10.5275
 07/17  11:00:00,331.910329209,11.6725964435
 07/17  12:00:00,326.963138017,12.817834956099999
 07/17  13:00:00,332.845992303,11.6726865901
 07/17  14:00:00,328.124527045,11.6724818749
 07/17  15:00:00,321.629948046,10.5275
 07/17  16:00:00,324.624267829,11.672518943499998
 07/17  17:00:00,326.927603616,11.6724408806
 07/17  18:00:00,315.796752283,10.5047676992
 07/17  19:00:00,303.16101454799997,10.889254158499998
 07/17  20:00:00,283.039928572,10.2079698506
 07/17  21:00:00,202.127020829,4.69
 07/17  22:00:00,132.45066905,3.4993651851300003
 07/17  23:00:00,158.686451253,2.355
 07/17  24:00:00,137.784572193,2.355
 07/18  01:00:00,126.812063327,2.355
 07/18  02:00:00,126.77012557399999,3.4992443914699995
 07/18  03:00:00,126.66167033200001,2.355
 07/18  04:00:00,152.550269916,2.355
 07/18  05:00:00,144.536491272,3.49923197578
 07/18  06:00:00,190.264723242,5.49551392759
 07/18  07:00:00,198.431832763,11.6242184443
 07/18  08:00:00,267.981535218,9.33708527178
 07/18  09:00:00,305.316007308,11.6721914398
 07/18  10:00:00,304.651352649,10.5275
 07/18  11:00:00,328.338343575,11.672637894700001
 07/18  12:00:00,324.68927480599996,12.8179135698
 07/18  13:00:00,334.560971038,11.672724057
 07/18  14:00:00,327.008520282,11.672518374300001
 07/18  15:00:00,318.916681325,11.672334221099998
 07/18  16:00:00,314.398969603,10.5275
 07/18  17:00:00,310.03953371,11.6724752875
 07/18  18:00:00,295.728692911,10.5048011825
 07/18  19:00:00,271.09259709099996,10.5046710496
 07/18  20:00:00,246.514630235,9.33721629414
 07/18  21:00:00,175.486058045,4.69
 07/18  22:00:00,113.55515732399999,3.49939645083
 07/18  23:00:00,144.21491230200002,2.355
 07/18  24:00:00,120.795037819,2.355
 07/19  01:00:00,109.829384659,2.355
 07/19  02:00:00,109.68179093100001,3.4992752542300005
 07/19  03:00:00,109.161004974,2.355
 07/19  04:00:00,115.373767059,2.355
 07/19  05:00:00,107.75382693700001,3.4992624606900002
 07/19  06:00:00,156.88062119399999,9.19615097245
 07/19  07:00:00,177.99487275099997,26.6572543343
 07/19  08:00:00,262.533986761,10.7355412743
 07/19  09:00:00,300.722702311,11.672219625799999
 07/19  10:00:00,299.027541101,10.5275
 07/19  11:00:00,323.476531005,11.6726641182
 07/19  12:00:00,314.328699159,12.817961972300001
 07/19  13:00:00,315.060713273,11.6727464598
 07/19  14:00:00,315.07372459,11.672539878499999
 07/19  15:00:00,316.080215238,11.672354846800001
 07/19  16:00:00,317.553149234,10.5275
 07/19  17:00:00,317.392991197,11.6724945906
 07/19  18:00:00,306.238581431,10.5048195808
 07/19  19:00:00,296.114542122,10.5046886071
 07/19  20:00:00,273.352314053,9.33723273258
 07/19  21:00:00,207.152112153,4.69
 07/19  22:00:00,132.281265895,3.49941255826
 07/19  23:00:00,160.963554662,2.355
 07/19  24:00:00,139.727281033,2.355
 07/20  01:00:00,125.797516316,3.49922263607
 07/20  02:00:00,123.100512042,2.355
 07/20  03:00:00,121.194657096,2.355
 07/20  04:00:00,127.02158686899999,2.355
 07/20  05:00:00,118.574694638,3.4992129539199994
 07/20  06:00:00,170.764635884,5.89747661398
 07/20  07:00:00,197.000000221,5.34283542541
 07/20  08:00:00,283.695812716,9.33706548195
 07/20  09:00:00,323.49985317700003,11.672232911300002
 07/20  10:00:00,327.580347033,10.5275
 07/20  11:00:00,351.748549945,12.817657367899999
 07/20  12:00:00,353.182345312,11.672668721800001
 07/20  13:00:00,352.250645901,11.672754573499999
 07/20  14:00:00,341.91120244,11.672547158199999
 07/20  15:00:00,339.008913351,11.6723612838
 07/20  16:00:00,344.250778734,10.5275
 07/20  17:00:00,339.492461893,11.6724997456
 07/20  18:00:00,315.446567882,10.504823871900001
 07/20  19:00:00,300.807423865,10.5046920574
 07/20  20:00:00,281.084438176,9.33723512532
 07/20  21:00:00,205.04478838,4.69
 07/20  22:00:00,133.283886343,3.49941464516
 07/20  23:00:00,161.456982995,2.355
 07/20  24:00:00,142.795499557,2.355
 07/21  01:00:00,132.94801460600002,3.4992245456
 07/21  02:00:00,132.590252315,2.355
 07/21  03:00:00,132.184116539,2.355
 07/21  04:00:00,160.75220312,2.355
 07/21  05:00:00,154.74142530700001,3.49921456671
 07/21  06:00:00,211.76789192200002,5.1829083987
 07/21  07:00:00,222.75584741900002,6.8194137891299995
 07/21  08:00:00,290.23318112,9.3370009951
 07/21  09:00:00,328.480190428,11.6722323092
 07/21  10:00:00,333.028819635,10.5275
 07/21  11:00:00,354.89677640699995,11.983462516600001
 07/21  12:00:00,351.682938233,12.506907419300001
 07/21  13:00:00,354.901909936,11.6727485231
 07/21  14:00:00,346.76647495,11.672540338900001
 07/21  15:00:00,339.082844026,11.6723536564
 07/21  16:00:00,333.728691333,10.5275
 07/21  17:00:00,327.932912003,11.672490876500001
 07/21  18:00:00,316.01624962799997,10.5048141788
 07/21  19:00:00,293.62942305400003,10.5046815223
 07/21  20:00:00,272.18809589299997,9.337223593180001
 07/21  21:00:00,204.808675865,4.69
 07/21  22:00:00,133.793170199,3.4994028319300003
 07/21  23:00:00,161.751966324,2.355
 07/21  24:00:00,140.066239865,2.355
 07/22  01:00:00,124.776064769,2.91560298615
 07/22  02:00:00,123.553908584,1.77125
 07/22  03:00:00,121.707065449,1.77125
 07/22  04:00:00,128.863531264,2.9155114916400002
 07/22  05:00:00,120.103239269,1.77125
 07/22  06:00:00,158.481667423,3.5225
 07/22  07:00:00,178.808427037,7.8528581228
 07/22  08:00:00,241.03979424,5.8575
 07/22  09:00:00,271.930616735,10.5046008365
 07/22  10:00:00,299.127520313,11.6722588429
 07/22  11:00:00,320.88990045,11.672630903
 07/22  12:00:00,311.631226781,11.6725283602
 07/22  13:00:00,313.863848991,11.672624304300001
 07/22  14:00:00,305.446271732,11.672438635599999
 07/22  15:00:00,301.85755861900003,11.672352976900001
 07/22  16:00:00,303.19796738,11.6724616072
 07/22  17:00:00,303.70351699099996,11.6723460874
 07/22  18:00:00,280.621203782,9.33394512762
 07/22  19:00:00,236.24837063599998,8.48178882084
 07/22  20:00:00,220.70549695,8.98379782975
 07/22  21:00:00,167.506178563,3.5225
 07/22  22:00:00,119.231931315,2.91572924833
 07/22  23:00:00,149.904435893,1.77125
 07/22  24:00:00,125.974455277,2.91562617598
 07/23  01:00:00,113.779170223,1.77125
 07/23  02:00:00,112.855159518,1.77125
 07/23  03:00:00,111.24494153299999,2.9155197772400006
 07/23  04:00:00,117.50579734,1.77125
 07/23  05:00:00,109.373883846,1.77125
 07/23  06:00:00,145.311277394,21.7247172111
 07/23  07:00:00,166.45756121899998,36.4146892133
 07/23  08:00:00,203.65649143599998,22.6381290766
 07/23  09:00:00,185.12620068799998,14.835571463299999
 07/23  10:00:00,221.23192810900002,7.025
 07/23  11:00:00,248.62965330900002,8.16959724034
 07/23  12:00:00,269.37400216099996,10.5047288462
 07/23  13:00:00,269.618394502,9.36
 07/23  14:00:00,263.91707588400004,10.504800855700001
 07/23  15:00:00,260.893414575,10.5047254924
 07/23  16:00:00,255.840768665,10.5046948035
 07/23  17:00:00,221.23469098900003,7.56242063704
 07/23  18:00:00,220.74472914,6.246950681919999
 07/23  19:00:00,203.414095067,5.8346468323
 07/23  20:00:00,197.32992590799998,7.831536402949999
 07/23  21:00:00,177.23512048799998,5.83447094255
 07/23  22:00:00,113.44867157600001,1.77125
 07/23  23:00:00,142.964997532,1.77125
 07/23  24:00:00,118.06941999899999,2.91552035789
 07/24  01:00:00,109.254115349,2.355
 07/24  02:00:00,106.597378388,2.355
 07/24  03:00:00,105.546246355,2.355
 07/24  04:00:00,111.443873756,3.4992534725
 07/24  05:00:00,102.66643642,2.355
 07/24  06:00:00,150.300058374,55.334249656800004
 07/24  07:00:00,172.50747848,64.3288517804
 07/24  08:00:00,254.66793035900002,32.3516440713
 07/24  09:00:00,287.978947877,12.2906666825
 07/24  10:00:00,282.147683437,11.672364406300002
 07/24  11:00:00,305.977111182,11.672588198699998
 07/24  12:00:00,296.660462446,11.6727534496
 07/24  13:00:00,295.777238758,11.6725845749
 07/24  14:00:00,290.603035831,11.6724468596
 07/24  15:00:00,287.358583882,11.672491606900001
 07/24  16:00:00,284.988494121,11.672400172
 07/24  17:00:00,285.213821306,11.672529302400001
 07/24  18:00:00,279.514301141,10.5048004937
 07/24  19:00:00,267.212781339,9.36
 07/24  20:00:00,243.25255992700002,10.639996315800001
 07/24  21:00:00,177.940742827,5.8344972647
 07/24  22:00:00,116.889124757,2.355
 07/24  23:00:00,147.142135217,2.355
 07/24  24:00:00,122.55889793600001,3.4992516291
 07/25  01:00:00,111.935382719,2.355
 07/25  02:00:00,109.62654244,2.355
 07/25  03:00:00,108.14344666,2.355
 07/25  04:00:00,132.13635463100002,3.49920341107
 07/25  05:00:00,125.476674965,2.355
 07/25  06:00:00,176.64085980099998,43.6717574215
 07/25  07:00:00,191.193115212,59.472969391999996
 07/25  08:00:00,259.51178491900004,38.7243188267
 07/25  09:00:00,295.889550209,12.7517233652
 07/25  10:00:00,297.912392085,11.6723119977
 07/25  11:00:00,321.216681156,11.6725346621
 07/25  12:00:00,314.039686174,11.6726987457
 07/25  13:00:00,316.475576553,11.6727820065
 07/25  14:00:00,311.216222528,11.6723903664
 07/25  15:00:00,309.604243533,11.672434226199998
 07/25  16:00:00,309.975310105,11.6723421264
 07/25  17:00:00,307.54676732400003,11.672470188299998
 07/25  18:00:00,297.191250373,10.184441012999999
 07/25  19:00:00,271.925444667,11.8129447437
 07/25  20:00:00,253.39221811,10.7254244039
 07/25  21:00:00,179.95371954200002,4.69
 07/25  22:00:00,123.762654221,3.49942355149
 07/25  23:00:00,153.073026457,2.355
 07/25  24:00:00,130.119047175,2.355
 07/26  01:00:00,119.95572900299999,3.4992735679800004
 07/26  02:00:00,117.751230147,2.355
 07/26  03:00:00,114.725276092,2.355
 07/26  04:00:00,119.30431860799999,3.4992071418400004
 07/26  05:00:00,111.199220026,2.355
 07/26  06:00:00,160.542891984,45.526111649300006
 07/26  07:00:00,183.696694379,61.009616568999995
 07/26  08:00:00,264.85091784599996,28.967250499000002
 07/26  09:00:00,301.767779178,11.6721594479
 07/26  10:00:00,299.68066978400003,11.6722484154
 07/26  11:00:00,320.443901373,11.6727094074
 07/26  12:00:00,316.921525225,11.672632761700001
 07/26  13:00:00,321.408472924,11.672715112899999
 07/26  14:00:00,314.333447152,11.672539714400001
 07/26  15:00:00,311.430001913,11.672365859500001
 07/26  16:00:00,312.41803414,11.672476452
 07/26  17:00:00,311.846713716,11.672399954000001
 07/26  18:00:00,302.9751133,9.36
 07/26  19:00:00,287.77205575700003,11.906745385599999
 07/26  20:00:00,268.52082728799996,10.0042683023
 07/26  21:00:00,189.824987978,4.69
 07/26  22:00:00,126.456924264,3.4994079609400006
 07/26  23:00:00,155.38787901700002,2.355
 07/26  24:00:00,133.8916925,2.355
 07/27  01:00:00,124.024569664,3.49926939861
 07/27  02:00:00,123.38300009999999,2.355
 07/27  03:00:00,122.398520926,2.355
 07/27  04:00:00,128.229390223,3.49904708061
 07/27  05:00:00,122.864532128,2.355
 07/27  06:00:00,167.082043971,23.4139878021
 07/27  07:00:00,187.695444818,47.131005566099994
 07/27  08:00:00,269.105165007,17.1367991432
 07/27  09:00:00,309.28616498,11.6722427656
 07/27  10:00:00,312.537505779,11.6723602856
 07/27  11:00:00,331.805422339,11.672632966199998
 07/27  12:00:00,327.53891789700003,11.6725558377
 07/27  13:00:00,323.977838585,11.672636920999999
 07/27  14:00:00,315.092744128,11.672460987100001
 07/27  15:00:00,310.10193382299997,11.6724865149
 07/27  16:00:00,312.561471035,11.6723960107
 07/27  17:00:00,312.709581028,10.5275
 07/27  18:00:00,301.777211476,10.5049363583
 07/27  19:00:00,289.06825392400003,11.3023448585
 07/27  20:00:00,271.863449701,9.779037994349999
 07/27  21:00:00,194.441256662,4.69
 07/27  22:00:00,129.523210252,3.4994193102599995
 07/27  23:00:00,158.61308081299998,2.355
 07/27  24:00:00,135.82123635600001,2.355
 07/28  01:00:00,121.657080181,3.49925442364
 07/28  02:00:00,119.424737224,2.355
 07/28  03:00:00,118.28747065399999,2.355
 07/28  04:00:00,144.377773188,2.355
 07/28  05:00:00,140.751847269,3.49924590564
 07/28  06:00:00,187.599084269,7.23086061
 07/28  07:00:00,201.971223247,20.483174226099997
 07/28  08:00:00,269.88570407,9.33709111656
 07/28  09:00:00,310.325048964,11.6721576373
 07/28  10:00:00,309.732393866,11.672274382000001
 07/28  11:00:00,330.00804176400004,11.6725460167
 07/28  12:00:00,326.838593989,11.672723400299999
 07/28  13:00:00,333.288611537,11.672548498800001
 07/28  14:00:00,324.485519737,11.6723716272
 07/28  15:00:00,319.814904892,11.672396423
 07/28  16:00:00,318.573261968,10.5275
 07/28  17:00:00,312.78169254200003,11.6725262695
 07/28  18:00:00,300.452503267,10.504844608600001
 07/28  19:00:00,281.18649104,10.504707139099999
 07/28  20:00:00,264.172482688,10.1342436441
 07/28  21:00:00,189.50778192,4.69
 07/28  22:00:00,128.667520236,3.4994205979300004
 07/28  23:00:00,157.34782487799998,2.355
 07/28  24:00:00,135.946567937,2.355
 07/29  01:00:00,120.188504217,2.91561838897
 07/29  02:00:00,116.280143599,1.77125
 07/29  03:00:00,113.144745265,1.77125
 07/29  04:00:00,117.85678986799999,2.9155250131800003
 07/29  05:00:00,109.911454077,1.77125
 07/29  06:00:00,142.951353191,27.485543965700003
 07/29  07:00:00,164.788035039,34.6481546323
 07/29  08:00:00,231.590335821,11.9479800925
 07/29  09:00:00,260.33895260099996,10.5046032519
 07/29  10:00:00,289.20696329,11.6722540382
 07/29  11:00:00,316.86884798799997,11.672616939400001
 07/29  12:00:00,308.671291805,11.672508649300001
 07/29  13:00:00,309.835458658,11.672597400099999
 07/29  14:00:00,302.807720608,11.6724070769
 07/29  15:00:00,301.590488333,11.672525325399999
 07/29  16:00:00,302.55674191400004,11.672417575699999
 07/29  17:00:00,301.471152431,10.5275
 07/29  18:00:00,277.00034327599997,10.4001243654
 07/29  19:00:00,234.05004861400002,8.76535778849
 07/29  20:00:00,227.80777850299998,7.6815456842
 07/29  21:00:00,174.28978097799998,3.5225
 07/29  22:00:00,124.185995755,2.91571888839
 07/29  23:00:00,154.167488217,1.77125
 07/29  24:00:00,132.190659076,2.9155609137800003
 07/30  01:00:00,120.379426389,1.77125
 07/30  02:00:00,118.30254644,1.77125
 07/30  03:00:00,115.854246679,1.77125
 07/30  04:00:00,121.612063707,2.9155246777900006
 07/30  05:00:00,117.187551669,1.77125
 07/30  06:00:00,149.858843281,16.9477845782
 07/30  07:00:00,170.610228952,38.7985444017
 07/30  08:00:00,207.516160189,27.4831627577
 07/30  09:00:00,188.09642109400002,23.942143602399998
 07/30  10:00:00,221.55792515,9.62960520342
 07/30  11:00:00,248.042732222,8.169671144510001
 07/30  12:00:00,272.735249996,10.504812790299999
 07/30  13:00:00,276.781009945,9.36
 07/30  14:00:00,273.56684367,10.5047087177
 07/30  15:00:00,266.599073739,10.5047954263
 07/30  16:00:00,263.181712307,10.504765901499999
 07/30  17:00:00,227.425409147,7.61024426798
 07/30  18:00:00,226.99346118,6.23861247283
 07/30  19:00:00,212.216527065,5.83453457311
 07/30  20:00:00,210.444054052,6.05153329523
 07/30  21:00:00,183.09706582400003,4.81468871091
 07/30  22:00:00,120.314517363,2.91560395515
 07/30  23:00:00,148.83917015,1.77125
 07/30  24:00:00,122.337486475,1.77125
 07/31  01:00:00,113.804130303,3.4992687573400003
 07/31  02:00:00,112.050834008,2.355
 07/31  03:00:00,110.40559218,2.355
 07/31  04:00:00,115.353114315,3.4992014583800004
 07/31  05:00:00,109.71672445799999,2.355
 07/31  06:00:00,156.082794979,65.6021494551
 07/31  07:00:00,183.24774579900003,62.4642842698
 07/31  08:00:00,266.47853629599996,25.973629612699998
 07/31  09:00:00,301.04717666,11.6721470875
 07/31  10:00:00,301.877242895,11.6724183135
 07/31  11:00:00,319.883915899,11.6726866894
 07/31  12:00:00,315.223491514,11.672606429000002
 07/31  13:00:00,317.409610191,11.672684358900002
 07/31  14:00:00,311.826704903,11.672506061500002
 07/31  15:00:00,308.141402633,11.672329295699999
 07/31  16:00:00,307.782354242,11.672435663599998
 07/31  17:00:00,306.478713396,11.672355789700001
 07/31  18:00:00,297.56750674,9.772830526269999
 07/31  19:00:00,280.507302617,11.0785457303
 07/31  20:00:00,259.615804369,11.4704270566
 07/31  21:00:00,184.298073205,4.69
 07/31  22:00:00,124.11498430299999,3.49940360562
 07/31  23:00:00,155.56042135799999,2.355
 07/31  24:00:00,135.291475695,2.355
 08/01  01:00:00,126.58691863600001,3.49921696896
 08/01  02:00:00,127.50405368700001,2.355
 08/01  03:00:00,128.416435268,2.355
 08/01  04:00:00,157.65154179700002,3.4992110328900004
 08/01  05:00:00,153.80113800200002,2.355
 08/01  06:00:00,201.152101736,5.13157511274
 08/01  07:00:00,215.90270054099997,7.071042238139999
 08/01  08:00:00,287.330373305,8.1925
 08/01  09:00:00,329.07430456,11.6721825404
 08/01  10:00:00,332.0320537,11.6722961478
 08/01  11:00:00,352.79101551199994,11.672563818399999
 08/01  12:00:00,359.191346789,11.6727375976
 08/01  13:00:00,365.80928277199996,11.672560261700001
 08/01  14:00:00,364.993133198,11.672381310499999
 08/01  15:00:00,362.941274085,11.6724033277
 08/01  16:00:00,363.00810861199994,11.672309814
 08/01  17:00:00,358.610224538,10.5275
 08/01  18:00:00,343.473645301,10.5048463885
 08/01  19:00:00,320.67653919400004,10.504706819199999
 08/01  20:00:00,302.760270124,9.33724020386
 08/01  21:00:00,232.523130206,4.69
 08/01  22:00:00,140.56879506,3.4994169310900003
 08/01  23:00:00,166.60064348,2.355
 08/01  24:00:00,148.211538421,2.355
 08/02  01:00:00,137.557584338,3.4992252481699997
 08/02  02:00:00,133.775328752,2.355
 08/02  03:00:00,132.29097368200001,2.355
 08/02  04:00:00,139.687049001,2.355
 08/02  05:00:00,133.321282914,3.4992126110900004
 08/02  06:00:00,176.80089868299999,4.69
 08/02  07:00:00,195.301692333,5.96273749014
 08/02  08:00:00,272.386529024,9.33699005574
 08/02  09:00:00,309.954315978,11.6722102949
 08/02  10:00:00,307.022009916,10.5275
 08/02  11:00:00,327.92121705,11.6726358647
 08/02  12:00:00,322.01883467700003,12.8178658745
 08/02  13:00:00,330.74392634099996,11.6726793415
 08/02  14:00:00,327.197398136,11.6724642023
 08/02  15:00:00,322.98560917,10.5275
 08/02  16:00:00,318.686266161,11.672486943
 08/02  17:00:00,311.859835689,11.6723959972
 08/02  18:00:00,297.786479707,10.5049011025
 08/02  19:00:00,283.386624896,10.8943632401
 08/02  20:00:00,262.117160085,9.092057636939998
 08/02  21:00:00,187.227154492,5.83458763153
 08/02  22:00:00,123.06703562,2.355
 08/02  23:00:00,150.303700169,3.4992865766900003
 08/02  24:00:00,126.761760075,2.355
 08/03  01:00:00,115.15160122,2.355
 08/03  02:00:00,112.503301604,3.49922590992
 08/03  03:00:00,110.845680088,2.355
 08/03  04:00:00,117.054086163,2.355
 08/03  05:00:00,112.475551616,3.49920664448
 08/03  06:00:00,157.987857074,38.1169681183
 08/03  07:00:00,181.33259231,48.5512519124
 08/03  08:00:00,266.795311748,15.3453012187
 08/03  09:00:00,304.625181498,10.5275
 08/03  10:00:00,302.527121198,11.672389561
 08/03  11:00:00,324.611337418,11.672498707599999
 08/03  12:00:00,316.96159779,11.6726220383
 08/03  13:00:00,325.624515315,12.8177452212
 08/03  14:00:00,329.961842171,10.5275
 08/03  15:00:00,338.988513051,11.6724517601
 08/03  16:00:00,345.65503774900003,11.672347276500002
 08/03  17:00:00,346.07754608199997,11.672461475999999
 08/03  18:00:00,333.565749121,10.5047603762
 08/03  19:00:00,317.4398041,10.5047567893
 08/03  20:00:00,295.286450468,8.1925
 08/03  21:00:00,224.059660983,5.83457218926
 08/03  22:00:00,138.296290335,2.355
 08/03  23:00:00,165.261145035,3.4993003126
 08/03  24:00:00,146.866932345,2.355
 08/04  01:00:00,136.260560243,2.355
 08/04  02:00:00,135.00946123100002,3.49921990677
 08/04  03:00:00,135.648543661,2.355
 08/04  04:00:00,164.684871894,2.355
 08/04  05:00:00,161.553254843,2.355
 08/04  06:00:00,215.224160601,5.83425890676
 08/04  07:00:00,223.861253718,6.0343600210899995
 08/04  08:00:00,291.156602336,9.33709226136
 08/04  09:00:00,329.321985158,10.5275
 08/04  10:00:00,331.208746765,11.672245683599998
 08/04  11:00:00,351.958665667,11.672592502999999
 08/04  12:00:00,356.809859644,11.672731531300002
 08/04  13:00:00,362.619232355,11.672559321800001
 08/04  14:00:00,359.65690998599996,11.6724511515
 08/04  15:00:00,351.412023004,11.6723054502
 08/04  16:00:00,348.29337412800004,11.672402733599998
 08/04  17:00:00,348.22830436199996,11.6725196255
 08/04  18:00:00,335.028012195,10.5048017005
 08/04  19:00:00,308.042513198,9.36
 08/04  20:00:00,279.930064582,10.380796652899999
 08/04  21:00:00,200.54670963400002,5.83455038227
 08/04  22:00:00,134.051853326,2.355
 08/04  23:00:00,161.766241209,2.355
 08/04  24:00:00,143.356405289,3.4992363582999997
 08/05  01:00:00,131.259669307,1.77125
 08/05  02:00:00,129.97431331200002,1.77125
 08/05  03:00:00,129.802538145,2.9155119481200003
 08/05  04:00:00,137.306157243,1.77125
 08/05  05:00:00,131.796921365,1.77125
 08/05  06:00:00,166.012702349,4.6667918103099995
 08/05  07:00:00,189.84681863,4.80728554232
 08/05  08:00:00,253.662637863,7.001998006869999
 08/05  09:00:00,287.144762751,9.36
 08/05  10:00:00,319.025261585,11.672349246600001
 08/05  11:00:00,338.248105402,11.6726276984
 08/05  12:00:00,333.719377258,11.672726869000002
 08/05  13:00:00,339.678973741,11.672560111300001
 08/05  14:00:00,335.023972778,11.6724386454
 08/05  15:00:00,324.291148797,11.672350313599999
 08/05  16:00:00,318.167837417,11.6724540809
 08/05  17:00:00,312.093817005,11.6723363031
 08/05  18:00:00,285.632110207,10.0563466713
 08/05  19:00:00,242.113194502,8.03478973143
 08/05  20:00:00,233.52773170700002,5.8575
 08/05  21:00:00,172.97684413,4.66705527092
 08/05  22:00:00,120.47852098,1.77125
 08/05  23:00:00,149.4290965,2.91567279018
 08/05  24:00:00,126.971327108,1.77125
 08/06  01:00:00,116.060009443,1.77125
 08/06  02:00:00,114.01961862899999,2.9155397783599994
 08/06  03:00:00,112.54414780200001,1.77125
 08/06  04:00:00,118.59924288,1.77125
 08/06  05:00:00,113.51514709,2.91553706986
 08/06  06:00:00,146.071988376,24.5732365742
 08/06  07:00:00,165.324736993,48.539004406000004
 08/06  08:00:00,200.55165160400003,40.351149107800005
 08/06  09:00:00,179.157289657,33.8718050875
 08/06  10:00:00,213.57096519,15.224993443699999
 08/06  11:00:00,242.271021585,7.025
 08/06  12:00:00,260.35411298,10.5047233571
 08/06  13:00:00,259.930220387,10.5048211948
 08/06  14:00:00,253.88238773400002,10.5046943344
 08/06  15:00:00,248.686906579,9.36
 08/06  16:00:00,245.91584643299998,10.504828957400001
 08/06  17:00:00,211.39827177,8.815645836729999
 08/06  18:00:00,212.299953904,5.32919473367
 08/06  19:00:00,194.640570193,14.5618370686
 08/06  20:00:00,192.99252011299998,34.9245235893
 08/06  21:00:00,171.558429598,18.6934269071
 08/06  22:00:00,110.134805874,1.77125
 08/06  23:00:00,140.63509339700002,2.91549466494
 08/06  24:00:00,114.972241009,1.77125
 08/07  01:00:00,107.80059300799999,2.355
 08/07  02:00:00,107.40326645399999,3.4992254177699995
 08/07  03:00:00,105.60269540000002,2.355
 08/07  04:00:00,111.02759697399999,2.355
 08/07  05:00:00,107.054997681,2.355
 08/07  06:00:00,151.86470876799999,77.2674221913
 08/07  07:00:00,173.23863725299998,81.3602067209
 08/07  08:00:00,253.258216405,52.2262236295
 08/07  09:00:00,286.158759624,17.7639982771
 08/07  10:00:00,280.213182419,11.672247846700001
 08/07  11:00:00,304.679391222,11.6725928324
 08/07  12:00:00,293.32359579900003,11.672730303
 08/07  13:00:00,294.408981942,11.6725570254
 08/07  14:00:00,291.003699853,11.672447746500001
 08/07  15:00:00,286.674985436,11.672301013199998
 08/07  16:00:00,284.56902954,11.6723969128
 08/07  17:00:00,283.005830768,11.6725123923
 08/07  18:00:00,275.68849716799997,10.5047935787
 08/07  19:00:00,256.704349517,10.7735088785
 08/07  20:00:00,235.66645407299998,10.7058218558
 08/07  21:00:00,168.346526772,6.49901475907
 08/07  22:00:00,107.986598975,2.355
 08/07  23:00:00,140.04321042,2.355
 08/07  24:00:00,114.148058551,3.4992262962400003
 08/08  01:00:00,104.800991696,2.355
 08/08  02:00:00,103.80117615399999,2.355
 08/08  03:00:00,103.57311108200001,3.49924067176
 08/08  04:00:00,127.50626304299999,2.355
 08/08  05:00:00,124.14421563,2.355
 08/08  06:00:00,171.192037305,66.290094825
 08/08  07:00:00,188.429527861,70.1845580387
 08/08  08:00:00,261.085193458,32.5879241021
 08/08  09:00:00,292.726394088,11.6722158318
 08/08  10:00:00,288.15945675,11.672267138399999
 08/08  11:00:00,311.83167641299997,11.6726637261
 08/08  12:00:00,302.909390648,11.6725635109
 08/08  13:00:00,304.978374442,11.672640127200001
 08/08  14:00:00,300.76636122900004,11.6724947998
 08/08  15:00:00,299.820491451,11.6723313784
 08/08  16:00:00,299.524006328,11.6724301875
 08/08  17:00:00,294.818845033,11.672343544
 08/08  18:00:00,285.31052784,10.9125334657
 08/08  19:00:00,265.752557637,10.2001121396
 08/08  20:00:00,241.93844080000002,10.578466300599999
 08/08  21:00:00,173.51437247400003,5.8344975914
 08/08  22:00:00,116.746959818,2.355
 08/08  23:00:00,145.177158695,2.355
 08/08  24:00:00,118.926123531,3.4992511687300003
 08/09  01:00:00,108.863735669,2.355
 08/09  02:00:00,107.89080350299999,2.355
 08/09  03:00:00,106.029098803,2.355
 08/09  04:00:00,112.529680392,3.4992003609699993
 08/09  05:00:00,108.564781649,2.355
 08/09  06:00:00,153.77353314,58.2634510478
 08/09  07:00:00,176.795571177,61.9423317061
 08/09  08:00:00,258.58489805700003,28.371326641
 08/09  09:00:00,292.64155743,11.6722028821
 08/09  10:00:00,288.931251665,11.672283224400001
 08/09  11:00:00,315.8791264,11.6724941265
 08/09  12:00:00,307.88607885700003,11.672647070899998
 08/09  13:00:00,309.04757797599996,11.672720261199999
 08/09  14:00:00,302.341879252,11.672538686800001
 08/09  15:00:00,300.90635516599997,11.6723587003
 08/09  16:00:00,302.641118477,11.6724604603
 08/09  17:00:00,299.360917733,11.672376738099999
 08/09  18:00:00,292.267461765,9.36
 08/09  19:00:00,284.649279278,11.4389929171
 08/09  20:00:00,259.633249975,10.6342293935
 08/09  21:00:00,184.983759255,4.69
 08/09  22:00:00,124.153474803,3.4994164400199996
 08/09  23:00:00,153.175357881,2.355
 08/09  24:00:00,129.95114086799998,2.355
 08/10  01:00:00,117.947764333,3.4992289762300004
 08/10  02:00:00,115.79220946299999,2.355
 08/10  03:00:00,114.34051881799999,2.355
 08/10  04:00:00,120.241876845,3.4992219442400003
 08/10  05:00:00,115.364044835,2.355
 08/10  06:00:00,160.533637584,34.2458284746
 08/10  07:00:00,183.12695556900002,49.655315756099995
 08/10  08:00:00,266.4503733,14.4813933706
 08/10  09:00:00,306.323095422,11.672186168
 08/10  10:00:00,306.596450254,11.672295551500001
 08/10  11:00:00,329.091656909,11.6725578893
 08/10  12:00:00,323.730448657,11.6727268252
 08/10  13:00:00,329.752235676,11.6725463581
 08/10  14:00:00,325.164372328,11.6723644613
 08/10  15:00:00,326.858966459,11.6723827402
 08/10  16:00:00,327.433606498,10.5275
 08/10  17:00:00,322.710562225,11.672505111700001
 08/10  18:00:00,310.639363559,10.5048184606
 08/10  19:00:00,301.144110947,10.5046759824
 08/10  20:00:00,280.25577755,10.1582029609
 08/10  21:00:00,198.520595145,4.69
 08/10  22:00:00,131.534764532,3.4993816078699993
 08/10  23:00:00,160.957123536,2.355
 08/10  24:00:00,141.303406684,2.355
 08/11  01:00:00,128.658548455,2.355
 08/11  02:00:00,127.891504003,3.4992576094800003
 08/11  03:00:00,126.084849674,2.355
 08/11  04:00:00,151.127144439,2.355
 08/11  05:00:00,150.68380844799998,3.4992407677099995
 08/11  06:00:00,191.08897254099998,5.149674421
 08/11  07:00:00,204.643327653,16.4251364375
 08/11  08:00:00,277.79605109700003,9.33707736997
 08/11  09:00:00,318.010728478,11.672166691600001
 08/11  10:00:00,320.27946246700003,10.5275
 08/11  11:00:00,341.631891942,11.6725871699
 08/11  12:00:00,343.592759514,12.8177576959
 08/11  13:00:00,353.812527016,11.6726198315
 08/11  14:00:00,348.361274115,11.672402376199999
 08/11  15:00:00,343.817806973,10.5275
 08/11  16:00:00,344.420434872,11.6724217912
 08/11  17:00:00,331.982777587,11.6723279657
 08/11  18:00:00,313.668979231,10.5048296914
 08/11  19:00:00,289.436476896,10.8978426863
 08/11  20:00:00,271.142070295,8.57624627096
 08/11  21:00:00,200.917709784,5.834596235569999
 08/11  22:00:00,133.561682897,2.355
 08/11  23:00:00,160.513057801,3.4992871235800003
 08/11  24:00:00,141.42569660700002,2.355
 08/12  01:00:00,127.583119382,1.77125
 08/12  02:00:00,126.298363848,2.91552636032
 08/12  03:00:00,125.23232149200001,1.77125
 08/12  04:00:00,132.567185396,1.77125
 08/12  05:00:00,131.852465084,2.91551855758
 08/12  06:00:00,161.106453494,3.5225
 08/12  07:00:00,183.44369538599997,4.69251488556
 08/12  08:00:00,249.061212858,7.00207793511
 08/12  09:00:00,285.238532721,10.5046517711
 08/12  10:00:00,317.876367534,10.5275
 08/12  11:00:00,340.422471767,11.6726040344
 08/12  12:00:00,339.060397148,12.8176833486
 08/12  13:00:00,343.316388994,11.6725835665
 08/12  14:00:00,342.203402289,11.672352972999999
 08/12  15:00:00,334.591638526,10.5275
 08/12  16:00:00,331.868137321,11.672443356099999
 08/12  17:00:00,329.240648178,11.672327128900001
 08/12  18:00:00,298.290882743,9.33737520217
 08/12  19:00:00,258.69640444,7.0022389911500005
 08/12  20:00:00,250.395392985,5.8575
 08/12  21:00:00,196.073626691,4.66705868337
 08/12  22:00:00,131.037735857,1.77125
 08/12  23:00:00,156.763762839,2.91567163056
 08/12  24:00:00,135.524713541,1.77125
 08/13  01:00:00,124.36302691600001,2.91550254649
 08/13  02:00:00,123.63521808,1.77125
 08/13  03:00:00,122.41498464,1.77125
 08/13  04:00:00,129.53682359799998,1.77125
 08/13  05:00:00,128.767939299,2.91550904486
 08/13  06:00:00,159.218106475,3.9643397085400003
 08/13  07:00:00,181.209295375,8.72495783966
 08/13  08:00:00,217.979173092,4.66686730131
 08/13  09:00:00,202.326491176,3.5225
 08/13  10:00:00,241.383536469,8.169648914660002
 08/13  11:00:00,263.368547648,8.1696629752
 08/13  12:00:00,284.287771532,9.36
 08/13  13:00:00,278.87703808099997,10.504661851
 08/13  14:00:00,269.661478137,10.504709542899999
 08/13  15:00:00,272.976544267,9.36
 08/13  16:00:00,266.731519791,11.8530409386
 08/13  17:00:00,228.33707720799998,9.74109863254
 08/13  18:00:00,229.693839117,6.377448444380001
 08/13  19:00:00,220.657581267,4.69
 08/13  20:00:00,217.801949515,8.65165755012
 08/13  21:00:00,189.52835635,4.69
 08/13  22:00:00,125.84855579299999,1.77125
 08/13  23:00:00,154.44986314,2.91552416036
 08/13  24:00:00,133.010821776,1.77125
 08/14  01:00:00,125.662514914,2.355
 08/14  02:00:00,125.421514829,3.4992610566199995
 08/14  03:00:00,125.20649259,2.355
 08/14  04:00:00,132.922125946,2.355
 08/14  05:00:00,132.15540434,3.4992409090199996
 08/14  06:00:00,171.87925824799999,8.39103074665
 08/14  07:00:00,190.04376590400003,41.407237202
 08/14  08:00:00,263.81983661,33.627331699
 08/14  09:00:00,292.382827314,15.1713941927
 08/14  10:00:00,286.43754509,11.672416135299999
 08/14  11:00:00,305.47493099400003,11.6725213298
 08/14  12:00:00,299.48582368900003,11.6726409022
 08/14  13:00:00,302.313965233,12.817772746500001
 08/14  14:00:00,298.016581256,10.5275
 08/14  15:00:00,294.780800011,11.672461531400002
 08/14  16:00:00,296.326394698,11.672354222000001
 08/14  17:00:00,295.821352484,11.672464855
 08/14  18:00:00,287.581918825,10.5047614038
 08/14  19:00:00,271.803652203,12.4667705577
 08/14  20:00:00,249.38203876900002,9.97863300233
 08/14  21:00:00,180.697782037,5.83456844363
 08/14  22:00:00,119.93308168899999,2.355
 08/14  23:00:00,149.988781932,3.4992957168000003
 08/14  24:00:00,127.21700260700001,2.355
 08/15  01:00:00,118.48955632,2.355
 08/15  02:00:00,117.49847406200001,3.4992146107199997
 08/15  03:00:00,117.55473300700001,2.355
 08/15  04:00:00,143.730059075,2.355
 08/15  05:00:00,143.981055727,2.355
 08/15  06:00:00,186.017802972,25.0319715231
 08/15  07:00:00,197.529156148,52.348841655600005
 08/15  08:00:00,263.031847949,35.2139673081
 08/15  09:00:00,298.065898844,10.5275
 08/15  10:00:00,297.658179812,11.672233377000001
 08/15  11:00:00,323.12212687,11.6725762922
 08/15  12:00:00,320.941990932,11.672712015899998
 08/15  13:00:00,328.864763965,11.672537589100001
 08/15  14:00:00,324.95602324,11.672426941400001
 08/15  15:00:00,322.30047585799997,11.672477278299999
 08/15  16:00:00,322.150780505,11.6723732073
 08/15  17:00:00,321.234567609,11.672487079100001
 08/15  18:00:00,309.785863025,10.5047672713
 08/15  19:00:00,290.315239397,10.1361771157
 08/15  20:00:00,267.45028320299997,11.167502855599999
 08/15  21:00:00,190.868303974,5.83451205903
 08/15  22:00:00,133.448775784,2.355
 08/15  23:00:00,162.446154202,2.355
 08/15  24:00:00,144.240164688,3.4992625453800006
 08/16  01:00:00,133.343586321,2.355
 08/16  02:00:00,132.894868695,2.355
 08/16  03:00:00,132.010362867,3.4992116735400005
 08/16  04:00:00,139.92760007,2.355
 08/16  05:00:00,138.427918314,2.355
 08/16  06:00:00,179.76842029099998,4.69
 08/16  07:00:00,201.07499273099998,7.12303418599
 08/16  08:00:00,275.85873399999997,8.1925
 08/16  09:00:00,309.664046413,11.672186656700001
 08/16  10:00:00,306.063868825,11.672235543900001
 08/16  11:00:00,323.486462419,11.6726305357
 08/16  12:00:00,317.043106099,11.672782468800001
 08/16  13:00:00,322.191026266,11.6726044799
 08/16  14:00:00,318.771941703,11.672458239000001
 08/16  15:00:00,312.598010476,11.6722939746
 08/16  16:00:00,310.134917125,11.672391586400002
 08/16  17:00:00,310.160037376,11.672508721700002
 08/16  18:00:00,301.398034936,10.5047726478
 08/16  19:00:00,291.818104673,9.36
 08/16  20:00:00,274.489831165,9.33719340227
 08/16  21:00:00,196.235456215,4.69
 08/16  22:00:00,131.243068941,3.4994219559500004
 08/16  23:00:00,159.190937035,2.355
 08/16  24:00:00,140.146103349,3.4992091697099994
 08/17  01:00:00,129.480327405,2.355
 08/17  02:00:00,128.904823925,2.355
 08/17  03:00:00,128.46172542600002,2.355
 08/17  04:00:00,136.326898577,3.49922292333
 08/17  05:00:00,135.65140842899999,2.355
 08/17  06:00:00,178.399628343,4.69
 08/17  07:00:00,199.856968077,7.1565945838300005
 08/17  08:00:00,276.89050386,8.1925
 08/17  09:00:00,314.365139784,11.6721593772
 08/17  10:00:00,313.63225804900003,11.6722390002
 08/17  11:00:00,331.15642874099996,11.672685933399999
 08/17  12:00:00,328.179189502,11.672600853599999
 08/17  13:00:00,336.97182395,11.6726731958
 08/17  14:00:00,339.405847857,11.6724911181
 08/17  15:00:00,335.70808068,11.672310581800001
 08/17  16:00:00,333.59755281900004,11.672411506300001
 08/17  17:00:00,328.831146961,11.6723272149
 08/17  18:00:00,314.609484015,9.36
 08/17  19:00:00,300.52532487,11.4410485518
 08/17  20:00:00,274.758389555,10.6720329276
 08/17  21:00:00,192.218275532,4.69
 08/17  22:00:00,127.339867625,3.49941224138
 08/17  23:00:00,155.239937884,2.355
 08/17  24:00:00,131.90472088799999,2.355
 08/18  01:00:00,119.024339291,3.4992459048800004
 08/18  02:00:00,114.37008504799999,2.355
 08/18  03:00:00,110.26452147100001,2.355
 08/18  04:00:00,131.411533917,2.355
 08/18  05:00:00,127.808909961,3.4992354532
 08/18  06:00:00,165.445092221,74.45486377430001
 08/18  07:00:00,176.11543881,89.3273265558
 08/18  08:00:00,245.477448207,62.4417791996
 08/18  09:00:00,277.234914002,29.3703873044
 08/18  10:00:00,268.186729176,15.319627164100002
 08/18  11:00:00,295.190988701,11.6725049023
 08/18  12:00:00,285.83016244099997,11.672673386900001
 08/18  13:00:00,288.518679558,11.6727426102
 08/18  14:00:00,286.458391343,11.6725247507
 08/18  15:00:00,284.421275373,11.6723280668
 08/18  16:00:00,287.513443739,10.5275
 08/18  17:00:00,287.108355146,11.6724499757
 08/18  18:00:00,279.211803938,10.9186119656
 08/18  19:00:00,263.317096724,10.6287932275
 08/18  20:00:00,246.640852323,9.33714961545
 08/18  21:00:00,182.161812333,4.69
 08/18  22:00:00,126.670489872,2.355
 08/18  23:00:00,156.221327048,3.4993312448800005
 08/18  24:00:00,134.33348602799998,2.355
 08/19  01:00:00,119.591191368,1.77125
 08/19  02:00:00,119.43309088299999,2.91557043547
 08/19  03:00:00,119.893096036,1.77125
 08/19  04:00:00,128.080253915,1.77125
 08/19  05:00:00,127.141865417,2.91549768574
 08/19  06:00:00,154.174872553,11.3796161454
 08/19  07:00:00,170.947667234,50.7009262673
 08/19  08:00:00,229.973564928,50.0844729984
 08/19  09:00:00,252.75397789099998,40.4755460935
 08/19  10:00:00,278.423672642,23.7165848973
 08/19  11:00:00,302.92755336700003,12.237462821
 08/19  12:00:00,294.161378445,11.6726214665
 08/19  13:00:00,302.727391875,11.672706558699998
 08/19  14:00:00,300.870000538,11.6724758093
 08/19  15:00:00,295.625149882,11.672375954200001
 08/19  16:00:00,296.098989787,10.5275
 08/19  17:00:00,291.30818935599996,11.672450225599999
 08/19  18:00:00,265.710703109,10.2214607036
 08/19  19:00:00,228.951285882,8.31041807123
 08/19  20:00:00,218.64589409,8.15445310109
 08/19  21:00:00,163.94961058,3.5225
 08/19  22:00:00,114.550050288,2.91565014074
 08/19  23:00:00,143.97632988799998,1.77125
 08/19  24:00:00,118.361577252,1.77125
 08/20  01:00:00,107.815834307,2.9155519707099997
 08/20  02:00:00,106.100924465,1.77125
 08/20  03:00:00,104.300470331,1.77125
 08/20  04:00:00,110.653372395,2.9154904372400003
 08/20  05:00:00,109.127233977,1.77125
 08/20  06:00:00,136.43399465299998,94.156573687
 08/20  07:00:00,157.392691768,94.9945755464
 08/20  08:00:00,199.087214347,61.736781368100004
 08/20  09:00:00,183.60094015400003,41.1114854173
 08/20  10:00:00,217.479179269,15.689528966300001
 08/20  11:00:00,244.582062739,8.169634760669998
 08/20  12:00:00,261.868579825,9.36
 08/20  13:00:00,260.228736555,10.5047871913
 08/20  14:00:00,253.703745511,10.5046724222
 08/20  15:00:00,250.19016940400002,10.504757294700001
 08/20  16:00:00,250.65722414200002,9.36
 08/20  17:00:00,216.655399065,8.55174676158
 08/20  18:00:00,216.96797097200002,6.44237006805
 08/20  19:00:00,210.92732524,4.69
 08/20  20:00:00,205.234853731,11.8202633772
 08/20  21:00:00,183.100048329,4.69
 08/20  22:00:00,120.132271157,2.91555354435
 08/20  23:00:00,150.925751446,1.77125
 08/20  24:00:00,128.371825266,1.77125
 08/21  01:00:00,120.11344483799999,3.4992525340699996
 08/21  02:00:00,118.972445655,2.355
 08/21  03:00:00,118.085995052,2.355
 08/21  04:00:00,125.165504557,2.355
 08/21  05:00:00,123.285366153,3.49923905735
 08/21  06:00:00,163.918773082,24.9279169091
 08/21  07:00:00,186.438153929,38.2788346887
 08/21  08:00:00,268.261545539,12.9118955689
 08/21  09:00:00,306.73707456200003,11.672230550799998
 08/21  10:00:00,308.735373042,10.5275
 08/21  11:00:00,331.027004434,11.6726513046
 08/21  12:00:00,329.02563800400003,12.8178867706
 08/21  13:00:00,342.51704536,11.672685103
 08/21  14:00:00,346.419009479,11.672467790699999
 08/21  15:00:00,341.17180055,10.5275
 08/21  16:00:00,342.381176911,11.672487559
 08/21  17:00:00,338.525939783,11.6723939256
 08/21  18:00:00,323.554282284,10.5048961398
 08/21  19:00:00,320.08131403,10.5047276324
 08/21  20:00:00,299.383328425,8.1925
 08/21  21:00:00,221.94919687200002,5.8345777653
 08/21  22:00:00,138.78024837799998,2.355
 08/21  23:00:00,166.362563504,3.4992764520099997
 08/21  24:00:00,149.02052846799998,2.355
 08/22  01:00:00,135.255495684,2.355
 08/22  02:00:00,130.337925505,3.4992150784500002
 08/22  03:00:00,129.34859285,2.355
 08/22  04:00:00,156.421006523,2.355
 08/22  05:00:00,157.245166266,2.355
 08/22  06:00:00,199.601205556,5.83426008197
 08/22  07:00:00,209.011070732,10.491247148400001
 08/22  08:00:00,270.18245836200003,9.337094622110001
 08/22  09:00:00,302.010823594,10.5275
 08/22  10:00:00,300.60895997,11.672372839200001
 08/22  11:00:00,318.418541628,11.6724795405
 08/22  12:00:00,313.885835128,11.672600214200001
 08/22  13:00:00,322.263037229,11.672680187100001
 08/22  14:00:00,316.436044506,11.6725708982
 08/22  15:00:00,314.51328159900004,11.672423726199998
 08/22  16:00:00,312.840862377,11.6723174087
 08/22  17:00:00,308.539017827,11.672429156300002
 08/22  18:00:00,295.993978442,10.5049152679
 08/22  19:00:00,278.839028897,10.504720814099999
 08/22  20:00:00,258.43655423,8.1925
 08/22  21:00:00,185.409394631,5.834534788169999
 08/22  22:00:00,128.851241478,2.355
 08/22  23:00:00,157.645987269,3.4992623239599996
 08/22  24:00:00,136.51067551100002,2.355
 08/23  01:00:00,125.95517584299999,2.355
 08/23  02:00:00,125.664158681,2.355
 08/23  03:00:00,125.44129089100001,3.4992321034400002
 08/23  04:00:00,133.16014435600002,2.355
 08/23  05:00:00,132.515659132,2.355
 08/23  06:00:00,173.608724336,7.21720396266
 08/23  07:00:00,194.639995142,17.7089496511
 08/23  08:00:00,270.199392594,11.469858605299999
 08/23  09:00:00,302.043028499,10.5275
 08/23  10:00:00,301.666726756,11.672389388900001
 08/23  11:00:00,317.826067558,11.6725486392
 08/23  12:00:00,310.46665969599997,11.672686009300001
 08/23  13:00:00,314.775355715,11.6727629959
 08/23  14:00:00,309.118063108,11.672403040299999
 08/23  15:00:00,306.38234277,11.6724547904
 08/23  16:00:00,308.447951627,11.6723519875
 08/23  17:00:00,309.146798252,11.672467383699999
 08/23  18:00:00,301.410516173,10.5047485746
 08/23  19:00:00,297.101542644,9.36
 08/23  20:00:00,273.95520428099996,9.337199610479999
 08/23  21:00:00,193.25398736,5.83449523143
 08/23  22:00:00,129.60998486100002,2.355
 08/23  23:00:00,157.023096308,2.355
 08/23  24:00:00,137.280402912,3.4992460145499997
 08/24  01:00:00,128.23331687,2.355
 08/24  02:00:00,128.380608466,2.355
 08/24  03:00:00,127.422793703,3.4992603686300003
 08/24  04:00:00,134.825522226,2.355
 08/24  05:00:00,134.11115932,2.355
 08/24  06:00:00,175.701808317,5.74518187222
 08/24  07:00:00,196.935566343,16.7113262151
 08/24  08:00:00,271.109262322,10.2979369757
 08/24  09:00:00,304.425407346,11.6721720621
 08/24  10:00:00,303.545686153,11.6724097923
 08/24  11:00:00,323.217493602,11.6726215602
 08/24  12:00:00,317.059609609,11.672775651199998
 08/24  13:00:00,324.08936513599997,11.6725991453
 08/24  14:00:00,315.733257537,11.672454269500001
 08/24  15:00:00,310.23543153099996,11.672396866300002
 08/24  16:00:00,312.101378914,11.6723906971
 08/24  17:00:00,310.663909827,11.672509780699999
 08/24  18:00:00,301.426439796,10.5047748865
 08/24  19:00:00,296.762322257,9.36
 08/24  20:00:00,272.854075676,9.33719696606
 08/24  21:00:00,193.008394557,4.69
 08/24  22:00:00,129.02912084,3.4994104995599997
 08/24  23:00:00,156.832418844,2.355
 08/24  24:00:00,135.537860459,3.4992138232300003
 08/25  01:00:00,124.68031432,2.355
 08/25  02:00:00,124.228022625,2.355
 08/25  03:00:00,123.67280053399999,2.355
 08/25  04:00:00,148.749344151,3.4992281662300004
 08/25  05:00:00,148.065600449,2.355
 08/25  06:00:00,192.613879657,8.27934170065
 08/25  07:00:00,199.97441413599998,38.1187295998
 08/25  08:00:00,267.848942739,14.1477600982
 08/25  09:00:00,307.664239904,11.672168269
 08/25  10:00:00,310.20978083299997,11.6722500914
 08/25  11:00:00,328.12046267700003,11.6727003404
 08/25  12:00:00,322.38702719599996,11.672617198900001
 08/25  13:00:00,330.89987553,11.672691943499999
 08/25  14:00:00,326.043632726,11.6725114352
 08/25  15:00:00,323.109494547,11.672332476700001
 08/25  16:00:00,324.278302719,11.6724356919
 08/25  17:00:00,318.90333789,11.672353225899998
 08/25  18:00:00,304.147918257,9.36
 08/25  19:00:00,289.292410497,10.9108552727
 08/25  20:00:00,265.945368701,9.33720065468
 08/25  21:00:00,187.52122847799998,4.69
 08/25  22:00:00,129.801587576,3.49939545864
 08/25  23:00:00,157.97452090299998,2.355
 08/25  24:00:00,137.186683561,2.355
 08/26  01:00:00,123.73442622299999,2.91556346357
 08/26  02:00:00,122.60638274799999,1.77125
 08/26  03:00:00,121.852915899,1.77125
 08/26  04:00:00,130.144419371,2.91549506541
 08/26  05:00:00,129.937552029,1.77125
 08/26  06:00:00,161.147778136,5.00233514742
 08/26  07:00:00,177.166310451,28.131639554099998
 08/26  08:00:00,241.27632152400002,11.547803163800001
 08/26  09:00:00,271.545912886,10.5045685771
 08/26  10:00:00,303.654269064,11.6723551597
 08/26  11:00:00,326.916414943,11.672484365799999
 08/26  12:00:00,321.565171697,11.6726004571
 08/26  13:00:00,327.184698273,11.6726849135
 08/26  14:00:00,320.00943887,11.6724916352
 08/26  15:00:00,316.92162460099996,11.672397018900002
 08/26  16:00:00,317.955055036,11.672494650299999
 08/26  17:00:00,314.300171982,11.6723705475
 08/26  18:00:00,283.695754018,8.58860147745
 08/26  19:00:00,240.83292855599998,9.68079691592
 08/26  20:00:00,225.066723906,8.24468629263
 08/26  21:00:00,171.303988637,3.5225
 08/26  22:00:00,121.468005082,2.91568110425
 08/26  23:00:00,149.532524451,1.77125
 08/26  24:00:00,127.262406806,2.91562552698
 08/27  01:00:00,117.658331818,1.77125
 08/27  02:00:00,117.41609885700001,1.77125
 08/27  03:00:00,117.191299302,2.91551680255
 08/27  04:00:00,125.24452610799999,1.77125
 08/27  05:00:00,124.61412232,1.77125
 08/27  06:00:00,157.110978072,18.899600813800003
 08/27  07:00:00,176.12839504,34.6211459719
 08/27  08:00:00,214.415037187,14.3135444744
 08/27  09:00:00,199.06317827,6.123351240110001
 08/27  10:00:00,236.745965044,7.025
 08/27  11:00:00,260.46494110599997,8.16972838785
 08/27  12:00:00,283.564937858,10.5046974254
 08/27  13:00:00,286.73589102200003,9.36
 08/27  14:00:00,281.512488044,10.504761159
 08/27  15:00:00,277.999570411,10.5046787463
 08/27  16:00:00,276.217913883,10.5048134472
 08/27  17:00:00,242.170005349,7.025
 08/27  18:00:00,238.782969745,7.286146140669999
 08/27  19:00:00,230.136851066,6.21444535755
 08/27  20:00:00,219.49847624900002,4.69
 08/27  21:00:00,193.12175518599997,5.834398802949999
 08/27  22:00:00,127.825817481,1.77125
 08/27  23:00:00,156.529956655,1.77125
 08/27  24:00:00,136.04309085,2.91552146759
 08/28  01:00:00,127.163852075,2.355
 08/28  02:00:00,126.864960063,2.355
 08/28  03:00:00,125.149937367,2.355
 08/28  04:00:00,131.708411981,3.49924295329
 08/28  05:00:00,130.49973213299998,2.355
 08/28  06:00:00,173.74919976700002,8.29674106923
 08/28  07:00:00,190.57938823799998,32.7197702786
 08/28  08:00:00,269.35024255,11.7460069704
 08/28  09:00:00,305.173862247,11.672185772899999
 08/28  10:00:00,304.772107585,11.6722691593
 08/28  11:00:00,324.252664878,11.6724838353
 08/28  12:00:00,316.349790891,11.67264031
 08/28  13:00:00,320.429629041,11.6727167369
 08/28  14:00:00,313.725470256,11.672537341099998
 08/28  15:00:00,308.029791693,11.672359515999998
 08/28  16:00:00,304.450042387,11.6724643884
 08/28  17:00:00,300.390295067,11.672383216199998
 08/28  18:00:00,289.204095272,9.77599007377
 08/28  19:00:00,279.825673891,11.6683682976
 08/28  20:00:00,256.096441455,10.6085848118
 08/28  21:00:00,184.35624154799999,4.69
 08/28  22:00:00,123.045342734,3.49938120959
 08/28  23:00:00,153.31141919,2.355
 08/28  24:00:00,129.214818132,2.355
 08/29  01:00:00,117.56847993,3.49924160248
 08/29  02:00:00,115.17242271,2.355
 08/29  03:00:00,113.32190446799999,2.355
 08/29  04:00:00,136.277852741,3.49923546584
 08/29  05:00:00,135.454233316,2.355
 08/29  06:00:00,179.54441307,51.662941490200005
 08/29  07:00:00,190.786741805,64.77133861109999
 08/29  08:00:00,263.889224104,26.0166724349
 08/29  09:00:00,300.981874911,11.672206552899999
 08/29  10:00:00,300.14559997,11.6723199681
 08/29  11:00:00,320.754269904,11.672587417599999
 08/29  12:00:00,312.935524165,11.6727609958
 08/29  13:00:00,315.543663449,11.6725834188
 08/29  14:00:00,310.384615853,11.672404467
 08/29  15:00:00,311.673767519,11.672426332899999
 08/29  16:00:00,309.179755108,11.672332640999999
 08/29  17:00:00,304.58779749400003,10.5275
 08/29  18:00:00,295.346513829,10.902729567
 08/29  19:00:00,280.316088202,11.6492997794
 08/29  20:00:00,253.707697709,9.91157642717
 08/29  21:00:00,180.97016958400002,4.69
 08/29  22:00:00,123.68115191,3.4993447653900005
 08/29  23:00:00,152.30673054,2.355
 08/29  24:00:00,128.813986096,2.355
 08/30  01:00:00,117.89091452299999,3.4992477547400003
 08/30  02:00:00,116.62598826,2.355
 08/30  03:00:00,115.79572075200001,2.355
 08/30  04:00:00,122.663299862,2.355
 08/30  05:00:00,121.85552146399999,3.4992352562300004
 08/30  06:00:00,167.896447441,26.6728019353
 08/30  07:00:00,185.30931070900002,50.7040117472
 08/30  08:00:00,265.15415539400004,24.709384947199997
 08/30  09:00:00,303.019804417,11.6722349113
 08/30  10:00:00,305.382674582,10.5275
 08/30  11:00:00,324.825736061,11.672662044600001
 08/30  12:00:00,318.680533674,12.817921588299999
 08/30  13:00:00,325.62284067400003,11.672708943
 08/30  14:00:00,320.13853286,11.672494516199999
 08/30  15:00:00,316.860443927,11.672301298499999
 08/30  16:00:00,313.204894606,10.5275
 08/30  17:00:00,308.624936393,11.6724284877
 08/30  18:00:00,295.76114462099997,10.5049346642
 08/30  19:00:00,291.53531487,10.938604328499999
 08/30  20:00:00,260.471237957,10.7878325372
 08/30  21:00:00,187.303657305,4.69
 08/30  22:00:00,126.89831270399999,2.355
 08/30  23:00:00,155.59574556299998,3.4993219500999997
 08/30  24:00:00,134.464384429,2.355
 08/31  01:00:00,124.30226565,2.355
 08/31  02:00:00,123.437496423,3.49926163621
 08/31  03:00:00,122.63622253,2.355
 08/31  04:00:00,127.631879377,2.355
 08/31  05:00:00,124.75925734100001,3.4992428189099996
 08/31  06:00:00,168.834639202,20.7991869283
 08/31  07:00:00,186.05132862099998,41.579202797
 08/31  08:00:00,266.158531051,15.9532427986
 08/31  09:00:00,301.394582191,11.6721141004
 08/31  10:00:00,301.56847932700003,10.5275
 08/31  11:00:00,323.436264145,11.6725428753
 08/31  12:00:00,316.972546959,11.6726690486
 08/31  13:00:00,324.04153745599996,12.817846196400001
 08/31  14:00:00,317.37590727099996,11.6723782375
 08/31  15:00:00,316.298969044,10.5275
 08/31  16:00:00,317.01375394,11.6724027525
 08/31  17:00:00,315.745384829,11.672519521500002
 08/31  18:00:00,304.50575407599996,10.5048200601
 08/31  19:00:00,300.564953905,10.8803871854
 08/31  20:00:00,273.597250229,8.1925
 08/31  21:00:00,193.098511307,5.83457261237
 08/31  22:00:00,128.513173082,2.355
 08/31  23:00:00,158.088628727,3.49928634242
 08/31  24:00:00,138.065776382,2.355
 09/01  01:00:00,127.147538572,2.355
 09/01  02:00:00,126.332149986,3.49921645605
 09/01  03:00:00,125.700313534,2.355
 09/01  04:00:00,152.168796587,2.355
 09/01  05:00:00,150.81186994,2.355
 09/01  06:00:00,196.562807447,9.20892467116
 09/01  07:00:00,209.076322461,19.0536870961
 09/01  08:00:00,279.77154347,9.337034431769998
 09/01  09:00:00,319.69382576,10.5275
 09/01  10:00:00,323.603611709,11.6723195444
 09/01  11:00:00,342.533212328,11.6726712377
 09/01  12:00:00,347.397718141,11.6725594581
 09/01  13:00:00,357.772341597,11.6726451987
 09/01  14:00:00,355.962134558,11.6725404731
 09/01  15:00:00,350.844917113,11.6723975746
 09/01  16:00:00,352.110652787,11.672498651600002
 09/01  17:00:00,349.834846612,11.6724131851
 09/01  18:00:00,337.947380838,10.5049041679
 09/01  19:00:00,312.844192669,10.5047132235
 09/01  20:00:00,282.679918889,8.673337008819999
 09/01  21:00:00,209.981254111,5.834530366849999
 09/01  22:00:00,134.282156614,2.355
 09/01  23:00:00,160.505484214,3.49925929255
 09/01  24:00:00,141.758793908,2.355
 09/02  01:00:00,128.284629226,1.77125
 09/02  02:00:00,126.216695573,2.91557953194
 09/02  03:00:00,126.045842798,1.77125
 09/02  04:00:00,134.33935652899999,1.77125
 09/02  05:00:00,132.771825869,2.91548927569
 09/02  06:00:00,164.674922177,5.9427883574900005
 09/02  07:00:00,185.58564347799998,16.0498206451
 09/02  08:00:00,250.365084081,7.428618355039999
 09/02  09:00:00,284.656389708,10.5045639517
 09/02  10:00:00,315.530273002,10.5275
 09/02  11:00:00,333.492119107,11.6725274522
 09/02  12:00:00,330.78994185700003,11.672616013599999
 09/02  13:00:00,342.486811817,12.8177273857
 09/02  14:00:00,343.32546961099996,10.5275
 09/02  15:00:00,341.05205698599997,11.672497364200002
 09/02  16:00:00,345.664264615,11.6724000753
 09/02  17:00:00,343.347943367,11.672492684000002
 09/02  18:00:00,307.184030953,9.33734453325
 09/02  19:00:00,268.309331251,7.41538762496
 09/02  20:00:00,251.160190625,6.41320426577
 09/02  21:00:00,188.15757061099998,4.66703713956
 09/02  22:00:00,131.182298937,1.77125
 09/02  23:00:00,159.063977851,2.91565346945
 09/02  24:00:00,138.01767981,1.77125
 09/03  01:00:00,126.84136795399999,1.77125
 09/03  02:00:00,126.276468616,2.91556169323
 09/03  03:00:00,125.543029131,1.77125
 09/03  04:00:00,134.315878597,1.77125
 09/03  05:00:00,134.119057215,2.91549598646
 09/03  06:00:00,166.598592619,4.555752700159999
 09/03  07:00:00,185.012686384,13.2536908577
 09/03  08:00:00,219.67123559599997,10.6536437308
 09/03  09:00:00,199.195381887,10.9946928529
 09/03  10:00:00,228.34079115,8.719293366439999
 09/03  11:00:00,251.89739040599997,8.16966958888
 09/03  12:00:00,275.061396474,9.36
 09/03  13:00:00,279.24272714299997,10.504675795199999
 09/03  14:00:00,275.255074096,10.504730823400001
 09/03  15:00:00,274.113055715,10.5046589691
 09/03  16:00:00,278.64874399,9.36
 09/03  17:00:00,248.197277075,8.16974837564
 09/03  18:00:00,246.014717427,6.455595478949999
 09/03  19:00:00,239.89439095900002,6.30657018321
 09/03  20:00:00,221.12237388,7.603737635549999
 09/03  21:00:00,192.501826086,4.69
 09/03  22:00:00,129.17503520399998,2.9155590045
 09/03  23:00:00,157.87886943799998,1.77125
 09/03  24:00:00,137.287938385,1.77125
 09/04  01:00:00,125.484536202,1.77125
 09/04  02:00:00,123.730889906,2.91555609432
 09/04  03:00:00,122.763831145,1.77125
 09/04  04:00:00,129.09715312,1.77125
 09/04  05:00:00,125.913505899,2.91549071894
 09/04  06:00:00,153.68326834200002,44.6232251876
 09/04  07:00:00,166.01138691,77.1390571185
 09/04  08:00:00,198.380534747,71.30657552689999
 09/04  09:00:00,174.15661858400003,71.3247361107
 09/04  10:00:00,209.35153303099997,58.1103972986
 09/04  11:00:00,238.317261247,44.1142960846
 09/04  12:00:00,253.65189774900003,29.3159821232
 09/04  13:00:00,249.959680883,37.94979377
 09/04  14:00:00,241.192634167,42.7227217429
 09/04  15:00:00,235.27662864799998,47.4262713392
 09/04  16:00:00,235.418049745,44.3469369419
 09/04  17:00:00,206.157917823,54.964148329
 09/04  18:00:00,208.24995705599997,65.1752617848
 09/04  19:00:00,202.99581062200002,67.6363440661
 09/04  20:00:00,193.747508521,76.6060539524
 09/04  21:00:00,170.612270906,54.7666076982
 09/04  22:00:00,107.906613616,2.91556054588
 09/04  23:00:00,138.002857259,1.77125
 09/04  24:00:00,110.880683317,1.77125
 09/05  01:00:00,105.42791229299999,2.355
 09/05  02:00:00,104.176776674,3.49924544765
 09/05  03:00:00,101.924062147,2.355
 09/05  04:00:00,123.69184267600001,2.355
 09/05  05:00:00,121.54033565299999,3.4992309553099994
 09/05  06:00:00,163.084071367,129.99181178799998
 09/05  07:00:00,167.078911004,131.78778804200002
 09/05  08:00:00,236.262709357,104.311806083
 09/05  09:00:00,265.870830942,79.316165151
 09/05  10:00:00,256.78936789700003,62.9162232355
 09/05  11:00:00,285.147772355,41.4054473165
 09/05  12:00:00,270.70208917400004,25.4043410183
 09/05  13:00:00,268.743118684,15.169018687000001
 09/05  14:00:00,262.673860777,11.6724607758
 09/05  15:00:00,258.242416361,10.5275
 09/05  16:00:00,257.411483777,15.4257185998
 09/05  17:00:00,257.716625423,20.0790353624
 09/05  18:00:00,255.136760905,29.300951170799998
 09/05  19:00:00,242.482939802,55.7048152665
 09/05  20:00:00,213.745456618,86.528851554
 09/05  21:00:00,153.39360139,58.390860109799995
 09/05  22:00:00,100.363627585,2.355
 09/05  23:00:00,132.595146329,3.4993090928800004
 09/05  24:00:00,104.493352761,2.355
 09/06  01:00:00,96.19080884569999,2.355
 09/06  02:00:00,94.43969156520001,3.49925007485
 09/06  03:00:00,91.3668115246,2.355
 09/06  04:00:00,96.25967531229999,2.355
 09/06  05:00:00,94.8169972992,3.4992325003900002
 09/06  06:00:00,137.5540642,197.585457332
 09/06  07:00:00,149.677462878,163.882605111
 09/06  08:00:00,234.223499246,117.39835637200001
 09/06  09:00:00,268.832922817,79.2446271736
 09/06  10:00:00,262.762749995,51.062769231000004
 09/06  11:00:00,290.180291062,25.4637256348
 09/06  12:00:00,276.89758353400003,12.1348596242
 09/06  13:00:00,274.79192567,12.817887427
 09/06  14:00:00,271.101185838,11.6724044634
 09/06  15:00:00,269.440187299,10.5275
 09/06  16:00:00,272.989256529,11.6724338172
 09/06  17:00:00,272.550979248,11.6723489471
 09/06  18:00:00,265.584808155,11.1774053393
 09/06  19:00:00,262.445167442,13.2054020998
 09/06  20:00:00,236.75520468,24.9428410393
 09/06  21:00:00,173.07585194700002,8.3447177187
 09/06  22:00:00,114.001112526,2.355
 09/06  23:00:00,146.457665236,3.49933526297
 09/06  24:00:00,121.574038489,2.355
 09/07  01:00:00,111.62697644299999,2.355
 09/07  02:00:00,110.041119004,3.4992665746900005
 09/07  03:00:00,108.76361569299999,2.355
 09/07  04:00:00,115.431726633,2.355
 09/07  05:00:00,114.70885943399999,2.355
 09/07  06:00:00,158.876188481,84.3503569556
 09/07  07:00:00,177.66111614599998,89.4939324892
 09/07  08:00:00,261.369307572,54.659036945299995
 09/07  09:00:00,298.673331901,15.1469989574
 09/07  10:00:00,303.474364875,11.67238289
 09/07  11:00:00,327.29714091,11.672625610499999
 09/07  12:00:00,323.978223635,11.6726348057
 09/07  13:00:00,329.644988735,12.817796497
 09/07  14:00:00,323.136357625,10.5275
 09/07  15:00:00,318.625614667,11.6724877387
 09/07  16:00:00,315.00484457,11.6723902909
 09/07  17:00:00,311.08324844099997,11.672513643199999
 09/07  18:00:00,302.24436183299997,10.504818500399999
 09/07  19:00:00,303.841212324,11.3229498647
 09/07  20:00:00,267.469602507,10.5679171705
 09/07  21:00:00,191.17869163,5.83457947614
 09/07  22:00:00,131.17717974299998,2.355
 09/07  23:00:00,160.855897465,3.4992948792500003
 09/07  24:00:00,139.957471066,2.355
 09/08  01:00:00,128.484459919,2.355
 09/08  02:00:00,127.177944256,3.4992265086
 09/08  03:00:00,125.581759171,2.355
 09/08  04:00:00,151.768379823,2.355
 09/08  05:00:00,151.467400102,2.355
 09/08  06:00:00,195.66143898400003,9.41417704395
 09/08  07:00:00,203.52190994900002,37.1734149687
 09/08  08:00:00,268.350166628,23.4673265791
 09/08  09:00:00,299.383738251,10.5275
 09/08  10:00:00,295.382386631,11.6723455192
 09/08  11:00:00,314.29442171,11.6727060859
 09/08  12:00:00,309.39446448,11.6725998172
 09/08  13:00:00,315.512709447,12.8177297631
 09/08  14:00:00,315.638519192,10.5275
 09/08  15:00:00,316.612102318,11.6724555809
 09/08  16:00:00,317.268639141,11.672359117400001
 09/08  17:00:00,314.582617549,11.6724835817
 09/08  18:00:00,305.565745649,10.5047892091
 09/08  19:00:00,297.968977347,11.6053276029
 09/08  20:00:00,266.081990265,9.50961566154
 09/08  21:00:00,186.546317334,5.83455141878
 09/08  22:00:00,129.263927687,2.355
 09/08  23:00:00,158.637282647,3.49926704306
 09/08  24:00:00,137.887484124,2.355
 09/09  01:00:00,124.679356058,1.77125
 09/09  02:00:00,123.49071073799999,2.91551158898
 09/09  03:00:00,122.70335781200001,1.77125
 09/09  04:00:00,129.499032897,1.77125
 09/09  05:00:00,128.855632888,2.91550838103
 09/09  06:00:00,164.73939641799998,14.561465238599999
 09/09  07:00:00,178.061634647,44.448005047799995
 09/09  08:00:00,240.38534480599998,34.2600421165
 09/09  09:00:00,268.12988747400004,14.0258176089
 09/09  10:00:00,298.45284063400004,10.5275
 09/09  11:00:00,323.883490542,11.6726408023
 09/09  12:00:00,322.231634815,12.817797842100001
 09/09  13:00:00,325.192413333,11.6726616348
 09/09  14:00:00,319.253398306,11.6724401427
 09/09  15:00:00,317.668649317,11.6723518541
 09/09  16:00:00,317.471077604,10.5275
 09/09  17:00:00,314.231058578,11.6724400979
 09/09  18:00:00,288.442938992,10.0522903386
 09/09  19:00:00,259.251532209,8.436288483130001
 09/09  20:00:00,241.958553413,7.002117939369999
 09/09  21:00:00,182.56952512900003,3.5225
 09/09  22:00:00,131.020063825,2.91567692366
 09/09  23:00:00,159.277806275,1.77125
 09/09  24:00:00,139.914862295,1.77125
 09/10  01:00:00,129.087862636,2.9155084617400004
 09/10  02:00:00,128.871562232,1.77125
 09/10  03:00:00,128.63989414,1.77125
 09/10  04:00:00,136.93519153,2.91552686547
 09/10  05:00:00,136.243835658,1.77125
 09/10  06:00:00,172.926396884,4.32808870738
 09/10  07:00:00,187.782448867,11.746664583
 09/10  08:00:00,221.12326145400002,8.8157910823
 09/10  09:00:00,202.698603258,6.16817781344
 09/10  10:00:00,236.453605124,8.16968472817
 09/10  11:00:00,258.373481956,8.16970528573
 09/10  12:00:00,287.81879630099996,10.5047013583
 09/10  13:00:00,294.560156693,9.36
 09/10  14:00:00,286.36814783299997,10.504769484199999
 09/10  15:00:00,280.598507288,10.5046999348
 09/10  16:00:00,283.506453965,9.36
 09/10  17:00:00,253.533703854,8.169799552519999
 09/10  18:00:00,248.729288876,7.266432989369999
 09/10  19:00:00,247.405709454,5.07061079757
 09/10  20:00:00,230.22034836400002,5.834493267
 09/10  21:00:00,199.4115548,4.69
 09/10  22:00:00,130.625507048,2.9156173561500003
 09/10  23:00:00,158.26885336,1.77125
 09/10  24:00:00,139.5104046,1.77125
 09/11  01:00:00,130.912260937,3.4992682981699996
 09/11  02:00:00,130.080214426,2.355
 09/11  03:00:00,129.799679604,2.355
 09/11  04:00:00,138.85069003799998,3.4992002072099995
 09/11  05:00:00,138.738444941,2.355
 09/11  06:00:00,188.739226076,6.34294355952
 09/11  07:00:00,203.033317346,11.8826811956
 09/11  08:00:00,280.689647015,8.1925
 09/11  09:00:00,319.671739013,11.6722582785
 09/11  10:00:00,323.314343782,11.672384308
 09/11  11:00:00,339.806137158,11.67266776
 09/11  12:00:00,344.20725142099997,11.672597975899999
 09/11  13:00:00,331.332446063,12.2346748501
 09/11  14:00:00,303.994665716,14.9703999996
 09/11  15:00:00,287.434407492,12.557064623699999
 09/11  16:00:00,286.022713858,11.6724673299
 09/11  17:00:00,288.932288981,11.6723970449
 09/11  18:00:00,285.017510629,9.36
 09/11  19:00:00,284.746940418,11.6118770699
 09/11  20:00:00,257.732083594,10.7456866756
 09/11  21:00:00,185.67329968599998,4.69
 09/11  22:00:00,124.665700984,3.49941790014
 09/11  23:00:00,154.094700831,2.355
 09/11  24:00:00,131.44367326399998,2.355
 09/12  01:00:00,122.903567958,3.4992811685900005
 09/12  02:00:00,122.42757426200001,2.355
 09/12  03:00:00,121.70194634100001,2.355
 09/12  04:00:00,147.177677848,3.49921326957
 09/12  05:00:00,146.773817495,2.355
 09/12  06:00:00,192.206578124,40.541370994699996
 09/12  07:00:00,191.280770018,80.4101641294
 09/12  08:00:00,254.39948226599998,66.0193139925
 09/12  09:00:00,282.764595815,40.5803180483
 09/12  10:00:00,276.621853349,22.0469797557
 09/12  11:00:00,300.658895155,11.6726858984
 09/12  12:00:00,286.731404112,11.672617174800001
 09/12  13:00:00,282.835499703,11.672708493900002
 09/12  14:00:00,275.159735324,11.6725392636
 09/12  15:00:00,270.154326965,11.672371533900002
 09/12  16:00:00,269.060707995,11.6724909429
 09/12  17:00:00,265.76868151,11.6724216583
 09/12  18:00:00,258.20952408799997,10.881333845599999
 09/12  19:00:00,248.763911571,32.7315661222
 09/12  20:00:00,220.792583466,53.550650881
 09/12  21:00:00,159.442656164,31.291649011799997
 09/12  22:00:00,105.6462439,3.49941357187
 09/12  23:00:00,137.675887697,2.355
 09/12  24:00:00,110.322837819,2.355
 09/13  01:00:00,100.90227517299999,3.49924009804
 09/13  02:00:00,99.8838905292,2.355
 09/13  03:00:00,98.17343921370001,2.355
 09/13  04:00:00,103.48796162,3.4992410061
 09/13  05:00:00,102.236618225,2.355
 09/13  06:00:00,147.80933795299998,156.003158039
 09/13  07:00:00,157.54147707299998,146.725625247
 09/13  08:00:00,240.863661596,102.347947186
 09/13  09:00:00,275.439235917,58.6253457559
 09/13  10:00:00,269.119534432,29.121492145799998
 09/13  11:00:00,296.94996232,11.6727188646
 09/13  12:00:00,285.54712913,11.672651173199998
 09/13  13:00:00,287.309709885,11.6727439831
 09/13  14:00:00,285.901696849,11.6725756178
 09/13  15:00:00,284.903639492,11.672408782
 09/13  16:00:00,285.330922968,11.6723240245
 09/13  17:00:00,282.39752887,11.672461441600001
 09/13  18:00:00,272.88755573099996,10.809741591400002
 09/13  19:00:00,271.044494628,12.2477050029
 09/13  20:00:00,241.554219307,20.530792196900002
 09/13  21:00:00,175.00262055599998,7.87516207048
 09/13  22:00:00,115.400283102,3.4994240090800006
 09/13  23:00:00,146.994857275,2.355
 09/13  24:00:00,122.00181718,2.355
 09/14  01:00:00,111.35294462,3.4992825235600002
 09/14  02:00:00,109.499931032,2.355
 09/14  03:00:00,108.28341956,2.355
 09/14  04:00:00,115.03969640700001,3.4992186034900006
 09/14  05:00:00,114.332548242,2.355
 09/14  06:00:00,162.438370071,69.97630540850001
 09/14  07:00:00,177.409196346,84.31046334050001
 09/14  08:00:00,256.426976954,65.85812996899999
 09/14  09:00:00,286.195715144,48.9321525882
 09/14  10:00:00,279.688998154,47.669753792200005
 09/14  11:00:00,301.606529943,31.0726509013
 09/14  12:00:00,292.740905313,12.3414164067
 09/14  13:00:00,292.650494476,11.6727949681
 09/14  14:00:00,284.022711775,11.672408318699999
 09/14  15:00:00,275.099184341,11.672461824
 09/14  16:00:00,271.505718688,11.6723780876
 09/14  17:00:00,269.531013184,11.672516923699998
 09/14  18:00:00,262.354667869,11.644573657999999
 09/14  19:00:00,258.669581786,27.9890100809
 09/14  20:00:00,226.689256658,46.057078588500005
 09/14  21:00:00,161.870935075,30.3588780608
 09/14  22:00:00,101.31885214299999,2.355
 09/14  23:00:00,132.784860597,2.355
 09/14  24:00:00,105.051747236,3.4992571515699993
 09/15  01:00:00,96.9978734854,2.355
 09/15  02:00:00,95.5415690817,2.355
 09/15  03:00:00,94.3637879672,2.355
 09/15  04:00:00,115.97544386700001,3.49921179997
 09/15  05:00:00,115.166912601,2.355
 09/15  06:00:00,161.347341659,160.54214557
 09/15  07:00:00,160.16296524,162.03287607
 09/15  08:00:00,227.584683937,136.097835865
 09/15  09:00:00,256.434211785,103.801193395
 09/15  10:00:00,246.69584231,83.00639641779999
 09/15  11:00:00,275.828537976,60.8758088968
 09/15  12:00:00,258.65987260599996,48.5567514391
 09/15  13:00:00,256.809157458,40.9472049238
 09/15  14:00:00,253.123772064,31.7764988501
 09/15  15:00:00,248.680567749,29.8638782248
 09/15  16:00:00,247.927968622,34.8149916267
 09/15  17:00:00,244.86260472200001,50.2216504501
 09/15  18:00:00,239.20266143599997,75.6086371387
 09/15  19:00:00,227.90161973099998,104.87721098899999
 09/15  20:00:00,201.99223581,121.311637964
 09/15  21:00:00,145.103737695,94.49663847389999
 09/15  22:00:00,91.8232993693,2.355
 09/15  23:00:00,125.449900309,2.355
 09/15  24:00:00,96.3303805496,3.4991581272099994
 09/16  01:00:00,86.6547347483,1.77125
 09/16  02:00:00,86.0164336918,1.77125
 09/16  03:00:00,85.0732676818,2.9154912893900002
 09/16  04:00:00,90.8109325251,1.77125
 09/16  05:00:00,89.8571791044,1.77125
 09/16  06:00:00,123.845287349,246.857480312
 09/16  07:00:00,129.247827666,222.875317722
 09/16  08:00:00,195.63707949599998,170.039417837
 09/16  09:00:00,220.01889492599997,122.046007715
 09/16  10:00:00,247.069628118,87.6678859093
 09/16  11:00:00,278.179715945,59.7370222727
 09/16  12:00:00,262.839002263,39.6900720732
 09/16  13:00:00,261.552381526,26.6630874568
 09/16  14:00:00,259.646466208,15.2540707244
 09/16  15:00:00,256.953882435,11.6724116762
 09/16  16:00:00,256.027736862,11.6725371542
 09/16  17:00:00,256.04013163900004,13.6949026301
 09/16  18:00:00,239.51189767,41.5438387194
 09/16  19:00:00,201.301484228,81.62752329119999
 09/16  20:00:00,188.964275479,97.2953180255
 09/16  21:00:00,144.689743647,61.1788176676
 09/16  22:00:00,98.2702425216,1.77125
 09/16  23:00:00,130.710000819,2.91563615297
 09/16  24:00:00,102.862718578,1.77125
 09/17  01:00:00,93.6748830212,1.77125
 09/17  02:00:00,92.8807051545,2.9155500271399997
 09/17  03:00:00,91.81081750950001,1.77125
 09/17  04:00:00,97.5954502563,1.77125
 09/17  05:00:00,96.73221533969999,2.9154894185000004
 09/17  06:00:00,131.41466249,160.529702595
 09/17  07:00:00,139.43015515,158.410756344
 09/17  08:00:00,179.167398556,120.724773204
 09/17  09:00:00,159.295444334,93.46753891110001
 09/17  10:00:00,198.51923922900002,59.0925236801
 09/17  11:00:00,230.65330503299998,33.5143642856
 09/17  12:00:00,249.640750327,10.3120355086
 09/17  13:00:00,253.16959751099998,10.5047232558
 09/17  14:00:00,251.61519873400002,10.5047929601
 09/17  15:00:00,249.90195739,10.5047340377
 09/17  16:00:00,252.043941078,9.36
 09/17  17:00:00,217.72007666599998,9.01601200529
 09/17  18:00:00,219.113369605,7.367629200260001
 09/17  19:00:00,208.50409550700002,30.193490283800003
 09/17  20:00:00,191.648116847,60.24374844810001
 09/17  21:00:00,171.335833315,23.949608064499998
 09/17  22:00:00,108.37295274200001,2.91559055958
 09/17  23:00:00,138.27178783600002,1.77125
 09/17  24:00:00,111.551292685,1.77125
 09/18  01:00:00,103.800775205,3.4992272898300003
 09/18  02:00:00,102.269568149,2.355
 09/18  03:00:00,101.103939119,2.355
 09/18  04:00:00,106.780938779,2.355
 09/18  05:00:00,105.337174208,3.4992234096099994
 09/18  06:00:00,153.854777377,122.71444675
 09/18  07:00:00,166.61549097,122.238598385
 09/18  08:00:00,248.013945251,90.4529980773
 09/18  09:00:00,284.124654506,39.8629533152
 09/18  10:00:00,282.92346438,12.724384170799999
 09/18  11:00:00,311.47826255900003,11.6726003571
 09/18  12:00:00,307.970962917,11.6727999964
 09/18  13:00:00,312.155850533,11.6726393585
 09/18  14:00:00,306.744736528,11.672476126400001
 09/18  15:00:00,303.863929244,11.672314429000002
 09/18  16:00:00,303.94138734,11.6724424506
 09/18  17:00:00,298.125409441,11.6723803581
 09/18  18:00:00,286.138455143,10.7900395022
 09/18  19:00:00,282.567276731,11.1163201401
 09/18  20:00:00,254.69577240700002,9.337264123819999
 09/18  21:00:00,180.983991252,4.69
 09/18  22:00:00,119.69374445,3.49941857992
 09/18  23:00:00,149.94865264,2.355
 09/18  24:00:00,126.47212484299999,2.355
 09/19  01:00:00,115.81932338600001,3.4992837198
 09/19  02:00:00,113.887459181,2.355
 09/19  03:00:00,112.553909303,2.355
 09/19  04:00:00,137.472928572,3.4992181352
 09/19  05:00:00,135.321576085,2.355
 09/19  06:00:00,181.67050564599998,45.2203739272
 09/19  07:00:00,182.305035101,76.8436048301
 09/19  08:00:00,250.244036004,51.274694887299994
 09/19  09:00:00,284.133907777,17.6722035132
 09/19  10:00:00,282.340149021,11.6724336359
 09/19  11:00:00,313.63316755700004,11.6727316376
 09/19  12:00:00,304.644097752,11.6726717284
 09/19  13:00:00,301.618066904,11.672773683099999
 09/19  14:00:00,296.69293824,11.672390699300001
 09/19  15:00:00,292.41819714400003,11.6724509451
 09/19  16:00:00,292.927621418,11.6723732319
 09/19  17:00:00,289.40192275,11.6725197157
 09/19  18:00:00,282.686113013,12.479658654300001
 09/19  19:00:00,270.628394087,10.320190162100001
 09/19  20:00:00,239.866063005,9.33724231733
 09/19  21:00:00,172.512963687,5.83451845758
 09/19  22:00:00,116.70188449,2.355
 09/19  23:00:00,147.23981176,2.355
 09/19  24:00:00,122.77535514200001,3.4992086527099997
 09/20  01:00:00,112.99966601700001,2.355
 09/20  02:00:00,112.101984685,2.355
 09/20  03:00:00,111.61436897700001,2.355
 09/20  04:00:00,118.974427221,3.49923063487
 09/20  05:00:00,118.425282975,2.355
 09/20  06:00:00,166.469286545,52.2544100993
 09/20  07:00:00,179.192410655,80.831638936
 09/20  08:00:00,253.99261347200002,70.8349770243
 09/20  09:00:00,280.186039832,60.207483931599995
 09/20  10:00:00,268.686222209,69.4361618473
 09/20  11:00:00,286.69945104,75.07924346680001
 09/20  12:00:00,270.042593122,72.9169264658
 09/20  13:00:00,268.20296266599996,74.1461216924
 09/20  14:00:00,261.684524677,77.75579583529999
 09/20  15:00:00,257.659310699,76.2781499564
 09/20  16:00:00,257.501103114,77.81049087619999
 09/20  17:00:00,257.14027417799997,82.7984234753
 09/20  18:00:00,256.979950025,90.4941388534
 09/20  19:00:00,254.29286228,96.41318044190001
 09/20  20:00:00,228.11758717400002,100.88516900299999
 09/20  21:00:00,164.98499441,71.22976981
 09/20  22:00:00,105.654074795,2.355
 09/20  23:00:00,136.546886714,2.355
 09/20  24:00:00,107.29220732600001,3.49923825057
 09/21  01:00:00,97.474544224,2.355
 09/21  02:00:00,94.4870551517,2.355
 09/21  03:00:00,92.1298975015,3.49926080633
 09/21  04:00:00,96.8953543681,2.355
 09/21  05:00:00,95.36433504370001,2.355
 09/21  06:00:00,140.713588152,216.797201013
 09/21  07:00:00,145.059184621,213.64404914
 09/21  08:00:00,221.389084581,181.68221248400002
 09/21  09:00:00,250.73712054,132.308089036
 09/21  10:00:00,242.40313652700002,111.344218305
 09/21  11:00:00,273.230419089,86.7743891665
 09/21  12:00:00,256.85552242,66.3233381217
 09/21  13:00:00,255.74689112599998,50.7229389525
 09/21  14:00:00,252.25335054200002,42.174929865900005
 09/21  15:00:00,249.36014041099997,32.652872468000005
 09/21  16:00:00,250.30735224900002,30.8039361704
 09/21  17:00:00,248.754257938,39.4361048592
 09/21  18:00:00,245.704793749,69.65631342350001
 09/21  19:00:00,240.863789582,89.3083864325
 09/21  20:00:00,216.289467349,92.8372525068
 09/21  21:00:00,157.82788081,56.7786646155
 09/21  22:00:00,100.013091035,2.355
 09/21  23:00:00,133.016769831,3.49933275919
 09/21  24:00:00,106.39526207200001,2.355
 09/22  01:00:00,97.76901308120001,2.355
 09/22  02:00:00,96.10367702040001,3.4992587685800003
 09/22  03:00:00,94.8347906209,2.355
 09/22  04:00:00,115.494675907,2.355
 09/22  05:00:00,114.62988290700001,2.355
 09/22  06:00:00,161.87456358,146.850028459
 09/22  07:00:00,160.524148851,156.496188491
 09/22  08:00:00,227.710103245,138.881532499
 09/22  09:00:00,257.164813802,109.58019708100001
 09/22  10:00:00,247.67080264900002,106.384476755
 09/22  11:00:00,274.48702643,110.95681111399999
 09/22  12:00:00,258.53870479,107.61064436299999
 09/22  13:00:00,259.41631357200004,102.08156455299999
 09/22  14:00:00,258.70586494400004,86.16671221840001
 09/22  15:00:00,261.50957643,63.660483480100005
 09/22  16:00:00,265.179314364,52.692894003
 09/22  17:00:00,264.858119243,57.6308789396
 09/22  18:00:00,263.24640504,71.2757301821
 09/22  19:00:00,255.318681315,78.7090907888
 09/22  20:00:00,233.508009523,74.8443747032
 09/22  21:00:00,171.481520572,34.5970658022
 09/22  22:00:00,118.864641693,3.49936986557
 09/22  23:00:00,151.380157427,2.355
 09/22  24:00:00,131.73637082,2.355
 09/23  01:00:00,121.43149624799999,2.9155766932700002
 09/23  02:00:00,120.105323001,1.77125
 09/23  03:00:00,119.457455754,1.77125
 09/23  04:00:00,126.96866562299999,2.9154909425200004
 09/23  05:00:00,126.225366579,1.77125
 09/23  06:00:00,160.630741207,45.8157516013
 09/23  07:00:00,171.912653157,74.4138572247
 09/23  08:00:00,231.217713845,71.5686666485
 09/23  09:00:00,252.907814465,66.97851157640001
 09/23  10:00:00,276.184628882,57.66746375100001
 09/23  11:00:00,297.001310363,52.7340291774
 09/23  12:00:00,281.421404383,52.2543521728
 09/23  13:00:00,278.645607369,50.4929636853
 09/23  14:00:00,273.426686957,44.0128717138
 09/23  15:00:00,269.732430206,39.027155111999996
 09/23  16:00:00,268.51169391900004,43.046584227299995
 09/23  17:00:00,266.671638114,54.6786410631
 09/23  18:00:00,249.96862451200002,80.1013876662
 09/23  19:00:00,216.88718115900002,92.84025441620001
 09/23  20:00:00,204.047620815,96.8879512492
 09/23  21:00:00,155.684981416,62.118400868
 09/23  22:00:00,109.930782439,1.77125
 09/23  23:00:00,141.142336001,1.77125
 09/23  24:00:00,113.534351156,2.9155826999400003
 09/24  01:00:00,103.737909485,1.77125
 09/24  02:00:00,102.28558724,1.77125
 09/24  03:00:00,101.156948735,2.91553347733
 09/24  04:00:00,107.248937723,1.77125
 09/24  05:00:00,105.522893435,1.77125
 09/24  06:00:00,141.25362453399998,159.368854082
 09/24  07:00:00,142.471611138,184.077874745
 09/24  08:00:00,174.75212031,165.110547353
 09/24  09:00:00,150.87080639200002,148.343670766
 09/24  10:00:00,186.175381888,130.598297432
 09/24  11:00:00,216.527973833,117.93679568700001
 09/24  12:00:00,227.884656804,104.589793745
 09/24  13:00:00,226.703039085,99.5736060772
 09/24  14:00:00,222.196300045,97.46603594790001
 09/24  15:00:00,217.97894575900003,96.0538675367
 09/24  16:00:00,215.58955721799998,101.10979050600001
 09/24  17:00:00,184.045308527,122.30307959
 09/24  18:00:00,193.467275218,139.034648411
 09/24  19:00:00,180.53759313700002,154.34023892
 09/24  20:00:00,169.48026303700001,160.90377337700002
 09/24  21:00:00,153.04110854799998,125.43229304299999
 09/24  22:00:00,93.2711795659,1.77125
 09/24  23:00:00,126.52386636899999,2.91554674422
 09/24  24:00:00,96.59994218709998,1.77125
 09/25  01:00:00,90.6438103899,2.355
 09/25  02:00:00,89.52069846190001,3.49922279291
 09/25  03:00:00,88.6670322856,2.355
 09/25  04:00:00,94.6255764405,2.355
 09/25  05:00:00,93.7732101323,3.4992115428699995
 09/25  06:00:00,143.528240686,207.058412705
 09/25  07:00:00,145.62889047,203.893088101
 09/25  08:00:00,221.65105922799998,185.487474927
 09/25  09:00:00,249.78012754,157.436152801
 09/25  10:00:00,242.762447942,128.714521265
 09/25  11:00:00,271.764538201,111.11266052100001
 09/25  12:00:00,252.532751741,109.40468452
 09/25  13:00:00,250.035423547,104.963625565
 09/25  14:00:00,245.742150015,102.000809085
 09/25  15:00:00,242.25733579200002,97.2908682443
 09/25  16:00:00,243.288311102,91.0912470701
 09/25  17:00:00,242.616217594,97.5379273966
 09/25  18:00:00,244.063688582,121.578124588
 09/25  19:00:00,235.636532974,143.88512107100001
 09/25  20:00:00,209.158458497,163.501507486
 09/25  21:00:00,151.18466140700002,137.057374606
 09/25  22:00:00,92.6999298918,3.4992121068800004
 09/25  23:00:00,126.27987726200001,2.355
 09/25  24:00:00,96.5607251918,2.355
 09/26  01:00:00,88.8381578016,3.4992753034800006
 09/26  02:00:00,87.76975980629999,2.355
 09/26  03:00:00,86.9773989573,2.355
 09/26  04:00:00,108.870183252,3.4992090406
 09/26  05:00:00,108.371798465,2.355
 09/26  06:00:00,158.338918743,265.907423373
 09/26  07:00:00,152.327266646,248.151394645
 09/26  08:00:00,220.34633408099998,199.58053692
 09/26  09:00:00,252.29357006700002,138.194428402
 09/26  10:00:00,249.412776678,93.0453864183
 09/26  11:00:00,281.92631806099996,63.1069413179
 09/26  12:00:00,267.453280796,44.5932705966
 09/26  13:00:00,265.50248793,29.0561009892
 09/26  14:00:00,260.42295261099997,15.557778855899999
 09/26  15:00:00,256.47581659,11.6724653342
 09/26  16:00:00,256.044382435,14.5977304273
 09/26  17:00:00,253.830150076,25.558942040599998
 09/26  18:00:00,252.87565309099998,57.1360568761
 09/26  19:00:00,235.38880961700002,86.2572265948
 09/26  20:00:00,209.10749758900002,98.23967170559999
 09/26  21:00:00,150.12305305200002,70.8041260343
 09/26  22:00:00,96.1627337994,2.355
 09/26  23:00:00,128.945084766,2.355
 09/26  24:00:00,100.17405359,3.4992020184900006
 09/27  01:00:00,91.8855059869,2.355
 09/27  02:00:00,90.5721927337,2.355
 09/27  03:00:00,89.7788934117,3.4992274414199995
 09/27  04:00:00,96.01965447090001,2.355
 09/27  05:00:00,95.1409329589,2.355
 09/27  06:00:00,144.545161904,215.35553212599999
 09/27  07:00:00,146.779797829,199.96985803400003
 09/27  08:00:00,224.856644578,160.657421248
 09/27  09:00:00,257.809381547,117.140096846
 09/27  10:00:00,255.112007637,80.9294009499
 09/27  11:00:00,287.559511754,45.1063133065
 09/27  12:00:00,275.088619633,23.103989761199998
 09/27  13:00:00,277.61996255599996,11.6728003531
 09/27  14:00:00,275.479696736,11.672462013199999
 09/27  15:00:00,272.116652272,11.672345695499999
 09/27  16:00:00,267.826090739,13.7006432718
 09/27  17:00:00,264.535315963,26.378678402
 09/27  18:00:00,263.669242948,50.9347793339
 09/27  19:00:00,253.624124139,73.9645318357
 09/27  20:00:00,223.58869114900003,89.79756632549999
 09/27  21:00:00,160.805100053,63.638060230200004
 09/27  22:00:00,101.300582404,2.355
 09/27  23:00:00,133.266459651,3.4992740806400002
 09/27  24:00:00,104.552745407,2.355
 09/28  01:00:00,95.41014593969999,2.355
 09/28  02:00:00,93.3095146399,3.49928188833
 09/28  03:00:00,91.42205034290001,2.355
 09/28  04:00:00,96.2572280923,2.355
 09/28  05:00:00,94.6894339726,2.355
 09/28  06:00:00,143.15810983,237.671467989
 09/28  07:00:00,144.115019988,221.958860482
 09/28  08:00:00,222.832547959,169.357782188
 09/28  09:00:00,254.247266939,123.196221437
 09/28  10:00:00,246.416181249,101.93656117
 09/28  11:00:00,277.809545041,73.4744714496
 09/28  12:00:00,263.570540803,52.1753720922
 09/28  13:00:00,263.67251829099996,33.95299686
 09/28  14:00:00,259.91857282,24.7572243302
 09/28  15:00:00,257.071801502,15.7527792374
 09/28  16:00:00,256.63691464,15.6545113345
 09/28  17:00:00,254.220872364,29.016254405100003
 09/28  18:00:00,256.73198917900004,51.3727592066
 09/28  19:00:00,246.414065885,81.6137628647
 09/28  20:00:00,215.72344196900002,98.8905084681
 09/28  21:00:00,153.815184499,77.4159945237
 09/28  22:00:00,95.75519565030001,3.4994185965099995
 09/28  23:00:00,129.20964667,2.355
 09/28  24:00:00,100.885583607,2.355
 09/29  01:00:00,93.14107582850001,3.49926013074
 09/29  02:00:00,92.3730130316,2.355
 09/29  03:00:00,91.787841565,2.355
 09/29  04:00:00,113.55872123799999,2.355
 09/29  05:00:00,112.705582334,3.4992607685800006
 09/29  06:00:00,162.593990061,199.522370352
 09/29  07:00:00,157.609647828,192.73597634400002
 09/29  08:00:00,226.284112203,152.373184297
 09/29  09:00:00,260.789516156,97.13412524959999
 09/29  10:00:00,256.884830589,62.0193071793
 09/29  11:00:00,288.98774143,30.381262863899998
 09/29  12:00:00,277.312106485,12.464296508699999
 09/29  13:00:00,277.697929541,11.6727916186
 09/29  14:00:00,274.897719436,11.6724171651
 09/29  15:00:00,271.565125812,11.672493823800002
 09/29  16:00:00,270.900134894,11.6724303549
 09/29  17:00:00,267.209703616,11.672380793
 09/29  18:00:00,263.369615628,23.0683539699
 09/29  19:00:00,246.858685525,49.4424573589
 09/29  20:00:00,219.815514465,56.031627557600004
 09/29  21:00:00,156.476496088,42.8166426919
 09/29  22:00:00,102.216573612,2.355
 09/29  23:00:00,135.025657209,2.355
 09/29  24:00:00,106.982073505,3.4992519618699998
 09/30  01:00:00,95.18563518190001,1.77125
 09/30  02:00:00,92.9117455211,1.77125
 09/30  03:00:00,91.6198401521,2.91555341201
 09/30  04:00:00,97.618157025,1.77125
 09/30  05:00:00,96.56386519540001,1.77125
 09/30  06:00:00,134.406325269,167.70606040200002
 09/30  07:00:00,138.431045353,165.297571327
 09/30  08:00:00,205.75202411799998,130.464310423
 09/30  09:00:00,235.473546752,84.1774482241
 09/30  10:00:00,264.569677393,53.5020028452
 09/30  11:00:00,299.625942796,17.5965605608
 09/30  12:00:00,293.499354151,11.672658918699998
 09/30  13:00:00,292.54616443599997,12.8179288995
 09/30  14:00:00,284.27424486900003,11.6724445588
 09/30  15:00:00,278.097507813,11.6723833266
 09/30  16:00:00,276.171859365,10.5275
 09/30  17:00:00,274.847211829,11.6725043029
 09/30  18:00:00,260.7456906,11.3229648728
 09/30  19:00:00,224.08174465,25.2511828862
 09/30  20:00:00,208.46029559,35.4170040992
 09/30  21:00:00,158.197011844,7.05411949128
 09/30  22:00:00,108.92064547700001,2.91571982835
 09/30  23:00:00,139.04039442799998,1.77125
 09/30  24:00:00,111.097261081,2.91557791201
 10/01  01:00:00,100.285134755,1.77125
 10/01  02:00:00,99.1202933833,1.77125
 10/01  03:00:00,96.9490269999,1.77125
 10/01  04:00:00,101.199107127,2.9155538314999996
 10/01  05:00:00,99.0861511734,1.77125
 10/01  06:00:00,134.27308498600001,208.07859799099998
 10/01  07:00:00,134.064687275,221.604662621
 10/01  08:00:00,168.436336206,183.65843028900002
 10/01  09:00:00,145.12329116799998,160.191719313
 10/01  10:00:00,180.31685788,137.499082145
 10/01  11:00:00,211.802606408,121.252148484
 10/01  12:00:00,223.005385144,97.8879018663
 10/01  13:00:00,222.663321565,85.0547355808
 10/01  14:00:00,219.84478874799998,70.8462023828
 10/01  15:00:00,216.31086164299998,66.08995225689999
 10/01  16:00:00,216.34362054099998,67.53507869020001
 10/01  17:00:00,184.993822506,92.97971234100001
 10/01  18:00:00,192.89279962400002,120.285259806
 10/01  19:00:00,180.615137176,141.52451468200002
 10/01  20:00:00,169.71554792,161.31203998200002
 10/01  21:00:00,152.71426826299998,138.473906886
 10/01  22:00:00,91.86862541149999,1.77125
 10/01  23:00:00,125.149328666,2.91552155071
 10/01  24:00:00,94.8389449907,1.77125
 10/02  01:00:00,89.26286103540001,2.355
 10/02  02:00:00,88.2272395491,2.355
 10/02  03:00:00,87.4480538177,3.49924473866
 10/02  04:00:00,93.3196860645,2.355
 10/02  05:00:00,92.15418991700001,2.355
 10/02  06:00:00,141.59327816,279.93520675900004
 10/02  07:00:00,143.239560391,245.535536745
 10/02  08:00:00,221.451497377,197.88999796599998
 10/02  09:00:00,254.98296354,139.84887117
 10/02  10:00:00,254.89401356599998,97.4237739919
 10/02  11:00:00,292.70537909,50.8350097042
 10/02  12:00:00,285.288079611,25.3759257906
 10/02  13:00:00,289.08205364400004,14.332953637200001
 10/02  14:00:00,289.105497077,11.6724978347
 10/02  15:00:00,286.67030977,11.672336518699998
 10/02  16:00:00,285.01814373900004,10.5275
 10/02  17:00:00,283.49216739400003,11.6725124283
 10/02  18:00:00,282.596600481,11.6341877828
 10/02  19:00:00,276.348444045,18.790384846800002
 10/02  20:00:00,245.315045025,35.829829952800004
 10/02  21:00:00,177.087618985,13.287437980899998
 10/02  22:00:00,117.008542885,3.49941954446
 10/02  23:00:00,147.268899701,2.355
 10/02  24:00:00,119.33115391700001,2.355
 10/03  01:00:00,106.52928018,3.4992624879400003
 10/03  02:00:00,104.787328551,2.355
 10/03  03:00:00,105.069088749,2.355
 10/03  04:00:00,128.447433861,2.355
 10/03  05:00:00,127.752997027,3.49926508924
 10/03  06:00:00,178.092586914,135.521818126
 10/03  07:00:00,177.978887808,136.927486738
 10/03  08:00:00,248.70761248,99.8385912393
 10/03  09:00:00,285.176893757,54.797290359499996
 10/03  10:00:00,285.014948266,23.830921576199998
 10/03  11:00:00,315.098338023,11.6727521695
 10/03  12:00:00,312.047590669,11.6727153029
 10/03  13:00:00,316.637624133,11.6728441849
 10/03  14:00:00,313.645858959,11.672473448699998
 10/03  15:00:00,313.858423508,11.6723485897
 10/03  16:00:00,313.553117436,11.6725008748
 10/03  17:00:00,308.857223083,11.6724579352
 10/03  18:00:00,305.771612574,12.5565657229
 10/03  19:00:00,287.958078815,10.380259537799999
 10/03  20:00:00,261.882787219,9.33726366976
 10/03  21:00:00,187.98238512400002,5.8345877774399995
 10/03  22:00:00,130.32558712899998,2.355
 10/03  23:00:00,159.505915489,3.4992757269999997
 10/03  24:00:00,137.73191087200001,2.355
 10/04  01:00:00,127.517051818,2.355
 10/04  02:00:00,127.272392329,2.355
 10/04  03:00:00,126.327844897,3.49924345124
 10/04  04:00:00,134.928145026,2.355
 10/04  05:00:00,134.68361583799998,2.355
 10/04  06:00:00,185.493049018,12.899066375999999
 10/04  07:00:00,192.382758971,44.7875766172
 10/04  08:00:00,266.596054007,41.064949001399995
 10/04  09:00:00,293.861992482,28.505058533000003
 10/04  10:00:00,288.448501911,18.2146155381
 10/04  11:00:00,306.836373034,11.6726953699
 10/04  12:00:00,296.873329631,11.6726257122
 10/04  13:00:00,303.334041156,12.817904824100001
 10/04  14:00:00,301.878818159,11.672460170999999
 10/04  15:00:00,293.66031102,10.5275
 10/04  16:00:00,286.790574381,11.6725302037
 10/04  17:00:00,278.734860534,12.0556172956
 10/04  18:00:00,274.46340874099997,18.055094588699998
 10/04  19:00:00,261.144417787,54.080851881099996
 10/04  20:00:00,230.476987388,77.2745150197
 10/04  21:00:00,167.006057278,53.4516720843
 10/04  22:00:00,109.80095244700001,3.4993988646
 10/04  23:00:00,141.993963449,2.355
 10/04  24:00:00,113.339531625,2.355
 10/05  01:00:00,98.9661334663,3.4992426301
 10/05  02:00:00,94.5005136953,2.355
 10/05  03:00:00,91.7463559324,2.355
 10/05  04:00:00,95.67110981040001,2.355
 10/05  05:00:00,94.5783165195,3.4992463228400004
 10/05  06:00:00,144.85264573,145.421204362
 10/05  07:00:00,146.22411460700002,137.849909566
 10/05  08:00:00,227.511086162,103.019514072
 10/05  09:00:00,261.253467825,59.706868534899996
 10/05  10:00:00,265.123842527,24.242399040100004
 10/05  11:00:00,312.747129023,11.6727538591
 10/05  12:00:00,310.81521887900004,11.672717564500001
 10/05  13:00:00,313.547797586,11.672850860799999
 10/05  14:00:00,307.068940133,11.6724821576
 10/05  15:00:00,300.18766872099997,11.6723603816
 10/05  16:00:00,296.001631456,11.672516938900001
 10/05  17:00:00,289.06824475400003,12.047539161300001
 10/05  18:00:00,287.821999261,11.6146723244
 10/05  19:00:00,274.729986859,10.772275358900002
 10/05  20:00:00,236.821366344,12.3400353895
 10/05  21:00:00,168.04076063600002,5.8346157211300005
 10/05  22:00:00,104.78533934299999,2.355
 10/05  23:00:00,136.67626593,3.49930441286
 10/05  24:00:00,108.340753554,2.355
 10/06  01:00:00,100.66285894100001,2.355
 10/06  02:00:00,101.19410985,2.355
 10/06  03:00:00,102.033743454,3.49920697863
 10/06  04:00:00,126.829573563,2.355
 10/06  05:00:00,127.055403939,2.355
 10/06  06:00:00,177.260473718,117.273798023
 10/06  07:00:00,177.194949105,121.68466888200001
 10/06  08:00:00,249.791093797,87.6516437485
 10/06  09:00:00,286.97381028,41.1171672789
 10/06  10:00:00,287.88030760000004,14.884141180699999
 10/06  11:00:00,317.655505051,11.6727408245
 10/06  12:00:00,313.451688217,11.6726744445
 10/06  13:00:00,319.006309392,12.818014673699999
 10/06  14:00:00,313.008792198,11.672519666300001
 10/06  15:00:00,306.411522818,11.672364117
 10/06  16:00:00,303.508440946,10.5275
 10/06  17:00:00,298.081098276,12.424761531
 10/06  18:00:00,294.217460665,12.3530073492
 10/06  19:00:00,269.73759364200004,13.733821631700001
 10/06  20:00:00,239.338389307,29.9907015143
 10/06  21:00:00,173.919850719,7.26220249644
 10/06  22:00:00,119.07618698600001,3.499427931
 10/06  23:00:00,149.276353223,2.355
 10/06  24:00:00,123.67383908299999,2.355
 10/07  01:00:00,110.762767544,2.91561471699
 10/07  02:00:00,109.098810161,1.77125
 10/07  03:00:00,107.7570717,1.77125
 10/07  04:00:00,113.964073934,2.91549141749
 10/07  05:00:00,112.681413656,1.77125
 10/07  06:00:00,150.113500093,109.917495606
 10/07  07:00:00,158.926463665,113.729002074
 10/07  08:00:00,224.729097152,90.9452846496
 10/07  09:00:00,258.836816757,43.2252957363
 10/07  10:00:00,287.548926433,15.9351365239
 10/07  11:00:00,317.851936592,11.672541033599998
 10/07  12:00:00,314.970310988,11.672705153199999
 10/07  13:00:00,318.615433103,11.6725857978
 10/07  14:00:00,314.332280355,11.672511361700002
 10/07  15:00:00,310.471833622,11.6724727307
 10/07  16:00:00,310.28832850000003,11.6724198851
 10/07  17:00:00,303.40288303,13.5397553601
 10/07  18:00:00,283.841831569,11.5096751474
 10/07  19:00:00,243.689728644,9.34877268908
 10/07  20:00:00,226.642415571,14.6327680863
 10/07  21:00:00,171.301401675,3.6422272340300004
 10/07  22:00:00,122.22565654299999,2.91571333143
 10/07  23:00:00,151.86388511799998,1.77125
 10/07  24:00:00,127.535068217,1.77125
 10/08  01:00:00,117.12525447799999,2.91555966083
 10/08  02:00:00,115.777164231,1.77125
 10/08  03:00:00,113.77190497,1.77125
 10/08  04:00:00,119.170420299,2.9155218324
 10/08  05:00:00,116.50341981700001,1.77125
 10/08  06:00:00,156.346169091,98.09524029200001
 10/08  07:00:00,162.01653576299998,104.885769625
 10/08  08:00:00,201.937431213,75.0097878707
 10/08  09:00:00,187.185280248,51.4262185888
 10/08  10:00:00,224.913023391,24.468509918800002
 10/08  11:00:00,251.59390205900002,10.495790334299999
 10/08  12:00:00,276.675997633,10.504743059199999
 10/08  13:00:00,280.632015348,10.5047204394
 10/08  14:00:00,275.85245920299997,9.36
 10/08  15:00:00,272.178055826,10.5048264097
 10/08  16:00:00,270.443046611,10.5048386135
 10/08  17:00:00,236.7078844,8.578782551060002
 10/08  18:00:00,244.736418698,5.7577517126
 10/08  19:00:00,233.900507485,5.834571608659999
 10/08  20:00:00,219.114973552,4.69
 10/08  21:00:00,192.869746077,5.834496784880001
 10/08  22:00:00,127.73253637399999,1.77125
 10/08  23:00:00,158.001668355,2.9155278121599997
 10/08  24:00:00,136.10311711100002,1.77125
 10/09  01:00:00,123.05939493700001,1.77125
 10/09  02:00:00,120.749305369,2.91554317032
 10/09  03:00:00,120.17279839700001,1.77125
 10/09  04:00:00,127.93858133200001,1.77125
 10/09  05:00:00,127.32197105799999,1.77125
 10/09  06:00:00,169.239974362,42.1898453976
 10/09  07:00:00,175.923021426,63.059265501000006
 10/09  08:00:00,209.146539592,58.87799410109999
 10/09  09:00:00,190.502470741,52.17041207810001
 10/09  10:00:00,224.35941840599997,37.8223388118
 10/09  11:00:00,246.07009443099997,26.8559258889
 10/09  12:00:00,260.718480941,16.6487390508
 10/09  13:00:00,253.523184407,14.840932374600001
 10/09  14:00:00,243.279880726,13.4184938176
 10/09  15:00:00,235.635497689,14.8175954045
 10/09  16:00:00,230.009650157,28.653252258200002
 10/09  17:00:00,195.60198496900003,60.758117948
 10/09  18:00:00,204.966514158,94.70464143139999
 10/09  19:00:00,186.973600882,120.16369567
 10/09  20:00:00,175.993572603,132.902429943
 10/09  21:00:00,158.380212836,99.6921810375
 10/09  22:00:00,98.08485187030001,2.91562899503
 10/09  23:00:00,130.44486588,1.77125
 10/09  24:00:00,101.372600727,1.77125
 10/10  01:00:00,95.5619173776,3.4992496751199997
 10/10  02:00:00,93.86848061149999,2.355
 10/10  03:00:00,92.1291368598,2.355
 10/10  04:00:00,112.907011822,3.4992597159599996
 10/10  05:00:00,111.07284970200001,2.355
 10/10  06:00:00,163.55442052,256.712781318
 10/10  07:00:00,153.813122052,242.844672433
 10/10  08:00:00,222.664881863,182.36272063799998
 10/10  09:00:00,257.078182147,121.96088740399999
 10/10  10:00:00,250.044713897,92.3743524967
 10/10  11:00:00,281.480865166,62.9208249225
 10/10  12:00:00,266.640195791,42.7905257131
 10/10  13:00:00,266.667252744,25.5044694693
 10/10  14:00:00,262.550157716,15.6703541037
 10/10  15:00:00,258.896116249,11.672520051800001
 10/10  16:00:00,258.040291878,13.9928174256
 10/10  17:00:00,255.939545338,28.744127495700003
 10/10  18:00:00,258.343962461,61.8057289529
 10/10  19:00:00,238.887586922,87.6159227189
 10/10  20:00:00,212.839775665,99.3795308126
 10/10  21:00:00,154.21118689600002,70.6041111977
 10/10  22:00:00,100.550695983,2.355
 10/10  23:00:00,132.748912021,3.4992672045099997
 10/10  24:00:00,103.791712995,2.355
 10/11  01:00:00,94.9431480493,2.355
 10/11  02:00:00,93.3067283091,3.4992230006900003
 10/11  03:00:00,92.78563080290002,2.355
 10/11  04:00:00,99.89511130540001,2.355
 10/11  05:00:00,99.0829089965,3.49921946371
 10/11  06:00:00,150.989622856,187.801327568
 10/11  07:00:00,148.31355799600001,183.07677883099998
 10/11  08:00:00,224.38204208099998,159.435473584
 10/11  09:00:00,257.345147639,111.968798222
 10/11  10:00:00,252.01989852,79.11566206270001
 10/11  11:00:00,285.00563125,50.980428681899994
 10/11  12:00:00,273.03969870099996,24.320745054299998
 10/11  13:00:00,275.429721122,11.6727059593
 10/11  14:00:00,274.48436291900003,11.6725744327
 10/11  15:00:00,271.828141502,11.672444381300002
 10/11  16:00:00,272.70968248,11.6724017669
 10/11  17:00:00,270.109564314,11.672593250999999
 10/11  18:00:00,271.243996026,19.9725313303
 10/11  19:00:00,263.204317627,30.1385906652
 10/11  20:00:00,233.40452587400003,39.436231438
 10/11  21:00:00,168.01526705,18.3493513653
 10/11  22:00:00,107.471685929,2.355
 10/11  23:00:00,139.99560154899999,2.355
 10/11  24:00:00,112.286050914,3.49923184139
 10/12  01:00:00,102.65244722799999,2.355
 10/12  02:00:00,101.13193600299999,2.355
 10/12  03:00:00,100.140616755,3.49926610634
 10/12  04:00:00,107.096285969,2.355
 10/12  05:00:00,107.074444502,2.355
 10/12  06:00:00,161.831309925,94.02924755209999
 10/12  07:00:00,166.111395779,102.13458244700001
 10/12  08:00:00,246.029039515,84.5344005569
 10/12  09:00:00,280.918294608,49.9652006505
 10/12  10:00:00,280.599901249,23.7200116022
 10/12  11:00:00,309.80721160400003,11.6727169958
 10/12  12:00:00,302.45015718,11.672662492999999
 10/12  13:00:00,307.688683269,12.818029999
 10/12  14:00:00,303.076202508,11.6725416321
 10/12  15:00:00,297.40518784799997,11.672395356600001
 10/12  16:00:00,296.970705189,10.5275
 10/12  17:00:00,293.64386513,11.6725942521
 10/12  18:00:00,300.252066705,10.5049587512
 10/12  19:00:00,288.779684874,10.5046931877
 10/12  20:00:00,260.10197082,9.33728921484
 10/12  21:00:00,189.16581630099998,4.69
 10/12  22:00:00,128.227754635,3.4994323154800004
 10/12  23:00:00,158.158722366,2.355
 10/12  24:00:00,134.700277688,2.355
 10/13  01:00:00,123.02049357899999,3.4992622209400004
 10/13  02:00:00,120.19072884399999,2.355
 10/13  03:00:00,118.79984082899999,2.355
 10/13  04:00:00,145.735819018,3.4992113114
 10/13  05:00:00,143.45097942,2.355
 10/13  06:00:00,193.32397179400002,76.4890012617
 10/13  07:00:00,184.58205317099998,110.627674595
 10/13  08:00:00,246.14634505799998,103.597894974
 10/13  09:00:00,273.937698775,89.59976441270001
 10/13  10:00:00,264.364420228,95.4218747477
 10/13  11:00:00,282.479246014,106.04789791200001
 10/13  12:00:00,259.135398095,117.186912333
 10/13  13:00:00,252.56089768799998,113.10264596299999
 10/13  14:00:00,245.198729943,114.49076848200001
 10/13  15:00:00,241.20791703,109.095480721
 10/13  16:00:00,240.383861207,112.593796744
 10/13  17:00:00,240.22828138,120.30981968200001
 10/13  18:00:00,251.68273074900003,133.80119407700002
 10/13  19:00:00,229.074394444,151.560055773
 10/13  20:00:00,202.956031924,160.555395049
 10/13  21:00:00,145.275406718,133.486441633
 10/13  22:00:00,91.1801868393,3.4994274737800004
 10/13  23:00:00,124.932456806,2.355
 10/13  24:00:00,94.76031143459998,2.355
 10/14  01:00:00,84.9938183763,2.9155601561299997
 10/14  02:00:00,83.2942439088,1.77125
 10/14  03:00:00,81.7314943362,1.77125
 10/14  04:00:00,87.1428403726,2.91550068421
 10/14  05:00:00,85.8909917179,1.77125
 10/14  06:00:00,126.298677005,331.624320931
 10/14  07:00:00,123.403558391,304.084084609
 10/14  08:00:00,187.262068597,267.725792866
 10/14  09:00:00,205.766655645,227.82912668400002
 10/14  10:00:00,229.189249194,198.49691190299998
 10/14  11:00:00,259.328009709,174.73965118400002
 10/14  12:00:00,239.167988673,163.59083496
 10/14  13:00:00,237.57776286,155.832793531
 10/14  14:00:00,234.06597027599997,155.672588582
 10/14  15:00:00,230.68251887099998,152.503026293
 10/14  16:00:00,231.00550989,153.79135715700002
 10/14  17:00:00,230.940268003,161.56587486
 10/14  18:00:00,228.43533187900002,180.44432437400002
 10/14  19:00:00,181.77796623900002,208.500870433
 10/14  20:00:00,171.164133264,234.527042017
 10/14  21:00:00,128.489134277,215.79490274
 10/14  22:00:00,82.232842225,2.91570423981
 10/14  23:00:00,117.131588722,1.77125
 10/14  24:00:00,85.45651932220001,1.77125
 10/15  01:00:00,78.4772427699,2.91553292208
 10/15  02:00:00,77.4522992023,1.77125
 10/15  03:00:00,76.6797909046,1.77125
 10/15  04:00:00,91.02687031200001,18.2807643598
 10/15  05:00:00,90.7912626393,17.0239538632
 10/15  06:00:00,124.43298502100001,445.380361946
 10/15  07:00:00,120.051778169,408.276171943
 10/15  08:00:00,156.482785328,323.242508109
 10/15  09:00:00,131.941765359,271.619415447
 10/15  10:00:00,168.556918431,214.67031531400002
 10/15  11:00:00,199.93605466,182.956174163
 10/15  12:00:00,208.03526569,155.371928831
 10/15  13:00:00,206.439699472,147.464867996
 10/15  14:00:00,204.00975764,136.368214884
 10/15  15:00:00,201.387200767,128.628229204
 10/15  16:00:00,201.35305414599998,127.354113558
 10/15  17:00:00,170.31964480000002,154.23936370299998
 10/15  18:00:00,187.99042667900002,179.99373823599998
 10/15  19:00:00,169.805602627,190.767053988
 10/15  20:00:00,160.888443442,199.201388461
 10/15  21:00:00,145.88786798200002,161.48695105
 10/15  22:00:00,85.2993138846,1.77125
 10/15  23:00:00,119.49726680200001,2.9155580443299995
 10/15  24:00:00,88.6806379053,1.77125
 10/16  01:00:00,84.1813489538,2.355
 10/16  02:00:00,83.9457133896,3.49924682814
 10/16  03:00:00,83.9545675271,2.355
 10/16  04:00:00,90.6641344816,2.355
 10/16  05:00:00,90.134183957,3.4992459997400003
 10/16  06:00:00,143.671146056,310.171096978
 10/16  07:00:00,142.439316863,271.484822399
 10/16  08:00:00,220.095852136,231.035100762
 10/16  09:00:00,247.98561394900003,189.027092233
 10/16  10:00:00,239.494656521,158.889454411
 10/16  11:00:00,270.050142615,142.356027854
 10/16  12:00:00,253.374030146,129.540038567
 10/16  13:00:00,251.164676603,127.754619229
 10/16  14:00:00,246.938307562,122.374023241
 10/16  15:00:00,244.62700567,113.388202299
 10/16  16:00:00,243.59677638099998,118.83282771
 10/16  17:00:00,240.231201597,131.883728228
 10/16  18:00:00,248.50920364900003,165.033774364
 10/16  19:00:00,230.99348075400002,198.17508358700002
 10/16  20:00:00,203.726055931,215.998492978
 10/16  21:00:00,145.243829052,193.75161037599997
 10/16  22:00:00,86.76141018540001,2.355
 10/16  23:00:00,121.31823875,3.4993068855400002
 10/16  24:00:00,90.0363304763,2.355
 10/17  01:00:00,83.30968642319999,2.355
 10/17  02:00:00,82.3343355041,3.49924454565
 10/17  03:00:00,81.7865197283,2.355
 10/17  04:00:00,103.370095404,2.355
 10/17  05:00:00,102.505673421,2.355
 10/17  06:00:00,155.68771499,387.06107391800003
 10/17  07:00:00,145.322782216,336.319326673
 10/17  08:00:00,214.593916019,279.39206073
 10/17  09:00:00,243.231502314,223.297337392
 10/17  10:00:00,236.527048098,200.707748788
 10/17  11:00:00,268.42291978,174.48708526299998
 10/17  12:00:00,252.199687332,149.10035026100002
 10/17  13:00:00,250.933069975,135.916462125
 10/17  14:00:00,246.767544844,126.800542082
 10/17  15:00:00,242.533802031,123.78324177399999
 10/17  16:00:00,241.819172882,126.49740352299999
 10/17  17:00:00,240.78517428400002,134.531898027
 10/17  18:00:00,250.784273524,165.799249677
 10/17  19:00:00,227.57831723799998,197.125838587
 10/17  20:00:00,200.582215807,211.189051274
 10/17  21:00:00,142.897205206,189.92919614599998
 10/17  22:00:00,88.67134727450001,2.355
 10/17  23:00:00,122.866207519,3.49927280134
 10/17  24:00:00,91.0119033843,2.355
 10/18  01:00:00,83.47937076699999,2.355
 10/18  02:00:00,82.0200141268,2.355
 10/18  03:00:00,80.9130125133,3.49924708937
 10/18  04:00:00,86.6853672201,2.355
 10/18  05:00:00,93.9239981634,17.638277075
 10/18  06:00:00,138.929150394,392.775901374
 10/18  07:00:00,135.173880471,357.220919879
 10/18  08:00:00,212.63689073,290.499172122
 10/18  09:00:00,240.795634276,212.402437557
 10/18  10:00:00,235.02370914099998,164.840960553
 10/18  11:00:00,267.705453119,132.84462214799998
 10/18  12:00:00,249.460131086,115.878844659
 10/18  13:00:00,247.610229092,101.704079187
 10/18  14:00:00,243.705998684,94.4053798978
 10/18  15:00:00,239.894893682,88.6992315003
 10/18  16:00:00,239.80124304,91.084815209
 10/18  17:00:00,235.900574471,118.170050484
 10/18  18:00:00,245.81395998,145.407024113
 10/18  19:00:00,229.69517246,167.68219783
 10/18  20:00:00,203.033778549,194.191456624
 10/18  21:00:00,144.598712654,171.40945620600002
 10/18  22:00:00,86.0038461006,2.355
 10/18  23:00:00,120.66289029200001,2.355
 10/18  24:00:00,89.7735217792,3.4992547817300004
 10/19  01:00:00,83.098950605,2.355
 10/19  02:00:00,82.41389170869999,2.355
 10/19  03:00:00,81.57213666140001,3.4992273103800007
 10/19  04:00:00,87.27217725950001,2.355
 10/19  05:00:00,86.0526466856,2.355
 10/19  06:00:00,138.862723978,393.250411784
 10/19  07:00:00,134.466338033,356.676401704
 10/19  08:00:00,212.755911003,280.495993775
 10/19  09:00:00,242.878369787,195.263101389
 10/19  10:00:00,238.279881007,151.064925486
 10/19  11:00:00,272.19095023,116.16442833100001
 10/19  12:00:00,258.46602958,88.27210180620001
 10/19  13:00:00,260.609663568,65.34583301560001
 10/19  14:00:00,257.339939069,58.6706563228
 10/19  15:00:00,254.574777236,58.6936699799
 10/19  16:00:00,254.72387754,63.5230720376
 10/19  17:00:00,254.08880966400002,74.1989994679
 10/19  18:00:00,263.63045749,86.525403889
 10/19  19:00:00,249.697531434,102.379684025
 10/19  20:00:00,220.638405735,115.756751921
 10/19  21:00:00,158.748431821,91.52390640870001
 10/19  22:00:00,100.242817534,2.355
 10/19  23:00:00,132.145322988,2.355
 10/19  24:00:00,101.75269802700001,3.499262855
 10/20  01:00:00,92.1247043874,2.355
 10/20  02:00:00,89.3395275359,2.355
 10/20  03:00:00,87.37611780450001,3.4992360027
 10/20  04:00:00,108.239373265,2.355
 10/20  05:00:00,106.845488961,2.355
 10/20  06:00:00,158.770238167,324.243516991
 10/20  07:00:00,147.38466989,304.039873544
 10/20  08:00:00,214.463166207,257.939381227
 10/20  09:00:00,240.62905914,210.79712136
 10/20  10:00:00,232.07202556200002,179.025218003
 10/20  11:00:00,261.876292985,158.315549208
 10/20  12:00:00,241.48804441299998,143.881857822
 10/20  13:00:00,240.168271598,127.75543520299999
 10/20  14:00:00,237.29835046,113.95051875899999
 10/20  15:00:00,234.513834637,105.212384774
 10/20  16:00:00,234.46759245599998,107.372873381
 10/20  17:00:00,233.09987171,119.050969528
 10/20  18:00:00,243.611658784,146.390643103
 10/20  19:00:00,220.421597618,172.41302607
 10/20  20:00:00,195.313996708,185.97517941099997
 10/20  21:00:00,139.348375431,162.97477260899998
 10/20  22:00:00,85.8997420669,2.355
 10/20  23:00:00,120.560315393,2.355
 10/20  24:00:00,89.8783500777,3.4992343734599998
 10/21  01:00:00,80.7730263576,1.77125
 10/21  02:00:00,80.1566313036,1.77125
 10/21  03:00:00,79.7169628896,2.91548993528
 10/21  04:00:00,85.8507446241,1.77125
 10/21  05:00:00,84.9330834702,1.77125
 10/21  06:00:00,125.979921657,356.05613282300004
 10/21  07:00:00,126.42332755700001,321.259386582
 10/21  08:00:00,186.126642025,285.269631069
 10/21  09:00:00,203.878350042,235.12215320599998
 10/21  10:00:00,227.783647613,201.456330996
 10/21  11:00:00,258.280244403,177.90153612
 10/21  12:00:00,238.17760559200002,161.401383955
 10/21  13:00:00,236.233786352,147.570676801
 10/21  14:00:00,232.17538213900002,141.66375159
 10/21  15:00:00,228.46157761599997,140.937867241
 10/21  16:00:00,228.04266345,149.427177629
 10/21  17:00:00,230.780581054,163.03480529799998
 10/21  18:00:00,225.16176328400002,191.92858168400002
 10/21  19:00:00,179.181216307,211.490773409
 10/21  20:00:00,168.967170521,220.504869353
 10/21  21:00:00,126.14048794899999,188.88450796
 10/21  22:00:00,78.8191402749,1.77125
 10/21  23:00:00,113.931598875,2.91564094089
 10/21  24:00:00,82.8919150432,1.77125
 10/22  01:00:00,76.5678472757,1.77125
 10/22  02:00:00,76.0389849522,2.91555766149
 10/22  03:00:00,75.71870696890001,1.77125
 10/22  04:00:00,82.1432646638,1.77125
 10/22  05:00:00,81.7848654926,2.9155158381299997
 10/22  06:00:00,124.144071757,400.244992914
 10/22  07:00:00,123.103675724,367.380872637
 10/22  08:00:00,155.355854578,317.182520252
 10/22  09:00:00,128.21208118200002,294.8085762
 10/22  10:00:00,163.286235885,254.867555058
 10/22  11:00:00,194.402148189,234.375677843
 10/22  12:00:00,200.95210029,210.84682145
 10/22  13:00:00,199.66040420599998,197.35569907299998
 10/22  14:00:00,195.908516833,187.923499815
 10/22  15:00:00,192.48568936400002,184.453987548
 10/22  16:00:00,192.613809639,184.99758449200002
 10/22  17:00:00,167.114199266,227.90199680799998
 10/22  18:00:00,183.08370422299998,262.47952623
 10/22  19:00:00,162.971843052,277.261916939
 10/22  20:00:00,153.846503595,303.8996127
 10/22  21:00:00,139.365036231,280.110041626
 10/22  22:00:00,77.6516965078,1.77125
 10/22  23:00:00,113.009992669,1.77125
 10/22  24:00:00,82.11448278729999,2.91557186224
 10/23  01:00:00,78.679572783,2.355
 10/23  02:00:00,78.7530514448,2.355
 10/23  03:00:00,78.7636850126,3.499214495
 10/23  04:00:00,85.46239328989999,2.355
 10/23  05:00:00,85.1067102371,2.355
 10/23  06:00:00,139.514461356,345.30281268
 10/23  07:00:00,141.063467149,309.224435566
 10/23  08:00:00,214.81447653900003,270.352264531
 10/23  09:00:00,241.074375104,231.158602822
 10/23  10:00:00,231.94306003900002,206.16976521400002
 10/23  11:00:00,263.427441036,175.23493524
 10/23  12:00:00,244.44170494,163.100769192
 10/23  13:00:00,242.82270823599998,150.182775548
 10/23  14:00:00,240.071736595,138.587882857
 10/23  15:00:00,237.465344276,129.972516211
 10/23  16:00:00,237.42861884400003,129.77679443600002
 10/23  17:00:00,238.943486213,138.864761716
 10/23  18:00:00,246.12279104099997,153.49694644299998
 10/23  19:00:00,230.374662854,161.909604339
 10/23  20:00:00,204.535566048,166.477784222
 10/23  21:00:00,146.646543177,139.06057219
 10/23  22:00:00,88.7525531907,2.355
 10/23  23:00:00,123.210152636,3.4992823025999997
 10/23  24:00:00,93.393164945,2.355
 10/24  01:00:00,86.94523834579999,2.355
 10/24  02:00:00,86.56812124129999,3.49922396773
 10/24  03:00:00,86.27814671959999,2.355
 10/24  04:00:00,108.417760745,2.355
 10/24  05:00:00,108.309000199,2.355
 10/24  06:00:00,162.783996674,276.141277485
 10/24  07:00:00,157.888217026,254.68090617200002
 10/24  08:00:00,221.23732398200002,230.09266872400002
 10/24  09:00:00,248.71454166700002,197.489824012
 10/24  10:00:00,239.731197038,187.371563135
 10/24  11:00:00,270.123872798,177.774203382
 10/24  12:00:00,252.51340602099998,165.607080073
 10/24  13:00:00,252.183437649,152.96497979
 10/24  14:00:00,248.67231183400003,146.776756413
 10/24  15:00:00,245.540956249,142.248036162
 10/24  16:00:00,245.657999168,142.37900916200002
 10/24  17:00:00,248.28756678,151.520861261
 10/24  18:00:00,254.391476657,161.119332864
 10/24  19:00:00,233.303606127,167.601666879
 10/24  20:00:00,207.24266967,170.21396879899999
 10/24  21:00:00,149.813908334,138.13697131200001
 10/24  22:00:00,97.8711427027,2.355
 10/24  23:00:00,131.535586538,3.4992901538599996
 10/24  24:00:00,102.03120860899999,2.355
 10/25  01:00:00,94.2982297797,2.355
 10/25  02:00:00,93.6279826291,3.4992433790300006
 10/25  03:00:00,92.7623244418,2.355
 10/25  04:00:00,98.4491538976,2.355
 10/25  05:00:00,97.4067553006,2.355
 10/25  06:00:00,150.380694933,242.529817622
 10/25  07:00:00,152.452291943,226.40652649700002
 10/25  08:00:00,223.488967105,205.95419848
 10/25  09:00:00,250.00330716599998,181.556726892
 10/25  10:00:00,241.062557183,171.836241284
 10/25  11:00:00,269.860160305,170.203770544
 10/25  12:00:00,251.41949613,168.939552165
 10/25  13:00:00,248.657339309,167.240674702
 10/25  14:00:00,244.094742415,165.622675741
 10/25  15:00:00,240.45588899400002,161.832027604
 10/25  16:00:00,239.60114752799998,163.359864697
 10/25  17:00:00,241.638388724,168.052182062
 10/25  18:00:00,248.833083907,174.268000572
 10/25  19:00:00,233.17302172700002,181.16173359299998
 10/25  20:00:00,206.993582965,183.566702107
 10/25  21:00:00,148.869648853,152.247695717
 10/25  22:00:00,90.67615082100001,2.355
 10/25  23:00:00,124.727880664,3.4993288738199997
 10/25  24:00:00,94.41977891139999,2.355
 10/26  01:00:00,87.44300445379999,2.355
 10/26  02:00:00,86.63243543770001,3.4992936356699995
 10/26  03:00:00,85.84307183909999,2.355
 10/26  04:00:00,91.8179368337,2.355
 10/26  05:00:00,90.8302582883,3.49923194958
 10/26  06:00:00,144.318841357,277.343914427
 10/26  07:00:00,145.711371155,256.812051185
 10/26  08:00:00,218.262509435,232.308879771
 10/26  09:00:00,244.44645499,207.381955506
 10/26  10:00:00,234.81153969599998,198.159780233
 10/26  11:00:00,265.440867899,188.983173509
 10/26  12:00:00,246.423621296,185.02226719599997
 10/26  13:00:00,244.563244359,182.19396575099998
 10/26  14:00:00,240.35338461599997,187.354791851
 10/26  15:00:00,236.455677636,193.57139489
 10/26  16:00:00,235.647435361,198.90042550099997
 10/26  17:00:00,238.43007999099999,202.24192774099998
 10/26  18:00:00,246.439059168,209.514371834
 10/26  19:00:00,231.508076525,217.68341910200002
 10/26  20:00:00,205.526674839,228.153454032
 10/26  21:00:00,146.352363719,210.092151352
 10/26  22:00:00,87.2030676002,3.4994298622800004
 10/26  23:00:00,121.65399467399999,2.355
 10/26  24:00:00,90.1240718963,2.355
 10/27  01:00:00,83.2716259117,3.4992325922300007
 10/27  02:00:00,82.2279034465,2.355
 10/27  03:00:00,81.2346713821,2.355
 10/27  04:00:00,102.644968318,2.355
 10/27  05:00:00,105.77269511799999,11.1660070469
 10/27  06:00:00,155.249427843,387.72737354
 10/27  07:00:00,146.650235121,358.939143148
 10/27  08:00:00,210.161671654,325.66852271700003
 10/27  09:00:00,234.221597067,287.977140064
 10/27  10:00:00,224.576543911,274.679676201
 10/27  11:00:00,255.269184721,255.890704152
 10/27  12:00:00,234.21111626099997,246.93457019599998
 10/27  13:00:00,232.46459946599998,236.306183482
 10/27  14:00:00,228.918973678,235.798074377
 10/27  15:00:00,225.404379445,232.7884904
 10/27  16:00:00,225.79366988,233.31473299299998
 10/27  17:00:00,228.845151625,243.094441528
 10/27  18:00:00,237.51369979,258.803050476
 10/27  19:00:00,214.73160202,275.28773319
 10/27  20:00:00,190.29317951299998,289.777065956
 10/27  21:00:00,134.626306353,275.06674584
 10/27  22:00:00,79.8104672688,3.49944589862
 10/27  23:00:00,115.018909998,2.355
 10/27  24:00:00,83.8478455151,2.355
 10/28  01:00:00,75.6250331209,2.9156239871599996
 10/28  02:00:00,87.9851934528,29.9585748783
 10/28  03:00:00,88.0107905159,34.2733720672
 10/28  04:00:00,90.6822836147,26.093454755
 10/28  05:00:00,94.4616218917,43.8395646178
 10/28  06:00:00,124.12990383399999,481.545196439
 10/28  07:00:00,122.975773904,428.078591681
 10/28  08:00:00,182.48491821599998,362.003478236
 10/28  09:00:00,200.537537627,282.810811491
 10/28  10:00:00,228.03286019700002,233.967962183
 10/28  11:00:00,261.165402026,195.23339824400003
 10/28  12:00:00,243.36172142200002,174.17707240099998
 10/28  13:00:00,243.622431962,150.630444821
 10/28  14:00:00,241.629102339,129.787378734
 10/28  15:00:00,239.044302234,121.623089957
 10/28  16:00:00,238.21544425599998,126.27470538
 10/28  17:00:00,240.47109095099998,145.78769804700002
 10/28  18:00:00,233.796668755,172.834511683
 10/28  19:00:00,189.127794245,181.698020696
 10/28  20:00:00,177.888284113,194.87470641099998
 10/28  21:00:00,133.3604124,183.17282688400002
 10/28  22:00:00,86.02122663790001,1.77125
 10/28  23:00:00,120.195301178,2.91564168613
 10/28  24:00:00,88.98917489739999,1.77125
 10/29  01:00:00,81.7164395706,2.9155084568700005
 10/29  02:00:00,80.3617388639,1.77125
 10/29  03:00:00,79.1515586451,1.77125
 10/29  04:00:00,84.77304343770001,1.77125
 10/29  05:00:00,91.92597981610001,16.8763705217
 10/29  06:00:00,124.997531187,425.087721442
 10/29  07:00:00,124.581157035,390.913948485
 10/29  08:00:00,157.396281289,328.306449541
 10/29  09:00:00,133.065034589,281.658681044
 10/29  10:00:00,170.884667452,223.345368814
 10/29  11:00:00,203.151334004,189.15261634200002
 10/29  12:00:00,213.49599037099998,153.332125825
 10/29  13:00:00,215.09138609099998,129.508196407
 10/29  14:00:00,211.975526859,118.81768386
 10/29  15:00:00,207.98787246,115.61165479700001
 10/29  16:00:00,207.91689243599998,115.74774383100001
 10/29  17:00:00,180.272876793,154.278125328
 10/29  18:00:00,193.645959885,181.613657593
 10/29  19:00:00,174.566099982,209.93712014599998
 10/29  20:00:00,164.300242706,239.712163024
 10/29  21:00:00,147.65241253899998,216.597023565
 10/29  22:00:00,86.1854674542,1.77125
 10/29  23:00:00,120.15801152700001,2.91550170515
 10/29  24:00:00,88.5276334225,1.77125
 10/30  01:00:00,84.07824208550001,2.355
 10/30  02:00:00,83.7201514768,3.49927527951
 10/30  03:00:00,83.6736306114,2.355
 10/30  04:00:00,90.7493313408,2.355
 10/30  05:00:00,90.80144835370001,3.4992158846900003
 10/30  06:00:00,144.901040459,300.93613977
 10/30  07:00:00,146.920984599,270.646016016
 10/30  08:00:00,220.091870621,226.459428497
 10/30  09:00:00,248.458533835,177.977195757
 10/30  10:00:00,240.94496072200002,151.641407083
 10/30  11:00:00,273.048168804,126.997938068
 10/30  12:00:00,260.008572723,96.55891393659999
 10/30  13:00:00,261.481472258,86.5176859885
 10/30  14:00:00,257.52285780799997,88.4862382099
 10/30  15:00:00,254.882548175,85.63634474060001
 10/30  16:00:00,256.937232142,84.9490952524
 10/30  17:00:00,263.08749338,82.1576126583
 10/30  18:00:00,270.384260574,87.61890316520001
 10/30  19:00:00,257.829361261,97.2568575842
 10/30  20:00:00,231.40337145799998,101.442078932
 10/30  21:00:00,168.559338945,65.1368356412
 10/30  22:00:00,111.186715963,3.4994311709400003
 10/30  23:00:00,143.342523229,2.355
 10/30  24:00:00,116.07891600399999,2.355
 10/31  01:00:00,105.590938826,3.4992656106999998
 10/31  02:00:00,103.157148285,2.355
 10/31  03:00:00,100.936201379,2.355
 10/31  04:00:00,123.59768656899999,3.4992218021900006
 10/31  05:00:00,122.80041554299999,2.355
 10/31  06:00:00,175.69971179700002,164.681561665
 10/31  07:00:00,173.067783266,164.640210216
 10/31  08:00:00,236.477175516,140.533598866
 10/31  09:00:00,267.01815126400004,110.154038156
 10/31  10:00:00,262.719767997,86.5991206507
 10/31  11:00:00,292.217413873,61.0868135217
 10/31  12:00:00,279.920700302,51.854919853
 10/31  13:00:00,278.03564627099996,50.9441718446
 10/31  14:00:00,273.040730655,43.252578997
 10/31  15:00:00,269.951444738,35.8763851868
 10/31  16:00:00,269.295994015,40.288329829
 10/31  17:00:00,270.500262173,53.4968224263
 10/31  18:00:00,275.131081581,66.6428680624
 10/31  19:00:00,255.291117066,78.3383251536
 10/31  20:00:00,227.87501270200002,88.3689009033
 10/31  21:00:00,164.723125633,56.8953935451
 10/31  22:00:00,112.129985331,2.355
 10/31  23:00:00,142.94554897700002,2.355
 10/31  24:00:00,114.65940455399999,3.49921046266
 11/01  01:00:00,104.31051927799999,2.355
 11/01  02:00:00,101.43870546,2.355
 11/01  03:00:00,98.67246428959999,3.49925893248
 11/01  04:00:00,102.731077419,2.355
 11/01  05:00:00,100.722286798,2.355
 11/01  06:00:00,152.714469265,216.391339016
 11/01  07:00:00,155.743501353,199.313323637
 11/01  08:00:00,233.54485247099998,154.777357181
 11/01  09:00:00,270.927819025,99.76972933719999
 11/01  10:00:00,269.507418616,75.3132959323
 11/01  11:00:00,301.079497525,44.2503804821
 11/01  12:00:00,292.77097879900003,26.6703882839
 11/01  13:00:00,293.016968447,14.1569786804
 11/01  14:00:00,285.42440235,18.5485656406
 11/01  15:00:00,280.58404896900004,17.576988640899998
 11/01  16:00:00,279.558861831,22.4294498586
 11/01  17:00:00,281.09304991,44.137984855
 11/01  18:00:00,272.617219594,78.0712863215
 11/01  19:00:00,246.900114691,106.28045023
 11/01  20:00:00,211.02404882,126.083133337
 11/01  21:00:00,146.923621355,109.688727738
 11/01  22:00:00,87.14460753110001,2.355
 11/01  23:00:00,120.975275523,3.49929755023
 11/01  24:00:00,89.8143979742,2.355
 11/02  01:00:00,82.71241302840001,2.355
 11/02  02:00:00,81.7120450975,3.49926707116
 11/02  03:00:00,80.9220767265,2.355
 11/02  04:00:00,87.1019429642,2.355
 11/02  05:00:00,86.2627315331,3.49920941351
 11/02  06:00:00,139.755690306,292.291720557
 11/02  07:00:00,141.96782192700002,277.795576688
 11/02  08:00:00,211.128441229,252.449845665
 11/02  09:00:00,235.46511583,218.91824855
 11/02  10:00:00,226.37135502099997,193.209776595
 11/02  11:00:00,256.72361888,182.323233486
 11/02  12:00:00,236.14297819,177.248082914
 11/02  13:00:00,234.30177580900002,166.909377572
 11/02  14:00:00,230.432398468,162.145641504
 11/02  15:00:00,226.83917059900003,162.71787060100002
 11/02  16:00:00,226.46152099900002,175.08000698900003
 11/02  17:00:00,232.81489811900002,190.988917486
 11/02  18:00:00,238.220789614,208.420232815
 11/02  19:00:00,221.479421307,232.554512097
 11/02  20:00:00,196.47272419700002,245.279803147
 11/02  21:00:00,139.65971203700002,206.716708115
 11/02  22:00:00,80.3425587882,3.4994497343
 11/02  23:00:00,115.505349618,2.355
 11/02  24:00:00,84.17141436899999,2.355
 11/03  01:00:00,78.0606313026,3.4992796767300005
 11/03  02:00:00,77.8543922295,2.355
 11/03  03:00:00,77.6607100913,2.355
 11/03  04:00:00,108.387600886,18.7104647324
 11/03  05:00:00,112.482475091,29.722218193499998
 11/03  06:00:00,154.818495027,412.103791399
 11/03  07:00:00,149.663135777,383.149312405
 11/03  08:00:00,209.94564366400002,334.30851912400004
 11/03  09:00:00,234.189205432,278.51147464
 11/03  10:00:00,224.861426406,245.972590999
 11/03  11:00:00,255.84077271700002,214.442789957
 11/03  12:00:00,235.156059073,192.344167467
 11/03  13:00:00,233.57994595099998,177.350318655
 11/03  14:00:00,230.23489666700002,161.61779537799998
 11/03  15:00:00,227.101915512,152.74051220200002
 11/03  16:00:00,226.948763991,160.721888019
 11/03  17:00:00,232.878862983,187.712136152
 11/03  18:00:00,238.284126706,205.589349857
 11/03  19:00:00,215.002600005,230.585444997
 11/03  20:00:00,190.07314380900002,253.585229147
 11/03  21:00:00,134.63828797899998,220.95478210099998
 11/03  22:00:00,79.8581308091,2.355
 11/03  23:00:00,115.10731574799999,3.4993056341199993
 11/03  24:00:00,83.8752043952,2.355
 11/04  01:00:00,75.5526168795,1.77125
 11/04  02:00:00,79.42904941729999,12.6849157852
 11/04  03:00:00,87.8308274357,29.286709546500003
 11/04  04:00:00,90.2729707674,23.0492659155
 11/04  05:00:00,93.8390151887,37.8755553268
 11/04  06:00:00,124.05670488700001,439.936273052
 11/04  07:00:00,126.296497641,398.65941857800004
 11/04  08:00:00,182.488246774,342.948055434
 11/04  09:00:00,200.77300193099998,261.80241063200003
 11/04  10:00:00,226.472598845,202.860794754
 11/04  11:00:00,259.16168390900003,155.437228651
 11/04  12:00:00,242.63952026099997,123.43389151
 11/04  13:00:00,245.248074967,91.04605732809999
 11/04  14:00:00,244.170536621,69.1834951805
 11/04  15:00:00,240.08754787599997,68.673534045
 11/04  16:00:00,239.466193354,75.318706836
 11/04  17:00:00,242.402264291,103.468025232
 11/04  18:00:00,231.616925198,135.341674928
 11/04  19:00:00,185.475786317,149.35264584799998
 11/04  20:00:00,175.26108339599998,150.682950568
 11/04  21:00:00,131.383506708,120.71121892200001
 11/04  22:00:00,83.9304398142,1.77125
 11/04  23:00:00,117.995314813,1.77125
 11/04  24:00:00,87.7632668572,2.9156174006299995
 11/05  01:00:00,81.0903139851,1.77125
 11/05  02:00:00,80.3085217609,2.91554156942
 11/05  03:00:00,79.6298240218,1.77125
 11/05  04:00:00,85.86859834159999,1.77125
 11/05  05:00:00,85.4169884503,2.91550348093
 11/05  06:00:00,127.172388625,309.374999133
 11/05  07:00:00,131.247464686,282.02341828
 11/05  08:00:00,160.402529547,232.207808905
 11/05  09:00:00,135.693781598,200.133100369
 11/05  10:00:00,172.15429331200002,160.22357399700002
 11/05  11:00:00,204.924219752,131.828290399
 11/05  12:00:00,216.426591001,103.585820098
 11/05  13:00:00,215.76529796,95.3535581764
 11/05  14:00:00,212.452054287,85.7415494718
 11/05  15:00:00,208.11809812,87.6200675114
 11/05  16:00:00,204.753927828,104.934199465
 11/05  17:00:00,179.48452463299998,137.130776542
 11/05  18:00:00,189.68915738299998,164.574694329
 11/05  19:00:00,168.244107408,181.951697319
 11/05  20:00:00,158.330496655,200.886542881
 11/05  21:00:00,143.466924172,170.23110981600001
 11/05  22:00:00,82.7191963035,1.77125
 11/05  23:00:00,117.30133281399999,2.91551628244
 11/05  24:00:00,85.6996698338,1.77125
 11/06  01:00:00,80.7994328646,2.355
 11/06  02:00:00,79.6503541039,3.49927246259
 11/06  03:00:00,78.4027742554,2.355
 11/06  04:00:00,78.3052771874,2.355
 11/06  05:00:00,92.967187814,16.8987133352
 11/06  06:00:00,92.4916058682,19.6120312929
 11/06  07:00:00,131.574763251,392.104451456
 11/06  08:00:00,134.609305098,323.404488005
 11/06  09:00:00,211.613050833,250.362386998
 11/06  10:00:00,236.470286655,197.349112836
 11/06  11:00:00,227.88049049999998,163.40035980000002
 11/06  12:00:00,260.100457738,136.26616302899998
 11/06  13:00:00,240.37723564799998,124.979205254
 11/06  14:00:00,239.28633269,113.290771265
 11/06  15:00:00,236.032303593,106.243638055
 11/06  16:00:00,230.67673721,113.226307924
 11/06  17:00:00,234.665245289,140.377701329
 11/06  18:00:00,240.66299979400003,161.619375784
 11/06  19:00:00,238.892458646,189.263192103
 11/06  20:00:00,221.927316528,221.503252327
 11/06  21:00:00,196.847576774,235.31245376299998
 11/06  22:00:00,139.512571866,216.41097393099997
 11/06  23:00:00,79.8592435019,2.355
 11/06  24:00:00,115.234823222,2.355
 11/07  01:00:00,84.1147603756,3.49926287014
 11/07  02:00:00,78.0259744179,2.355
 11/07  03:00:00,77.82950499340001,2.355
 11/07  04:00:00,86.1406095434,18.5669057054
 11/07  05:00:00,112.68875930899999,26.891378236199998
 11/07  06:00:00,112.762155316,30.7210940574
 11/07  07:00:00,148.201401283,421.42425659099996
 11/07  08:00:00,143.371885959,352.38038067
 11/07  09:00:00,212.74687900200001,251.178710258
 11/07  10:00:00,242.38356970099997,178.813959775
 11/07  11:00:00,236.09877113599998,150.390896134
 11/07  12:00:00,266.77525990099997,126.83485448299999
 11/07  13:00:00,248.08565555299998,109.95005679200001
 11/07  14:00:00,246.216922274,99.0884175798
 11/07  15:00:00,241.94181839400002,94.635790724
 11/07  16:00:00,237.72274505400003,96.63857681510001
 11/07  17:00:00,243.247947058,113.26471915100001
 11/07  18:00:00,247.16951995099998,136.51792678799998
 11/07  19:00:00,244.707448533,156.821512553
 11/07  20:00:00,222.70928495,173.987885788
 11/07  21:00:00,197.564522552,188.465248787
 11/07  22:00:00,141.028709621,176.871393316
 11/07  23:00:00,86.4934874465,3.4994400221300004
 11/07  24:00:00,120.997858275,2.355
 11/08  01:00:00,89.6348738783,2.355
 11/08  02:00:00,83.0955008262,3.4992274647400006
 11/08  03:00:00,82.0405155183,2.355
 11/08  04:00:00,80.6687620219,2.355
 11/08  05:00:00,86.1514136842,3.49925625954
 11/08  06:00:00,85.0811717088,2.355
 11/08  07:00:00,132.456615799,344.17653222300004
 11/08  08:00:00,135.336862324,290.709400684
 11/08  09:00:00,214.54455308400003,215.100341131
 11/08  10:00:00,245.553603124,154.349913558
 11/08  11:00:00,242.05478951599997,114.204440902
 11/08  12:00:00,278.584307462,76.4363366829
 11/08  13:00:00,269.939633728,45.736067525
 11/08  14:00:00,275.836483376,23.051056934800002
 11/08  15:00:00,278.14242244,11.822821993699998
 11/08  16:00:00,275.131841243,11.6725923387
 11/08  17:00:00,277.78941529900004,31.7356139174
 11/08  18:00:00,278.22769227099997,61.3030034671
 11/08  19:00:00,271.82174084900004,77.5886348153
 11/08  20:00:00,257.03978364700004,90.10700715889999
 11/08  21:00:00,226.739293395,105.292121685
 11/08  22:00:00,164.224700205,70.6329067524
 11/08  23:00:00,106.944692767,2.355
 11/08  24:00:00,139.624612583,3.4993401318
 11/09  01:00:00,111.16234375399999,2.355
 11/09  02:00:00,101.979401992,2.355
 11/09  03:00:00,100.729830474,3.49929129621
 11/09  04:00:00,99.7965693898,2.355
 11/09  05:00:00,105.41308612,2.355
 11/09  06:00:00,103.935922292,2.355
 11/09  07:00:00,148.816290985,178.443714013
 11/09  08:00:00,157.09787880000002,158.53784098
 11/09  09:00:00,237.102215473,119.308774165
 11/09  10:00:00,271.496322767,71.6396277882
 11/09  11:00:00,267.477521163,42.5584927355
 11/09  12:00:00,296.412602339,18.341881220599998
 11/09  13:00:00,285.570191909,11.672871566900001
 11/09  14:00:00,282.95199093599996,11.672807824300001
 11/09  15:00:00,275.095292199,11.672525565099999
 11/09  16:00:00,268.81679632099997,11.6724881224
 11/09  17:00:00,272.281565708,24.8531130367
 11/09  18:00:00,276.26551239099996,41.7502746476
 11/09  19:00:00,272.56889149799997,51.930424627600004
 11/09  20:00:00,260.38358093,64.7164894941
 11/09  21:00:00,229.730095162,77.558269811
 11/09  22:00:00,165.568777772,45.3794572493
 11/09  23:00:00,106.854818354,3.49945953911
 11/09  24:00:00,139.056392281,2.355
 11/10  01:00:00,110.440603667,3.49922540204
 11/10  02:00:00,101.121947117,2.355
 11/10  03:00:00,100.30251450799999,2.355
 11/10  04:00:00,100.36863151,3.4992131947300007
 11/10  05:00:00,124.961921296,2.355
 11/10  06:00:00,123.60831143899999,2.355
 11/10  07:00:00,169.275153311,142.040346503
 11/10  08:00:00,170.771719769,136.831828729
 11/10  09:00:00,239.66871178099998,102.191617854
 11/10  10:00:00,271.18267577,70.2782089138
 11/10  11:00:00,264.335732768,52.39007071060001
 11/10  12:00:00,290.335775153,36.6058209288
 11/10  13:00:00,274.238782092,32.4506661765
 11/10  14:00:00,271.120275869,30.3432735911
 11/10  15:00:00,263.50925206,38.5542882791
 11/10  16:00:00,253.857832677,65.38024907149999
 11/10  17:00:00,257.21646057099997,92.5394563059
 11/10  18:00:00,261.127219601,109.569680104
 11/10  19:00:00,256.107392254,132.32090905
 11/10  20:00:00,232.56438585599997,150.884302007
 11/10  21:00:00,204.33027552400003,158.636062541
 11/10  22:00:00,146.159613165,126.47020946399999
 11/10  23:00:00,93.42670583719999,3.4994650565499996
 11/10  24:00:00,127.860267647,2.355
 11/11  01:00:00,96.71548717120001,1.77125
 11/11  02:00:00,89.41546173649999,2.91557843032
 11/11  03:00:00,88.42469688850001,1.77125
 11/11  04:00:00,87.5901048926,1.77125
 11/11  05:00:00,93.42970867,2.91556473139
 11/11  06:00:00,92.0485762948,1.77125
 11/11  07:00:00,125.89365114700001,273.928985942
 11/11  08:00:00,129.711285128,261.868558319
 11/11  09:00:00,164.169572514,227.118115273
 11/11  10:00:00,138.099813044,218.671703206
 11/11  11:00:00,172.428103451,200.063006452
 11/11  12:00:00,202.51807453599997,195.686413737
 11/11  13:00:00,210.48971613,175.786286705
 11/11  14:00:00,209.118528902,171.14160728299998
 11/11  15:00:00,205.178872101,173.592135229
 11/11  16:00:00,201.825013264,170.72941890200002
 11/11  17:00:00,208.652353405,171.750974384
 11/11  18:00:00,186.41591734,204.374119132
 11/11  19:00:00,191.569437044,217.97340582599998
 11/11  20:00:00,172.811410728,221.42856437
 11/11  21:00:00,162.897528181,247.87374934
 11/11  22:00:00,146.560663967,227.36840796599998
 11/11  23:00:00,85.512647524,2.9156457945599996
 11/11  24:00:00,119.988815786,1.77125
 11/12  01:00:00,88.6909208308,2.91556533259
 11/12  02:00:00,81.9097041642,1.77125
 11/12  03:00:00,80.75147134640001,1.77125
 11/12  04:00:00,79.9146576962,2.9155643530799997
 11/12  05:00:00,86.0985160005,1.77125
 11/12  06:00:00,93.7257120551,13.9416530671
 11/12  07:00:00,120.32397709899999,411.358279102
 11/12  08:00:00,125.06136363899999,356.18304432400004
 11/12  09:00:00,162.390868888,283.850130964
 11/12  10:00:00,138.746252655,249.087921482
 11/12  11:00:00,176.459209668,194.054215492
 11/12  12:00:00,209.606375722,162.405268104
 11/12  13:00:00,221.056798918,136.367797333
 11/12  14:00:00,223.46641457299998,114.63287198100001
 11/12  15:00:00,221.760496691,103.215266058
 11/12  16:00:00,217.65698867400002,106.634644064
 11/12  17:00:00,220.806377538,126.991195005
 11/12  18:00:00,194.24217723700002,171.79254528
 11/12  19:00:00,197.683980133,189.99145544900003
 11/12  20:00:00,178.632044672,201.33033829599998
 11/12  21:00:00,168.174447097,215.64857068
 11/12  22:00:00,151.127391955,188.26503850400002
 11/12  23:00:00,90.21186935530001,1.77125
 11/12  24:00:00,124.12360462,1.77125
 11/13  01:00:00,94.4968960649,3.4992597972300006
 11/13  02:00:00,86.7063610922,2.355
 11/13  03:00:00,85.5298921732,2.355
 11/13  04:00:00,84.2519112147,3.4992499106
 11/13  05:00:00,89.7308018768,2.355
 11/13  06:00:00,88.51786741030001,2.355
 11/13  07:00:00,134.611827251,370.48040296
 11/13  08:00:00,139.11406747799998,317.69205372700003
 11/13  09:00:00,218.32901936099998,241.195679525
 11/13  10:00:00,252.764746243,159.007337554
 11/13  11:00:00,250.44805848599998,114.276509526
 11/13  12:00:00,284.60331874,75.58916023100001
 11/13  13:00:00,271.776436457,52.4833026768
 11/13  14:00:00,272.49347399,34.212106104499995
 11/13  15:00:00,267.690735959,25.9972770921
 11/13  16:00:00,263.113168935,28.273146390500003
 11/13  17:00:00,266.54801807,49.1444737016
 11/13  18:00:00,271.120999157,62.7836888238
 11/13  19:00:00,267.055580131,73.9525745152
 11/13  20:00:00,251.039740068,99.31119416680001
 11/13  21:00:00,223.10956379799998,106.873177703
 11/13  22:00:00,163.193487551,68.3176663366
 11/13  23:00:00,104.504530181,3.4994568922900005
 11/13  24:00:00,136.59011247799998,2.355
 11/14  01:00:00,108.493672334,3.4992580523800005
 11/14  02:00:00,98.78233681260001,2.355
 11/14  03:00:00,95.3043054016,2.355
 11/14  04:00:00,91.6401810788,2.355
 11/14  05:00:00,110.63526328,3.4992486978699993
 11/14  06:00:00,107.96233133,2.355
 11/14  07:00:00,155.895710633,240.57121975400003
 11/14  08:00:00,147.454719346,227.507654545
 11/14  09:00:00,214.364970022,196.088169441
 11/14  10:00:00,239.49229575599998,167.025685125
 11/14  11:00:00,230.51875975599998,156.210818376
 11/14  12:00:00,261.02156159099997,138.073650561
 11/14  13:00:00,242.356754969,124.38060389600001
 11/14  14:00:00,240.89640410599998,115.523464195
 11/14  15:00:00,236.28637198099997,114.53966911200001
 11/14  16:00:00,231.35128718400003,124.900167853
 11/14  17:00:00,241.136691117,147.60774065
 11/14  18:00:00,242.79502435,177.96541857900002
 11/14  19:00:00,239.58484008599999,209.077245052
 11/14  20:00:00,216.045884504,226.25476316599998
 11/14  21:00:00,190.858971183,239.534007858
 11/14  22:00:00,134.77752491299998,217.127454725
 11/14  23:00:00,80.5510182639,3.4994552238
 11/14  24:00:00,115.777917629,2.355
 11/15  01:00:00,84.294452208,2.355
 11/15  02:00:00,78.31802125899999,3.4992456727199994
 11/15  03:00:00,78.0542701806,2.355
 11/15  04:00:00,86.13447447799999,18.2484926885
 11/15  05:00:00,92.794793161,19.5859819929
 11/15  06:00:00,96.3877849681,29.426163697399996
 11/15  07:00:00,135.030662853,404.965483442
 11/15  08:00:00,133.947251753,359.253812441
 11/15  09:00:00,210.522569403,291.974517525
 11/15  10:00:00,236.05525420599997,230.56353993599998
 11/15  11:00:00,227.79739044,193.274043858
 11/15  12:00:00,258.911726143,166.752187346
 11/15  13:00:00,238.67201897,154.452847287
 11/15  14:00:00,236.306867847,153.413303984
 11/15  15:00:00,232.08506476099998,144.85693538200002
 11/15  16:00:00,229.018629753,144.55664991
 11/15  17:00:00,239.00680304,155.286717898
 11/15  18:00:00,242.006338747,162.961199624
 11/15  19:00:00,240.44812861,175.51981534900003
 11/15  20:00:00,223.97931246099998,191.63011398
 11/15  21:00:00,198.546119818,210.589312198
 11/15  22:00:00,140.952339241,186.39306027700002
 11/15  23:00:00,82.0941378318,3.4994183895699997
 11/15  24:00:00,116.955306345,2.355
 11/16  01:00:00,85.35853149180001,2.355
 11/16  02:00:00,78.6622961837,3.49924985495
 11/16  03:00:00,78.23671015939999,2.355
 11/16  04:00:00,77.970103544,2.355
 11/16  05:00:00,96.9234995639,26.008613023600002
 11/16  06:00:00,96.5474431054,28.120434948299998
 11/16  07:00:00,135.06032400700002,404.902085854
 11/16  08:00:00,134.054116721,350.84605785599996
 11/16  09:00:00,210.739199773,289.163156775
 11/16  10:00:00,237.078241346,235.250270568
 11/16  11:00:00,228.65583215400002,207.541566658
 11/16  12:00:00,259.609528583,184.048714359
 11/16  13:00:00,239.896365281,167.715183765
 11/16  14:00:00,237.523454245,159.950426105
 11/16  15:00:00,233.360972998,156.03506103799998
 11/16  16:00:00,229.561577569,164.900818264
 11/16  17:00:00,238.26220324099998,198.574011618
 11/16  18:00:00,240.327298492,212.635889934
 11/16  19:00:00,239.633515455,234.909766797
 11/16  20:00:00,223.406868863,259.76361646
 11/16  21:00:00,197.85281901099998,274.27379066599997
 11/16  22:00:00,139.911183682,252.10629421299998
 11/16  23:00:00,80.7578630548,2.355
 11/16  24:00:00,115.718317815,3.4993064245300003
 11/17  01:00:00,84.06724869680001,2.355
 11/17  02:00:00,78.0873761939,2.355
 11/17  03:00:00,82.0179847574,11.7143483101
 11/17  04:00:00,86.24706467840001,17.9802962934
 11/17  05:00:00,112.893156675,25.4639755425
 11/17  06:00:00,108.85783813799999,20.000901001400003
 11/17  07:00:00,151.750436566,408.56918081199996
 11/17  08:00:00,143.775341268,356.440855433
 11/17  09:00:00,212.097729776,295.192291766
 11/17  10:00:00,237.492912192,240.80710714
 11/17  11:00:00,226.60142003400003,208.03549738099997
 11/17  12:00:00,256.824203346,180.85780252599997
 11/17  13:00:00,236.384557251,169.444039096
 11/17  14:00:00,234.71799677099997,158.407668621
 11/17  15:00:00,231.099677513,150.322349522
 11/17  16:00:00,227.59923501900002,152.741898019
 11/17  17:00:00,237.006187302,177.167830695
 11/17  18:00:00,239.918810357,192.637530433
 11/17  19:00:00,239.089878709,194.04391841900002
 11/17  20:00:00,216.43457306099998,196.90520245099998
 11/17  21:00:00,191.86970290000002,203.517786401
 11/17  22:00:00,136.36493906799998,165.702836118
 11/17  23:00:00,82.04039996569999,2.355
 11/17  24:00:00,117.064040102,3.49931478433
 11/18  01:00:00,84.4125008273,1.77125
 11/18  02:00:00,78.37864956189999,2.9155991234500003
 11/18  03:00:00,78.1415911875,1.77125
 11/18  04:00:00,78.0407268626,1.77125
 11/18  05:00:00,84.3705623454,2.9155506851200004
 11/18  06:00:00,83.7521738183,1.77125
 11/18  07:00:00,122.50923669,302.306508857
 11/18  08:00:00,122.40884236299999,268.851915122
 11/18  09:00:00,186.56173475900002,221.611604539
 11/18  10:00:00,209.30671402599998,163.257979827
 11/18  11:00:00,241.874782097,109.277218965
 11/18  12:00:00,277.755517728,71.4454405958
 11/18  13:00:00,266.468929184,48.156551499399995
 11/18  14:00:00,269.22579077,30.5432120309
 11/18  15:00:00,266.446287505,24.1646513073
 11/18  16:00:00,262.833260417,27.8240083654
 11/18  17:00:00,270.80572027799997,41.7846522507
 11/18  18:00:00,271.609851946,53.162207503699996
 11/18  19:00:00,251.56487555599998,76.3137816004
 11/18  20:00:00,206.47653686200002,92.7437741159
 11/18  21:00:00,190.85027056,104.389229155
 11/18  22:00:00,141.697169071,79.5496130844
 11/18  23:00:00,93.66775581729999,2.9157489698299996
 11/18  24:00:00,126.41245931600001,1.77125
 11/19  01:00:00,96.8552537111,2.91552054922
 11/19  02:00:00,88.62585826520001,1.77125
 11/19  03:00:00,87.44939757889999,1.77125
 11/19  04:00:00,86.8475625821,2.91552607638
 11/19  05:00:00,93.2652764969,1.77125
 11/19  06:00:00,92.4999560189,1.77125
 11/19  07:00:00,130.498659842,212.371055858
 11/19  08:00:00,133.150484946,221.45770519
 11/19  09:00:00,168.874134962,200.274723609
 11/19  10:00:00,144.712155545,188.36148729299998
 11/19  11:00:00,179.98579728400003,164.434143914
 11/19  12:00:00,209.634216564,153.748108702
 11/19  13:00:00,217.747330814,133.68622303
 11/19  14:00:00,213.229405755,136.989563159
 11/19  15:00:00,204.52203500000002,157.098542071
 11/19  16:00:00,199.34928941599998,175.69306806900002
 11/19  17:00:00,209.03795339200002,182.514310718
 11/19  18:00:00,183.582754738,215.52720655099998
 11/19  19:00:00,189.47098864,230.7979975
 11/19  20:00:00,170.37096598899998,242.99847917900001
 11/19  21:00:00,161.29262698899998,257.375173
 11/19  22:00:00,146.06607141700002,221.950867192
 11/19  23:00:00,85.14095785149999,1.77125
 11/19  24:00:00,119.75957436799999,2.9155091231599997
 11/20  01:00:00,90.71206489110001,2.355
 11/20  02:00:00,83.73957956529999,2.355
 11/20  03:00:00,82.7768116196,3.49924471865
 11/20  04:00:00,82.053781712,2.355
 11/20  05:00:00,88.053392642,2.355
 11/20  06:00:00,86.93300498040001,2.355
 11/20  07:00:00,136.456909467,340.757803544
 11/20  08:00:00,136.181805123,308.262708561
 11/20  09:00:00,212.702559262,271.447686743
 11/20  10:00:00,237.935470388,240.021578238
 11/20  11:00:00,228.88347785,224.31960985599997
 11/20  12:00:00,260.160004333,203.400400582
 11/20  13:00:00,240.554338611,194.50809737900002
 11/20  14:00:00,238.57613374299999,190.16329151099998
 11/20  15:00:00,234.49004586400002,180.82113989099997
 11/20  16:00:00,231.283203705,183.481657512
 11/20  17:00:00,240.846850115,205.00383069
 11/20  18:00:00,243.075087459,221.175782847
 11/20  19:00:00,241.93322076299998,232.07583952299998
 11/20  20:00:00,226.74589449599998,232.639043705
 11/20  21:00:00,201.518080443,235.811490684
 11/20  22:00:00,144.018495244,204.24106986200002
 11/20  23:00:00,85.58862799,2.355
 11/20  24:00:00,120.335853725,3.49930739415
 11/21  01:00:00,88.89887998649999,2.355
 11/21  02:00:00,82.23727914210001,2.355
 11/21  03:00:00,81.088467434,3.4992661158
 11/21  04:00:00,80.4236280254,2.355
 11/21  05:00:00,103.12533569899999,2.355
 11/21  06:00:00,112.09980286700001,13.9116726791
 11/21  07:00:00,155.27569704799998,360.67846934199997
 11/21  08:00:00,149.409193309,317.355250771
 11/21  09:00:00,217.08596199099998,282.895573613
 11/21  10:00:00,244.065956427,240.239865737
 11/21  11:00:00,235.73251534099998,204.271990061
 11/21  12:00:00,266.363272139,180.93603594599998
 11/21  13:00:00,248.673344699,163.088783043
 11/21  14:00:00,249.40449807,145.241281351
 11/21  15:00:00,247.78790549200002,138.266531326
 11/21  16:00:00,245.684746839,136.488175311
 11/21  17:00:00,256.90792847299997,138.929838026
 11/21  18:00:00,260.25418560599996,139.969994337
 11/21  19:00:00,258.582822938,139.801231183
 11/21  20:00:00,240.02060486,141.890656941
 11/21  21:00:00,214.17651997099998,151.194568075
 11/21  22:00:00,154.358437593,133.218463284
 11/21  23:00:00,101.23405061,2.355
 11/21  24:00:00,134.14035476200002,3.4993602899400003
 11/22  01:00:00,104.02916498299999,2.355
 11/22  02:00:00,95.11225220440001,2.355
 11/22  03:00:00,93.4527308925,3.4992472813599997
 11/22  04:00:00,92.0020045457,2.355
 11/22  05:00:00,97.2518851596,2.355
 11/22  06:00:00,95.01291028809999,2.355
 11/22  07:00:00,143.741760149,308.154870368
 11/22  08:00:00,144.691767975,280.19172848200003
 11/22  09:00:00,221.79680616,220.533109004
 11/22  10:00:00,252.406967975,162.478173247
 11/22  11:00:00,246.793081075,135.142724697
 11/22  12:00:00,278.770126085,105.29074627799999
 11/22  13:00:00,262.606507075,90.7917543608
 11/22  14:00:00,261.880411345,74.9186586306
 11/22  15:00:00,256.867603715,73.6044465438
 11/22  16:00:00,251.42665419,78.7611310297
 11/22  17:00:00,256.656579028,106.757106457
 11/22  18:00:00,255.044519014,144.095289692
 11/22  19:00:00,250.726694668,157.64694908299998
 11/22  20:00:00,236.645220759,162.526061632
 11/22  21:00:00,212.658158675,143.99535185
 11/22  22:00:00,156.111513911,97.7746770813
 11/22  23:00:00,100.22294193399999,2.355
 11/22  24:00:00,134.005894022,3.4993610636400003
 11/23  01:00:00,104.394147169,1.77125
 11/23  02:00:00,98.34546882549999,1.77125
 11/23  03:00:00,99.5292970866,2.91556413996
 11/23  04:00:00,100.178593961,1.77125
 11/23  05:00:00,106.940056813,1.77125
 11/23  06:00:00,106.238740409,2.9155529173500003
 11/23  07:00:00,144.046615427,181.037475882
 11/23  08:00:00,150.382612938,176.411202146
 11/23  09:00:00,186.45874036900003,151.32690486799999
 11/23  10:00:00,166.95653028200002,130.78899035700002
 11/23  11:00:00,202.02349970900002,111.97177883799999
 11/23  12:00:00,229.133519194,111.298601905
 11/23  13:00:00,244.76045757400001,95.17670803879999
 11/23  14:00:00,245.249595225,87.0933666715
 11/23  15:00:00,238.43670674400002,84.5810241123
 11/23  16:00:00,233.854864912,82.453966692
 11/23  17:00:00,241.788497383,94.6670747565
 11/23  18:00:00,210.23637586400002,138.222384428
 11/23  19:00:00,204.38201899700002,189.144914571
 11/23  20:00:00,179.998668128,218.695574505
 11/23  21:00:00,166.180822568,237.18461608299998
 11/23  22:00:00,147.87867114899998,210.446715126
 11/23  23:00:00,86.50018616,1.77125
 11/23  24:00:00,120.698791035,1.77125
 11/24  01:00:00,91.45383921930001,3.4992316095800002
 11/24  02:00:00,84.866471429,2.355
 11/24  03:00:00,83.9748966367,2.355
 11/24  04:00:00,83.1367186687,3.49922955246
 11/24  05:00:00,104.93187952,2.355
 11/24  06:00:00,104.509496557,2.355
 11/24  07:00:00,154.096572369,342.650095598
 11/24  08:00:00,146.632136771,316.34503941099996
 11/24  09:00:00,213.009499901,285.433154735
 11/24  10:00:00,237.67791153,255.36786649200002
 11/24  11:00:00,228.355065547,238.199539661
 11/24  12:00:00,259.337436418,207.482003733
 11/24  13:00:00,240.26057566400002,185.44558158400002
 11/24  14:00:00,239.393443468,170.61829569100001
 11/24  15:00:00,234.834128553,164.562200241
 11/24  16:00:00,230.693907753,168.410436583
 11/24  17:00:00,239.54207374700002,188.11677717900002
 11/24  18:00:00,241.564481489,212.29295360700002
 11/24  19:00:00,239.71837505,234.09136331
 11/24  20:00:00,216.60022205599998,252.071347682
 11/24  21:00:00,191.206852545,256.367482803
 11/24  22:00:00,135.023670146,236.28106611299998
 11/24  23:00:00,81.235656891,2.355
 11/24  24:00:00,116.77405555600001,2.355
 11/25  01:00:00,83.22116698069999,2.9156471214499997
 11/25  02:00:00,76.033436662,1.77125
 11/25  03:00:00,84.0914166438,18.8901758646
 11/25  04:00:00,88.12434838120001,31.0797197827
 11/25  05:00:00,94.7157172674,33.939940562800004
 11/25  06:00:00,90.2631138651,27.2942268304
 11/25  07:00:00,120.67946923,460.30017571699995
 11/25  08:00:00,119.656746881,412.03932305
 11/25  09:00:00,182.50683405700002,358.931605106
 11/25  10:00:00,200.660802612,284.823530929
 11/25  11:00:00,228.52222867400002,230.75524519299998
 11/25  12:00:00,259.767476623,192.855240167
 11/25  13:00:00,240.8140215,170.332017591
 11/25  14:00:00,236.925443978,162.822515684
 11/25  15:00:00,232.303495681,158.484644546
 11/25  16:00:00,227.946138973,169.417574529
 11/25  17:00:00,237.86954473900002,188.315453302
 11/25  18:00:00,241.32543086200002,205.43188803599998
 11/25  19:00:00,226.224023845,228.950483684
 11/25  20:00:00,181.168313955,238.159093905
 11/25  21:00:00,170.748432315,256.239190471
 11/25  22:00:00,127.58716827200001,236.62832027599998
 11/25  23:00:00,80.98319691020001,2.9157423397500004
 11/25  24:00:00,116.160486562,1.77125
 11/26  01:00:00,85.2629597602,2.9155183571900003
 11/26  02:00:00,77.6812395512,1.77125
 11/26  03:00:00,76.54984801239999,1.77125
 11/26  04:00:00,84.1974258308,17.8740415383
 11/26  05:00:00,94.78077345540001,28.3461111721
 11/26  06:00:00,94.4106683503,30.614834511399998
 11/26  07:00:00,120.900556778,475.48521352800003
 11/26  08:00:00,119.760199531,423.107942806
 11/26  09:00:00,156.007644429,340.847612713
 11/26  10:00:00,132.043017282,296.112210765
 11/26  11:00:00,167.58456039700002,253.954388104
 11/26  12:00:00,198.141808425,236.52689222700002
 11/26  13:00:00,205.656687734,214.330195147
 11/26  14:00:00,203.236821013,200.95753554799998
 11/26  15:00:00,199.322351823,192.39913914299999
 11/26  16:00:00,195.87426479299998,189.26316496099997
 11/26  17:00:00,206.091751878,193.336480335
 11/26  18:00:00,181.385323647,230.073747445
 11/26  19:00:00,187.12345813299999,251.70174957400002
 11/26  20:00:00,167.514517606,269.18023423
 11/26  21:00:00,158.624328083,268.703157645
 11/26  22:00:00,143.989614185,221.897110555
 11/26  23:00:00,83.4532992174,1.77125
 11/26  24:00:00,118.176625874,2.9155052243400004
 11/27  01:00:00,89.98462204399999,2.355
 11/27  02:00:00,82.9157734864,2.355
 11/27  03:00:00,82.7176045917,3.4992537578199996
 11/27  04:00:00,82.4355415031,2.355
 11/27  05:00:00,88.9740366437,2.355
 11/27  06:00:00,88.5491734539,3.4992794117300003
 11/27  07:00:00,142.216751222,350.87157980800004
 11/27  08:00:00,139.98771603,314.669811946
 11/27  09:00:00,216.486461768,273.08152287900003
 11/27  10:00:00,243.524730205,223.711744602
 11/27  11:00:00,233.132306173,199.86351422299998
 11/27  12:00:00,261.06645648200004,185.77534711400003
 11/27  13:00:00,240.393289325,171.087239676
 11/27  14:00:00,236.264932196,163.871050145
 11/27  15:00:00,232.548923347,159.205771637
 11/27  16:00:00,228.758381661,162.249972711
 11/27  17:00:00,238.250914682,187.16477568599998
 11/27  18:00:00,241.480563147,202.687283374
 11/27  19:00:00,239.97918977900002,216.38622165900003
 11/27  20:00:00,223.025249618,234.625582842
 11/27  21:00:00,197.10727944400003,249.914682253
 11/27  22:00:00,139.522482295,228.192663187
 11/27  23:00:00,80.352475654,3.49946357111
 11/27  24:00:00,115.77483030200001,2.355
 11/28  01:00:00,84.8180375625,2.355
 11/28  02:00:00,78.1398685283,3.4992794682699997
 11/28  03:00:00,81.9936555109,10.3515972323
 11/28  04:00:00,86.124975229,18.9547088645
 11/28  05:00:00,112.6912145,30.833987638099998
 11/28  06:00:00,108.517325467,23.625835043800002
 11/28  07:00:00,154.779398592,455.79296806300005
 11/28  08:00:00,142.965789886,400.559922878
 11/28  09:00:00,210.051565823,329.745923851
 11/28  10:00:00,234.60829948900002,271.70548478
 11/28  11:00:00,225.448252962,237.514454098
 11/28  12:00:00,256.770532784,203.408022096
 11/28  13:00:00,237.92123168900002,183.486798072
 11/28  14:00:00,235.145464351,179.25479749299998
 11/28  15:00:00,231.215952198,179.05991393
 11/28  16:00:00,227.59008263,181.930879674
 11/28  17:00:00,236.419654172,206.918495923
 11/28  18:00:00,238.533010592,235.374767438
 11/28  19:00:00,237.754319628,238.662104784
 11/28  20:00:00,214.81025997400002,257.562038048
 11/28  21:00:00,190.348954443,261.979851482
 11/28  22:00:00,134.63339399,236.52863708200002
 11/28  23:00:00,79.7988133962,3.49947362079
 11/28  24:00:00,115.382176302,2.355
 11/29  01:00:00,84.5954956375,3.49924938194
 11/29  02:00:00,77.884389935,2.355
 11/29  03:00:00,85.9989885459,18.484485931800002
 11/29  04:00:00,86.0885568691,21.8234779096
 11/29  05:00:00,96.63209741290001,35.6705485447
 11/29  06:00:00,96.2677015919,34.7286934341
 11/29  07:00:00,138.307550431,440.96894006800005
 11/29  08:00:00,133.71933438899998,401.810981621
 11/29  09:00:00,209.874207014,343.98999106800005
 11/29  10:00:00,234.076176577,287.394660234
 11/29  11:00:00,224.498362444,264.70949507299997
 11/29  12:00:00,255.35962211900002,242.71051350599998
 11/29  13:00:00,235.471697989,224.80396157599998
 11/29  14:00:00,232.25871072400003,222.366359315
 11/29  15:00:00,228.42873363299998,217.178796604
 11/29  16:00:00,224.76824913599998,222.786526878
 11/29  17:00:00,234.524629778,246.145188298
 11/29  18:00:00,237.85696297200002,265.47205401900004
 11/29  19:00:00,237.210728905,293.018604107
 11/29  20:00:00,220.99223803299998,317.714147893
 11/29  21:00:00,196.11877904,324.258459603
 11/29  22:00:00,139.197020518,298.909502932
 11/29  23:00:00,79.4552120529,2.355
 11/29  24:00:00,115.202125875,3.4993360278099996
 11/30  01:00:00,88.09387846,13.400532224800001
 11/30  02:00:00,90.0608469104,33.4000014285
 11/30  03:00:00,86.13075073440001,29.5787675421
 11/30  04:00:00,92.4117899869,51.400315599799995
 11/30  05:00:00,100.855226178,53.9312225507
 11/30  06:00:00,96.5277671767,43.14599546979999
 11/30  07:00:00,137.972739198,523.4227886790001
 11/30  08:00:00,133.466711383,470.427177595
 11/30  09:00:00,209.741997069,390.586913621
 11/30  10:00:00,233.974044865,307.451856508
 11/30  11:00:00,224.575703482,266.78081433200003
 11/30  12:00:00,255.49944457799998,236.851881381
 11/30  13:00:00,235.546500858,224.536202292
 11/30  14:00:00,232.25169443,218.49108730700002
 11/30  15:00:00,228.32594399400003,213.070081488
 11/30  16:00:00,224.57296625599997,221.704307305
 11/30  17:00:00,234.357605914,244.414604248
 11/30  18:00:00,237.683762037,262.688124465
 11/30  19:00:00,237.122623085,273.75283011700003
 11/30  20:00:00,220.92537383599998,282.603386588
 11/30  21:00:00,196.03764114700002,301.875442319
 11/30  22:00:00,139.155183215,284.225489277
 11/30  23:00:00,79.4772745782,3.4994567088
 11/30  24:00:00,115.242799333,2.355
 12/01  01:00:00,84.32850855310001,2.355
 12/01  02:00:00,81.6732522466,12.3329771279
 12/01  03:00:00,90.06371937850001,27.2366921062
 12/01  04:00:00,85.9281001073,21.5158064191
 12/01  05:00:00,112.812994589,36.5206948127
 12/01  06:00:00,112.985595594,35.451018656900004
 12/01  07:00:00,154.81247487,439.979392047
 12/01  08:00:00,142.91571130100002,407.43581046
 12/01  09:00:00,209.97700244,359.274113053
 12/01  10:00:00,234.17195624599998,313.929851611
 12/01  11:00:00,224.379906788,291.263409577
 12/01  12:00:00,255.05428405900003,272.89497429200003
 12/01  13:00:00,234.92249596599999,267.272054631
 12/01  14:00:00,231.727438842,268.567833494
 12/01  15:00:00,227.79681507200002,275.186218637
 12/01  16:00:00,224.315302176,277.04265217
 12/01  17:00:00,234.453741142,283.612179207
 12/01  18:00:00,237.82243613400001,289.49467417700004
 12/01  19:00:00,237.17378392700002,309.803629663
 12/01  20:00:00,214.297803136,326.766537502
 12/01  21:00:00,189.812352317,335.424179801
 12/01  22:00:00,134.352277886,313.024257241
 12/01  23:00:00,79.2737030596,2.355
 12/01  24:00:00,115.12882208100001,2.355
 12/02  01:00:00,89.7723253802,25.2141889971
 12/02  02:00:00,87.9241467309,44.7389420222
 12/02  03:00:00,90.482197558,50.4072527337
 12/02  04:00:00,88.860101694,46.945575918500005
 12/02  05:00:00,98.6296076019,75.9962266207
 12/02  06:00:00,98.3827256055,79.8143671046
 12/02  07:00:00,123.82401086799999,564.634170296
 12/02  08:00:00,119.050264397,516.917872636
 12/02  09:00:00,182.105378035,461.83225112199995
 12/02  10:00:00,199.096628166,407.681946239
 12/02  11:00:00,223.85692668599998,364.18628389699995
 12/02  12:00:00,254.81170030799998,338.666763264
 12/02  13:00:00,234.60200326700001,328.786694755
 12/02  14:00:00,231.22677834200002,318.15853373
 12/02  15:00:00,227.41165637,314.55864770700003
 12/02  16:00:00,223.992109437,318.121553757
 12/02  17:00:00,234.176106604,319.549991011
 12/02  18:00:00,237.556036744,325.29085322599997
 12/02  19:00:00,223.27566296700002,352.60060534300004
 12/02  20:00:00,177.632088338,371.429817769
 12/02  21:00:00,167.385770519,378.24439027
 12/02  22:00:00,124.80841852299999,351.411024346
 12/02  23:00:00,76.80812049880001,2.9157895395
 12/02  24:00:00,112.779715285,1.77125
 12/03  01:00:00,94.1837624667,39.4907209788
 12/03  02:00:00,89.18525880600001,43.1630679829
 12/03  03:00:00,86.9623758974,34.0637527417
 12/03  04:00:00,92.1212211152,52.138455137600005
 12/03  05:00:00,99.6724514662,58.101973577399995
 12/03  06:00:00,94.4639528547,44.7469479407
 12/03  07:00:00,123.780350212,561.426642613
 12/03  08:00:00,119.323091961,503.65811177
 12/03  09:00:00,154.779656331,443.946547558
 12/03  10:00:00,127.326218759,420.728592185
 12/03  11:00:00,162.053281686,379.76831249
 12/03  12:00:00,193.387048425,359.266903481
 12/03  13:00:00,200.613167639,331.513082263
 12/03  14:00:00,197.843306848,321.504011912
 12/03  15:00:00,194.024163868,317.736221817
 12/03  16:00:00,190.637214252,313.950554453
 12/03  17:00:00,200.84918870599998,310.966258602
 12/03  18:00:00,175.857066485,358.413839715
 12/03  19:00:00,182.320521557,374.42531841199997
 12/03  20:00:00,162.529284651,383.975772305
 12/03  21:00:00,153.720777253,390.706601846
 12/03  22:00:00,139.36039356,346.47082059
 12/03  23:00:00,77.34791826930001,2.9156491081900002
 12/03  24:00:00,113.019910313,1.77125
 12/04  01:00:00,92.5572418983,18.5252957672
 12/04  02:00:00,86.3930365665,22.768203354
 12/04  03:00:00,90.6838168591,37.525398591999995
 12/04  04:00:00,90.52965530719999,38.201763255100005
 12/04  05:00:00,96.3628617208,33.6642418911
 12/04  06:00:00,101.37718571100001,45.124413831800005
 12/04  07:00:00,138.195663164,491.930621677
 12/04  08:00:00,133.667962338,446.30118321699996
 12/04  09:00:00,209.81089267299998,403.627665534
 12/04  10:00:00,233.89689519700002,366.481575745
 12/04  11:00:00,224.143592228,352.36736273199995
 12/04  12:00:00,254.92344263400003,331.106707405
 12/04  13:00:00,234.57386495900002,317.30017597
 12/04  14:00:00,231.426177973,307.872430507
 12/04  15:00:00,227.57932647400003,303.518413802
 12/04  16:00:00,224.14154856599998,313.444975781
 12/04  17:00:00,234.287615585,331.070769849
 12/04  18:00:00,237.611122655,354.24328452699996
 12/04  19:00:00,237.037277807,380.82466089
 12/04  20:00:00,220.70715373299998,402.06607557300003
 12/04  21:00:00,195.797960872,415.811045816
 12/04  22:00:00,139.002922159,394.676675954
 12/04  23:00:00,78.8881708259,2.355
 12/04  24:00:00,123.42789096799999,29.874009928899998
 12/05  01:00:00,98.9353990897,55.3449636478
 12/05  02:00:00,94.2992278582,68.6461857879
 12/05  03:00:00,91.1596320301,65.9994274682
 12/05  04:00:00,94.1457130765,100.84662672399999
 12/05  05:00:00,116.63266615,101.200429802
 12/05  06:00:00,115.020905877,97.4250128122
 12/05  07:00:00,154.230440988,640.8436363659999
 12/05  08:00:00,142.30423241399998,580.194271379
 12/05  09:00:00,209.637763817,525.161394925
 12/05  10:00:00,233.524212425,464.633953155
 12/05  11:00:00,223.718960587,434.202963989
 12/05  12:00:00,254.74064548200002,407.725601715
 12/05  13:00:00,234.530180536,391.180200535
 12/05  14:00:00,231.09208774900003,377.4252121
 12/05  15:00:00,227.287728021,367.344607376
 12/05  16:00:00,223.85803541,369.71102438400004
 12/05  17:00:00,234.03565611,384.12395269800004
 12/05  18:00:00,237.404726812,400.783088314
 12/05  19:00:00,236.939561646,423.579202115
 12/05  20:00:00,214.094236656,437.896336932
 12/05  21:00:00,189.513595629,447.106745297
 12/05  22:00:00,134.20612947200001,424.116367771
 12/05  23:00:00,78.6849084512,3.49948492606
 12/05  24:00:00,130.504337753,60.4462281277
 12/06  01:00:00,99.6917515421,64.2854532731
 12/06  02:00:00,90.7771429123,55.971671373999996
 12/06  03:00:00,94.9906377634,78.3239648362
 12/06  04:00:00,93.2620074534,96.2329201885
 12/06  05:00:00,97.9865432402,83.03662919029999
 12/06  06:00:00,102.66175091299999,118.90526836299999
 12/06  07:00:00,137.998372296,604.258128631
 12/06  08:00:00,133.220356471,552.58298534
 12/06  09:00:00,209.569003825,499.28106965800004
 12/06  10:00:00,233.602296547,454.81069797699996
 12/06  11:00:00,223.786733315,433.320093394
 12/06  12:00:00,254.781385417,396.70054548400003
 12/06  13:00:00,234.63803406099998,381.55935913900004
 12/06  14:00:00,231.196034672,374.373321974
 12/06  15:00:00,227.379579067,374.232441595
 12/06  16:00:00,223.962226325,377.624894755
 12/06  17:00:00,234.12576221700002,396.672695837
 12/06  18:00:00,237.46831467,404.072054666
 12/06  19:00:00,236.969198078,410.206740841
 12/06  20:00:00,220.696812762,432.281780019
 12/06  21:00:00,195.68778926,463.478018835
 12/06  22:00:00,138.94034099299998,449.255239646
 12/06  23:00:00,80.7243278807,9.46703803894
 12/06  24:00:00,130.36785788,66.3905328009
 12/07  01:00:00,96.994024673,56.3279148839
 12/07  02:00:00,94.72963731120001,77.208702112
 12/07  03:00:00,94.229029651,120.123889959
 12/07  04:00:00,92.3836644144,95.0806985922
 12/07  05:00:00,104.05313368899999,146.358388026
 12/07  06:00:00,102.52667949,150.150492506
 12/07  07:00:00,137.939976607,674.07818836
 12/07  08:00:00,133.114429791,623.609620796
 12/07  09:00:00,209.53403421599998,572.998503503
 12/07  10:00:00,233.48729278,514.05512749
 12/07  11:00:00,223.661808735,478.54303966300006
 12/07  12:00:00,254.69949718799998,442.78824889699996
 12/07  13:00:00,234.47711294799998,419.483573754
 12/07  14:00:00,230.97712243900003,399.978908444
 12/07  15:00:00,227.18539107400002,387.32427416
 12/07  16:00:00,223.775373605,387.923801914
 12/07  17:00:00,233.959471349,401.470182889
 12/07  18:00:00,237.322642618,417.483928084
 12/07  19:00:00,236.898817001,446.661586427
 12/07  20:00:00,220.63912977299998,458.43261111699996
 12/07  21:00:00,195.640669172,466.081332316
 12/07  22:00:00,138.935788126,449.488223717
 12/07  23:00:00,80.7111451319,10.6143790893
 12/07  24:00:00,130.857961162,62.836220397299996
 12/08  01:00:00,96.9693550053,60.4140680803
 12/08  02:00:00,94.7199331148,96.36636364729999
 12/08  03:00:00,94.7694436909,113.26750920399999
 12/08  04:00:00,92.68373647530001,99.9895086482
 12/08  05:00:00,118.52979457200001,116.764132895
 12/08  06:00:00,117.492517435,103.858096301
 12/08  07:00:00,154.503994073,576.34626914
 12/08  08:00:00,142.38643411,514.4045756180001
 12/08  09:00:00,209.681287033,462.30315445400004
 12/08  10:00:00,233.75977092099998,397.467482116
 12/08  11:00:00,223.90965622099998,355.729633052
 12/08  12:00:00,254.84124682799998,337.48621208099996
 12/08  13:00:00,234.76223795299998,328.34810876
 12/08  14:00:00,231.32944772599998,321.15779027599996
 12/08  15:00:00,227.53873193099997,324.03936466700003
 12/08  16:00:00,224.245823497,314.587817983
 12/08  17:00:00,234.530147022,310.794820249
 12/08  18:00:00,237.96034981,314.098598035
 12/08  19:00:00,237.30955553400003,323.693418641
 12/08  20:00:00,214.783005155,333.715468526
 12/08  21:00:00,190.228678752,336.31901954200004
 12/08  22:00:00,134.613047994,305.895848923
 12/08  23:00:00,79.67357072819999,3.4994352315400006
 12/08  24:00:00,115.309599895,2.355
 12/09  01:00:00,90.3210009808,20.1131254057
 12/09  02:00:00,84.3763196516,25.8249878075
 12/09  03:00:00,91.2445903738,46.868965073999995
 12/09  04:00:00,92.3612483474,56.39173053
 12/09  05:00:00,95.7731779953,50.79219434149999
 12/09  06:00:00,98.38707848290001,75.6559089922
 12/09  07:00:00,123.919369205,556.550492019
 12/09  08:00:00,119.177031732,523.049238692
 12/09  09:00:00,182.154636745,486.666889095
 12/09  10:00:00,199.03452882599998,442.954752185
 12/09  11:00:00,223.868276765,417.895930874
 12/09  12:00:00,254.801784588,402.348074525
 12/09  13:00:00,234.415395888,391.303390391
 12/09  14:00:00,231.150368017,384.789331859
 12/09  15:00:00,227.35906414299998,381.09525746800006
 12/09  16:00:00,223.920746279,376.787696508
 12/09  17:00:00,234.094024631,377.826335395
 12/09  18:00:00,237.46526349099997,396.86124918
 12/09  19:00:00,223.20577965299998,439.550905725
 12/09  20:00:00,177.469213763,455.354233168
 12/09  21:00:00,167.231386759,450.35524364599996
 12/09  22:00:00,124.724370493,428.78218143699996
 12/09  23:00:00,76.4163352752,2.9157596217900004
 12/09  24:00:00,125.37367611200001,45.13731019390001
 12/10  01:00:00,98.88483702180001,67.333358348
 12/10  02:00:00,88.890307026,59.3511757716
 12/10  03:00:00,91.0630811108,82.4315802787
 12/10  04:00:00,93.7849347484,96.73678393649999
 12/10  05:00:00,96.5420488261,77.2046654012
 12/10  06:00:00,98.6664154817,99.32892400799999
 12/10  07:00:00,123.801520868,599.09935229
 12/10  08:00:00,119.14996976799999,533.735545264
 12/10  09:00:00,154.69773398200002,466.541116746
 12/10  10:00:00,127.26655864,451.046529525
 12/10  11:00:00,161.971764053,409.600228033
 12/10  12:00:00,193.35290714799999,380.219220493
 12/10  13:00:00,200.66141464900002,348.787915259
 12/10  14:00:00,197.79457688,344.57740623300003
 12/10  15:00:00,194.025407034,340.12115830700003
 12/10  16:00:00,190.653162134,335.328720523
 12/10  17:00:00,200.90034112599997,333.911701285
 12/10  18:00:00,175.909446752,384.984533311
 12/10  19:00:00,182.302394525,392.622006077
 12/10  20:00:00,162.469485194,385.389522051
 12/10  21:00:00,153.704415917,382.18530367
 12/10  22:00:00,139.39232369,333.948732835
 12/10  23:00:00,78.1627261062,2.9156619024299997
 12/10  24:00:00,114.11220584200001,1.77125
 12/11  01:00:00,85.3726413503,2.355
 12/11  02:00:00,86.7091851017,17.1430408111
 12/11  03:00:00,86.8566318495,16.7625667609
 12/11  04:00:00,91.2319955179,28.7534081904
 12/11  05:00:00,97.5755653795,32.1170941085
 12/11  06:00:00,92.74383349360001,24.563376533299998
 12/11  07:00:00,138.27754873799998,445.795172469
 12/11  08:00:00,137.14286307700002,405.873172006
 12/11  09:00:00,209.833152767,370.93253929900004
 12/11  10:00:00,233.90924805,333.543166009
 12/11  11:00:00,224.221847756,321.019602055
 12/11  12:00:00,254.955488125,308.51010496099997
 12/11  13:00:00,234.548007267,304.255885425
 12/11  14:00:00,231.47610512,299.063046917
 12/11  15:00:00,227.648212597,293.219445544
 12/11  16:00:00,224.235490681,299.53490693099997
 12/11  17:00:00,234.36532779700002,321.61459809400003
 12/11  18:00:00,237.679954949,341.396145997
 12/11  19:00:00,237.086254287,368.580693153
 12/11  20:00:00,220.760584658,405.19995139699995
 12/11  21:00:00,195.816679995,427.72490504800004
 12/11  22:00:00,138.98294608,413.22951189800006
 12/11  23:00:00,78.74381114479999,2.355
 12/11  24:00:00,127.64088585200001,46.1517844209
 12/12  01:00:00,101.08723114799999,77.6724712044
 12/12  02:00:00,91.1360254232,65.8932646347
 12/12  03:00:00,93.2390279341,100.47057605100001
 12/12  04:00:00,95.2390833858,109.752463551
 12/12  05:00:00,114.144397474,84.6956465018
 12/12  06:00:00,117.078451516,115.554021491
 12/12  07:00:00,154.497380621,609.2566927080001
 12/12  08:00:00,145.73356352,558.7523697290001
 12/12  09:00:00,209.652286139,499.955848904
 12/12  10:00:00,233.627529052,423.66819551300006
 12/12  11:00:00,223.890682525,382.269967072
 12/12  12:00:00,254.86332064400003,340.551719133
 12/12  13:00:00,234.79272946,319.807113615
 12/12  14:00:00,231.33518249099998,321.415154048
 12/12  15:00:00,227.430260318,322.751382069
 12/12  16:00:00,223.99562379,322.907621655
 12/12  17:00:00,234.19409018599998,323.162004585
 12/12  18:00:00,237.58118693900002,324.383042312
 12/12  19:00:00,237.061609651,335.296094076
 12/12  20:00:00,214.29648442099997,344.51989228800005
 12/12  21:00:00,189.78108764900003,352.613108785
 12/12  22:00:00,134.374299447,329.125598938
 12/12  23:00:00,79.2765705751,2.355
 12/12  24:00:00,115.126333297,3.49929610623
 12/13  01:00:00,92.2769680342,20.6513338211
 12/13  02:00:00,90.4565864092,35.004215577800004
 12/13  03:00:00,90.5041980609,37.526968996
 12/13  04:00:00,89.54748808139999,32.0696823492
 12/13  05:00:00,101.219535941,49.438828668999996
 12/13  06:00:00,100.980626247,50.077174353900006
 12/13  07:00:00,138.26816669,481.268042731
 12/13  08:00:00,137.075678778,443.188950892
 12/13  09:00:00,209.841453503,403.711298245
 12/13  10:00:00,234.087791993,354.872598436
 12/13  11:00:00,224.252522402,338.598135829
 12/13  12:00:00,254.98289338799998,325.58172599200003
 12/13  13:00:00,234.8010595,319.557340167
 12/13  14:00:00,231.60764273900003,315.75596468599997
 12/13  15:00:00,227.752235949,310.556759917
 12/13  16:00:00,224.340547485,303.82168453400004
 12/13  17:00:00,234.529807468,305.555256277
 12/13  18:00:00,237.90197255900003,309.11632573099996
 12/13  19:00:00,237.23798310700002,317.396395515
 12/13  20:00:00,221.088723837,325.443926642
 12/13  21:00:00,196.23448429200002,325.76422825
 12/13  22:00:00,139.27656409899998,296.177010898
 12/13  23:00:00,79.5124473867,3.4994932486400003
 12/13  24:00:00,115.21901449799999,2.355
 12/14  01:00:00,84.09361814270001,3.49923009828
 12/14  02:00:00,86.0088805506,18.1253936356
 12/14  03:00:00,90.3164819694,29.7383973593
 12/14  04:00:00,90.49200423959999,33.801072947899996
 12/14  05:00:00,93.1536068237,25.871661903299998
 12/14  06:00:00,98.29858317290001,40.3448246186
 12/14  07:00:00,138.399048218,440.14802442300004
 12/14  08:00:00,137.311407318,400.19813672099997
 12/14  09:00:00,209.99455165700002,362.615246045
 12/14  10:00:00,234.333477017,323.294173163
 12/14  11:00:00,224.53308107900003,312.30022451400004
 12/14  12:00:00,255.39280834299998,295.871621543
 12/14  13:00:00,235.86588222700001,285.859776662
 12/14  14:00:00,233.21038096799998,281.661011092
 12/14  15:00:00,229.983718695,278.88629677
 12/14  16:00:00,226.974748432,271.993442331
 12/14  17:00:00,237.482852885,266.569809126
 12/14  18:00:00,241.625500465,260.053670119
 12/14  19:00:00,241.325241585,262.36262323299997
 12/14  20:00:00,226.369144423,268.23768853
 12/14  21:00:00,201.51102406799998,271.52117600400004
 12/14  22:00:00,143.55088117100001,243.234326737
 12/14  23:00:00,84.67734070979999,3.4994903597500002
 12/14  24:00:00,119.70091037899999,2.355
 12/15  01:00:00,88.3350388408,2.355
 12/15  02:00:00,80.7193551232,3.4992931770699998
 12/15  03:00:00,79.997104047,2.355
 12/15  04:00:00,87.6829037599,16.1363096481
 12/15  05:00:00,114.060752236,28.7066360496
 12/15  06:00:00,113.990190668,26.530376102600002
 12/15  07:00:00,155.621797697,398.002089156
 12/15  08:00:00,147.983779747,364.171700947
 12/15  09:00:00,211.859837602,330.338968298
 12/15  10:00:00,236.926693791,293.686571723
 12/15  11:00:00,227.50041807099998,284.085688219
 12/15  12:00:00,258.255643425,274.011605088
 12/15  13:00:00,238.519689047,267.76226517099997
 12/15  14:00:00,235.51872989400002,263.931734196
 12/15  15:00:00,230.998032754,260.564223235
 12/15  16:00:00,227.35824578700002,256.395409874
 12/15  17:00:00,237.48306012,256.879918942
 12/15  18:00:00,240.41174323200002,266.920613165
 12/15  19:00:00,238.488525137,283.68164085
 12/15  20:00:00,214.868576803,300.976036807
 12/15  21:00:00,190.205917394,316.157661973
 12/15  22:00:00,134.554999964,297.544774914
 12/15  23:00:00,79.4990018543,3.4994551871199997
 12/15  24:00:00,115.204846565,2.355
 12/16  01:00:00,89.72978503270001,22.0497746562
 12/16  02:00:00,83.7918005869,26.1986494502
 12/16  03:00:00,88.10470841540001,43.065571101
 12/16  04:00:00,89.32605611620001,44.4295039178
 12/16  05:00:00,93.8606450437,33.9490748766
 12/16  06:00:00,99.3428415033,45.276208733999994
 12/16  07:00:00,123.882969839,496.94847147900003
 12/16  08:00:00,122.783932618,450.185261869
 12/16  09:00:00,182.310640849,415.86352484199995
 12/16  10:00:00,199.378675458,381.10107039999997
 12/16  11:00:00,224.138877378,355.822833343
 12/16  12:00:00,254.91327157700002,342.903793297
 12/16  13:00:00,234.640532167,337.71927843099996
 12/16  14:00:00,231.40503634599997,337.567577242
 12/16  15:00:00,227.570641224,332.18832274700003
 12/16  16:00:00,224.12001176299998,328.695796503
 12/16  17:00:00,234.293986055,329.33497727400004
 12/16  18:00:00,237.696209524,334.60989885
 12/16  19:00:00,223.36047278900003,361.42492772300005
 12/16  20:00:00,177.674431731,378.471196553
 12/16  21:00:00,167.465907015,383.827757043
 12/16  22:00:00,124.861256973,362.541930322
 12/16  23:00:00,76.7961043751,2.91580511991
 12/16  24:00:00,116.879717284,14.931196133199998
 12/17  01:00:00,94.10471907639999,44.821911030900004
 12/17  02:00:00,87.9951073567,41.5029663953
 12/17  03:00:00,92.8419095196,53.0168676651
 12/17  04:00:00,90.88954237799999,68.1885083713
 12/17  05:00:00,95.32229288149999,55.0828212396
 12/17  06:00:00,99.95986766989999,77.85483238229999
 12/17  07:00:00,123.585898185,647.836546605
 12/17  08:00:00,122.430030558,595.761996076
 12/17  09:00:00,154.602853961,513.840732305
 12/17  10:00:00,126.943614821,480.29412417099996
 12/17  11:00:00,161.7250852,433.55920694199995
 12/17  12:00:00,193.240369562,408.122149021
 12/17  13:00:00,200.384333501,376.36058032
 12/17  14:00:00,197.502016103,366.277888266
 12/17  15:00:00,193.716787808,360.087391557
 12/17  16:00:00,190.294365933,367.408905937
 12/17  17:00:00,200.459497188,374.873298024
 12/17  18:00:00,175.38443602099997,445.71928888800005
 12/17  19:00:00,181.962009267,469.64537704699995
 12/17  20:00:00,161.87079195799998,484.02941755800003
 12/17  21:00:00,153.034599416,499.39512973300003
 12/17  22:00:00,138.950927022,464.829776729
 12/17  23:00:00,76.45611976869999,1.77125
 12/17  24:00:00,126.007900636,48.447620202299994
 12/18  01:00:00,100.698822996,65.2592201539
 12/18  02:00:00,90.31305623530001,55.260126560100005
 12/18  03:00:00,94.8698352917,90.8808049885
 12/18  04:00:00,94.3347728938,92.0116389283
 12/18  05:00:00,96.8013441403,73.733116666
 12/18  06:00:00,101.89101519399999,116.634710953
 12/18  07:00:00,138.000161524,602.203314965
 12/18  08:00:00,136.60313058100002,553.4237356890001
 12/18  09:00:00,209.563970166,501.74696951699997
 12/18  10:00:00,233.57896243099998,450.966417008
 12/18  11:00:00,223.729463643,425.197072653
 12/18  12:00:00,254.741882031,396.44670975800005
 12/18  13:00:00,234.526590887,383.905357935
 12/18  14:00:00,231.054557881,379.78180786900003
 12/18  15:00:00,227.253522325,375.144734108
 12/18  16:00:00,223.84103102400002,378.100257566
 12/18  17:00:00,234.02585845,393.277334376
 12/18  18:00:00,237.383738935,410.66311068199997
 12/18  19:00:00,236.920297314,427.19197938300005
 12/18  20:00:00,220.639895034,444.690089792
 12/18  21:00:00,195.651639485,464.768697093
 12/18  22:00:00,138.935288649,447.053091764
 12/18  23:00:00,80.6592245037,9.43595030702
 12/18  24:00:00,130.787979259,64.4494643513
 12/19  01:00:00,96.5304768092,62.760684466
 12/19  02:00:00,94.7924154179,101.131401511
 12/19  03:00:00,94.317476289,101.40080426799999
 12/19  04:00:00,91.28360455110001,94.92466046870001
 12/19  05:00:00,119.678320668,150.601191382
 12/19  06:00:00,119.71396757,148.293969188
 12/19  07:00:00,154.47791234,680.5570392669999
 12/19  08:00:00,145.63221517899999,637.943694509
 12/19  09:00:00,209.613680981,578.184010997
 12/19  10:00:00,233.47878629299998,517.6186107990001
 12/19  11:00:00,223.638600715,490.057686163
 12/19  12:00:00,254.680332355,463.02296819099996
 12/19  13:00:00,234.458329903,445.232979363
 12/19  14:00:00,230.95604015900003,427.623423624
 12/19  15:00:00,227.179867885,418.949094875
 12/19  16:00:00,223.788790933,414.316161356
 12/19  17:00:00,233.988376578,424.863596666
 12/19  18:00:00,237.361782634,441.48451563699996
 12/19  19:00:00,236.90669310799998,457.23880016199996
 12/19  20:00:00,214.069118146,473.92156010699995
 12/19  21:00:00,189.466908956,487.129121924
 12/19  22:00:00,134.188188473,464.032189698
 12/19  23:00:00,80.6857546433,10.5857733921
 12/19  24:00:00,131.221366424,69.76898286859999
 12/20  01:00:00,97.23650240319999,67.2697846599
 12/20  02:00:00,94.1224286299,101.81382686799999
 12/20  03:00:00,95.1064452431,111.83260848299999
 12/20  04:00:00,91.9592393628,98.40922338840001
 12/20  05:00:00,102.94554128799999,138.365741512
 12/20  06:00:00,103.71251184299999,141.34961170100001
 12/20  07:00:00,137.965379373,638.473876484
 12/20  08:00:00,136.579421698,588.633157329
 12/20  09:00:00,209.55802977,519.710977106
 12/20  10:00:00,233.60532952,447.312036946
 12/20  11:00:00,223.788439846,411.843055947
 12/20  12:00:00,254.793154225,385.34366432900003
 12/20  13:00:00,234.691838128,371.29112501300006
 12/20  14:00:00,231.260761436,364.6838509
 12/20  15:00:00,227.45928387,356.74437669699995
 12/20  16:00:00,224.05791823200002,349.456076167
 12/20  17:00:00,234.228652919,358.567407975
 12/20  18:00:00,237.58576224,380.723110505
 12/20  19:00:00,237.032526015,406.450558694
 12/20  20:00:00,220.80404493400002,413.123052394
 12/20  21:00:00,195.818991882,424.325269773
 12/20  22:00:00,139.006929533,411.52460821
 12/20  23:00:00,78.79022740090001,3.4994965329300003
 12/20  24:00:00,129.71946293,52.067419639200004
 12/21  01:00:00,100.709985231,70.5790082611
 12/21  02:00:00,90.3235235122,61.204711780100006
 12/21  03:00:00,94.87550324790001,96.53703663600001
 12/21  04:00:00,94.39834083,95.28491268959999
 12/21  05:00:00,97.8386496465,83.94655444899999
 12/21  06:00:00,101.835721406,120.326542809
 12/21  07:00:00,138.011934648,608.233104767
 12/21  08:00:00,136.62194614700002,561.190297879
 12/21  09:00:00,209.567938112,509.129857417
 12/21  10:00:00,233.574724637,458.387000984
 12/21  11:00:00,223.79905752,417.121480823
 12/21  12:00:00,254.792954708,394.257226693
 12/21  13:00:00,234.629046864,385.36125158
 12/21  14:00:00,231.20144755799998,378.48759762300006
 12/21  15:00:00,227.38217592900003,367.30462571699996
 12/21  16:00:00,223.969778775,367.61753384199994
 12/21  17:00:00,234.151714721,381.282011035
 12/21  18:00:00,237.509178273,396.867199536
 12/21  19:00:00,237.004786754,418.691657625
 12/21  20:00:00,220.755753792,438.927975845
 12/21  21:00:00,195.73109109400002,451.922712097
 12/21  22:00:00,138.956767785,442.366917841
 12/21  23:00:00,80.6877633685,10.3557016933
 12/21  24:00:00,130.973607751,63.1695552679
 12/22  01:00:00,96.5097313679,61.623624381899994
 12/22  02:00:00,94.8481415899,94.6930367925
 12/22  03:00:00,94.3994084348,88.48641484219999
 12/22  04:00:00,90.244817238,71.3448898679
 12/22  05:00:00,117.3319291,99.8180923241
 12/22  06:00:00,116.946302838,84.62939256760001
 12/22  07:00:00,154.63338622,539.774370105
 12/22  08:00:00,146.03141869700002,484.026223394
 12/22  09:00:00,209.84011932400003,424.599636753
 12/22  10:00:00,234.101780083,358.00048768199997
 12/22  11:00:00,224.328530827,325.862899599
 12/22  12:00:00,255.171589096,290.91167974900003
 12/22  13:00:00,235.805109827,275.44773940700003
 12/22  14:00:00,233.94220142,263.15377841099996
 12/22  15:00:00,230.650989575,253.129520977
 12/22  16:00:00,227.50095716,246.41494334200002
 12/22  17:00:00,237.79453066,246.14429519400002
 12/22  18:00:00,241.13336580000004,249.037656657
 12/22  19:00:00,240.228414979,260.87561129799997
 12/22  20:00:00,217.600752073,270.85313610000003
 12/22  21:00:00,192.891748815,274.642600897
 12/22  22:00:00,136.634941298,248.35428810099998
 12/22  23:00:00,82.79494375670001,2.355
 12/22  24:00:00,118.162075145,2.355
 12/23  01:00:00,84.70696889050001,2.91568969232
 12/23  02:00:00,77.6289512412,1.77125
 12/23  03:00:00,77.2880466562,2.9155557382099997
 12/23  04:00:00,85.666322073,12.819194830199999
 12/23  05:00:00,92.4743470093,13.5652413639
 12/23  06:00:00,96.55810361649999,21.6036258489
 12/23  07:00:00,125.723924184,380.442358909
 12/23  08:00:00,125.25276501100001,348.934825652
 12/23  09:00:00,185.03813567400002,308.075025228
 12/23  10:00:00,203.586512088,257.733007391
 12/23  11:00:00,229.513039892,229.99588374599998
 12/23  12:00:00,260.485655801,215.278255669
 12/23  13:00:00,242.19378381599998,203.560748885
 12/23  14:00:00,239.644124747,199.653138552
 12/23  15:00:00,235.75796714400002,200.117868373
 12/23  16:00:00,232.238229794,204.203476027
 12/23  17:00:00,242.015618839,214.915830226
 12/23  18:00:00,244.66202699,225.42745528700002
 12/23  19:00:00,229.300794978,243.665318713
 12/23  20:00:00,184.313242572,254.33020326599998
 12/23  21:00:00,173.660100793,259.331367961
 12/23  22:00:00,130.24040849600001,234.378907012
 12/23  23:00:00,83.8925553261,2.9157141099699997
 12/23  24:00:00,118.93160769200001,1.77125
 12/24  01:00:00,88.27595430219999,1.77125
 12/24  02:00:00,81.02594600890001,2.91555129782
 12/24  03:00:00,80.1054710394,1.77125
 12/24  04:00:00,79.2233110678,1.77125
 12/24  05:00:00,93.7698094485,15.3116299352
 12/24  06:00:00,93.64527654940001,14.9681218557
 12/24  07:00:00,126.920291076,415.68913864
 12/24  08:00:00,127.429718256,378.697788478
 12/24  09:00:00,158.907436592,332.48881076
 12/24  10:00:00,132.660596356,322.340935854
 12/24  11:00:00,167.817644079,293.444411231
 12/24  12:00:00,199.207295313,283.113232108
 12/24  13:00:00,207.003751337,263.39153610799997
 12/24  14:00:00,205.20595302700002,257.226537732
 12/24  15:00:00,201.08262235400002,253.465162656
 12/24  16:00:00,198.10794636900002,248.40474041099998
 12/24  17:00:00,208.56560730599998,248.70272256200002
 12/24  18:00:00,183.46990679,284.901794132
 12/24  19:00:00,188.71432719999999,302.383992703
 12/24  20:00:00,168.950273143,306.343008688
 12/24  21:00:00,159.428562866,310.102374146
 12/24  22:00:00,144.451701778,266.66622469099997
 12/24  23:00:00,83.9196151494,2.9156687661
 12/24  24:00:00,119.01249825299999,1.77125
 12/25  01:00:00,88.022102054,2.9155804727599994
 12/25  02:00:00,80.7314927101,1.77125
 12/25  03:00:00,80.0065842426,1.77125
 12/25  04:00:00,83.5377608579,9.524995796699999
 12/25  05:00:00,94.0810372866,14.9738016326
 12/25  06:00:00,97.776820611,20.8915893253
 12/25  07:00:00,126.532334152,418.181149245
 12/25  08:00:00,125.777849799,384.281058484
 12/25  09:00:00,157.36942278,343.855889803
 12/25  10:00:00,130.306346806,335.89274315299997
 12/25  11:00:00,165.02518395,310.66573535599997
 12/25  12:00:00,196.065912361,302.592514833
 12/25  13:00:00,203.545143235,281.230985101
 12/25  14:00:00,201.44796525799998,273.571558886
 12/25  15:00:00,197.78823434400002,264.481207956
 12/25  16:00:00,194.491987209,257.876617142
 12/25  17:00:00,204.529897378,262.942170757
 12/25  18:00:00,179.405588648,305.62620915900004
 12/25  19:00:00,185.606245389,322.141251457
 12/25  20:00:00,165.84932315,318.976268257
 12/25  21:00:00,156.515461721,315.557939898
 12/25  22:00:00,141.201490184,274.582985362
 12/25  23:00:00,80.1158792445,1.77125
 12/25  24:00:00,115.622614364,1.77125
 12/26  01:00:00,86.9391166279,3.4992220836900003
 12/26  02:00:00,80.07390478229999,2.355
 12/26  03:00:00,79.5920410845,2.355
 12/26  04:00:00,87.8677701479,16.037105548299998
 12/26  05:00:00,114.585547777,23.318424068899997
 12/26  06:00:00,114.896335329,22.719772904899997
 12/26  07:00:00,156.148552325,388.83317811800003
 12/26  08:00:00,148.524838875,351.96831023
 12/26  09:00:00,212.43686872900003,316.191817574
 12/26  10:00:00,238.212597794,279.929127014
 12/26  11:00:00,228.845010204,269.977838384
 12/26  12:00:00,259.058315833,250.67730756400002
 12/26  13:00:00,238.959673367,241.371173088
 12/26  14:00:00,235.032614942,240.046164095
 12/26  15:00:00,231.55127071799998,234.299882836
 12/26  16:00:00,227.78151358,233.648074247
 12/26  17:00:00,237.756812583,239.781731563
 12/26  18:00:00,240.8365736,244.51673697099997
 12/26  19:00:00,239.432099552,257.567537049
 12/26  20:00:00,216.68136440900003,268.440087621
 12/26  21:00:00,192.03626565099998,279.088929865
 12/26  22:00:00,136.801801921,249.61225404299998
 12/26  23:00:00,83.3904169102,2.355
 12/26  24:00:00,118.82795024,3.49937457379
 12/27  01:00:00,87.75866777819999,2.355
 12/27  02:00:00,80.4891793958,2.355
 12/27  03:00:00,79.94443679279999,3.4992658853500003
 12/27  04:00:00,83.7159724674,9.240341877619999
 12/27  05:00:00,94.9673312987,15.5975169572
 12/27  06:00:00,99.1838108855,21.3490805673
 12/27  07:00:00,140.42484463,383.47939309199995
 12/27  08:00:00,140.562858593,346.13544602400003
 12/27  09:00:00,213.34744852,306.833743803
 12/27  10:00:00,238.978543606,264.461790398
 12/27  11:00:00,229.815165183,238.32269686400002
 12/27  12:00:00,261.113095473,212.65035851099998
 12/27  13:00:00,242.684357819,196.529072672
 12/27  14:00:00,240.963406039,173.82348253900003
 12/27  15:00:00,237.73184663700002,163.190515859
 12/27  16:00:00,234.65505114599998,160.07288562600002
 12/27  17:00:00,244.536475331,176.572634317
 12/27  18:00:00,247.001228403,200.733119264
 12/27  19:00:00,244.854808875,216.09441417099998
 12/27  20:00:00,229.66374741099997,224.049711221
 12/27  21:00:00,203.95165241900003,235.573153624
 12/27  22:00:00,145.990205252,207.02652148599998
 12/27  23:00:00,87.69479083600001,2.355
 12/27  24:00:00,122.459830826,3.4993693342800003
 12/28  01:00:00,92.2222594801,2.355
 12/28  02:00:00,84.8513521505,2.355
 12/28  03:00:00,84.2670036006,3.4992873589699998
 12/28  04:00:00,83.74070850529999,2.355
 12/28  05:00:00,90.0356213847,2.355
 12/28  06:00:00,89.4161376878,3.49926101339
 12/28  07:00:00,143.005730323,342.957578996
 12/28  08:00:00,144.32095679,310.339813063
 12/28  09:00:00,216.699984959,284.904619336
 12/28  10:00:00,242.25521058400003,257.937968933
 12/28  11:00:00,232.06138117,250.10411333599998
 12/28  12:00:00,261.630825387,240.708044069
 12/28  13:00:00,241.870022572,238.238050582
 12/28  14:00:00,238.999017562,234.59235184099998
 12/28  15:00:00,235.00311679599997,232.38564310400002
 12/28  16:00:00,231.656639565,227.140958189
 12/28  17:00:00,241.552481755,236.270823707
 12/28  18:00:00,243.93394581400003,243.50361936
 12/28  19:00:00,242.087292614,250.48956729900002
 12/28  20:00:00,226.381823508,257.377266723
 12/28  21:00:00,200.985678321,260.690419626
 12/28  22:00:00,143.314364492,232.33800858799998
 12/28  23:00:00,84.6139070856,3.4994850896
 12/28  24:00:00,119.89994696,2.355
 12/29  01:00:00,89.0308357924,2.355
 12/29  02:00:00,81.9442823839,3.4992576288699997
 12/29  03:00:00,81.4848731603,2.355
 12/29  04:00:00,80.9467330029,2.355
 12/29  05:00:00,111.425932762,15.7972942472
 12/29  06:00:00,111.63118997299999,15.343739779000002
 12/29  07:00:00,156.981348476,383.17243119
 12/29  08:00:00,149.836253972,346.10361173
 12/29  09:00:00,213.48854345200002,309.719530422
 12/29  10:00:00,238.78533681,272.491615898
 12/29  11:00:00,228.79370675200002,253.35477413799998
 12/29  12:00:00,258.723571958,245.992440446
 12/29  13:00:00,238.231885842,242.38148674599998
 12/29  14:00:00,234.87932355799998,239.642416146
 12/29  15:00:00,230.220482749,237.79779818
 12/29  16:00:00,226.361943863,236.031771268
 12/29  17:00:00,236.380616035,241.727961404
 12/29  18:00:00,239.45133751,246.10358202400002
 12/29  19:00:00,238.50635156099997,253.01085638799998
 12/29  20:00:00,216.324807328,259.740228864
 12/29  21:00:00,191.91716851700002,264.45235195099997
 12/29  22:00:00,136.080060528,234.631548788
 12/29  23:00:00,82.0174075166,3.49948162678
 12/29  24:00:00,117.569709785,2.355
 12/30  01:00:00,84.37182501720001,2.9156437484900004
 12/30  02:00:00,77.18365442609999,1.77125
 12/30  03:00:00,76.56417979220001,1.77125
 12/30  04:00:00,84.5634577415,15.249941333599999
 12/30  05:00:00,91.2536363519,15.0634865373
 12/30  06:00:00,95.11707449010001,23.769160885
 12/30  07:00:00,124.72405054,392.14528262199997
 12/30  08:00:00,123.812741046,357.81948498199995
 12/30  09:00:00,184.142305147,329.386871386
 12/30  10:00:00,202.92954617,287.129055108
 12/30  11:00:00,229.18012017400002,262.86434894900003
 12/30  12:00:00,260.70160193099997,248.831302439
 12/30  13:00:00,241.851112034,244.191612635
 12/30  14:00:00,239.14062971599998,238.658621891
 12/30  15:00:00,235.211496667,235.60504794099998
 12/30  16:00:00,231.798558095,233.659220822
 12/30  17:00:00,241.84124628400002,239.236183815
 12/30  18:00:00,244.893796422,246.91769676
 12/30  19:00:00,228.911258246,265.477945549
 12/30  20:00:00,183.336280762,276.480103079
 12/30  21:00:00,172.370262613,280.230153282
 12/30  22:00:00,128.934464114,254.330417166
 12/30  23:00:00,82.5376271893,2.9157399120300003
 12/30  24:00:00,118.00762278799999,1.77125
 12/31  01:00:00,86.9703228134,1.77125
 12/31  02:00:00,79.7816396075,2.9155804376
 12/31  03:00:00,79.0386377703,1.77125
 12/31  04:00:00,86.8215868346,14.1416269747
 12/31  05:00:00,93.5745120368,16.0856219422
 12/31  06:00:00,93.4116088805,15.0981381897
 12/31  07:00:00,126.441227073,425.66157695199996
 12/31  08:00:00,126.592261318,387.117349231
 12/31  09:00:00,158.436866783,343.796724617
 12/31  10:00:00,132.086735538,331.207191865
 12/31  11:00:00,167.421063165,301.056443768
 12/31  12:00:00,198.505850887,290.95530398799997
 12/31  13:00:00,206.104577145,270.817421912
 12/31  14:00:00,202.58728238400002,271.952416995
 12/31  15:00:00,197.97795167299998,271.798822339
 12/31  16:00:00,194.35674049,267.45347008
 12/31  17:00:00,204.475666205,267.26210085900004
 12/31  18:00:00,178.86444340900002,314.981225669
 12/31  19:00:00,183.900578104,337.020928922
 12/31  20:00:00,163.62997225799998,340.20822556
 12/31  21:00:00,154.730862325,343.350586044
 12/31  22:00:00,140.11580618600001,300.877970192
 12/31  23:00:00,78.9487650107,1.77125
 12/31  24:00:00,114.633263378,1.77125
