Date/Time,Electricity:Facility [kW](Hourly),Gas:Facility [kW](Hourly)
 01/01  01:00:00,17.9903482962,49.683062971400005
 01/01  02:00:00,17.9643240692,49.0744662392
 01/01  03:00:00,19.1089073795,71.3093584211
 01/01  04:00:00,18.271495588900002,55.0083570417
 01/01  05:00:00,19.3121796182,75.2150917811
 01/01  06:00:00,18.3936714029,57.325306117299995
 01/01  07:00:00,19.574946299,80.3301431016
 01/01  08:00:00,15.661215248800001,62.0038475996
 01/01  09:00:00,10.629873246499999,79.664258671
 01/01  10:00:00,9.17575408751,51.316563596
 01/01  11:00:00,9.38993787995,55.340937324399995
 01/01  12:00:00,8.15263643041,31.5645972477
 01/01  13:00:00,8.30733081412,34.6417224934
 01/01  14:00:00,7.644416679400001,21.867338079
 01/01  15:00:00,7.928636770700001,27.4517630914
 01/01  16:00:00,7.62686908209,21.713088157399998
 01/01  17:00:00,11.372439003,36.6152870889
 01/01  18:00:00,17.0777884514,31.9498988227
 01/01  19:00:00,17.8383051663,46.6625504548
 01/01  20:00:00,17.25850404,35.4621430302
 01/01  21:00:00,17.8890702114,47.690235550299995
 01/01  22:00:00,17.2312126027,34.9727944858
 01/01  23:00:00,17.8589533195,47.1522596981
 01/01  24:00:00,17.2440308254,35.246289097399995
 01/02  01:00:00,17.972562177,49.36602209270001
 01/02  02:00:00,17.3969043458,38.199998881199996
 01/02  03:00:00,18.1594389232,52.994510721400005
 01/02  04:00:00,17.4908281123,40.0256130612
 01/02  05:00:00,18.291234781300002,55.559387603199994
 01/02  06:00:00,17.6108195732,42.3500485271
 01/02  07:00:00,26.4709176894,72.1365301854
 01/02  08:00:00,43.9866568576,49.3925356976
 01/02  09:00:00,57.5164630143,32.9656563159
 01/02  10:00:00,69.4905118851,20.5994801525
 01/02  11:00:00,69.4905118851,20.5752317884
 01/02  12:00:00,69.4905118851,29.1723519056
 01/02  13:00:00,62.9976876107,38.339759931799996
 01/02  14:00:00,69.4905118851,39.8517800633
 01/02  15:00:00,69.4905118851,41.5011517262
 01/02  16:00:00,69.4905118851,43.4347580941
 01/02  17:00:00,72.4648452185,46.6702160864
 01/02  18:00:00,31.821858285100003,45.059882949300004
 01/02  19:00:00,17.7750599727,44.72511521770001
 01/02  20:00:00,18.7860673186,64.38786772489999
 01/02  21:00:00,18.042591069,50.1505609173
 01/02  22:00:00,19.101362841700002,70.7346578593
 01/02  23:00:00,18.2305318709,53.9069706396
 01/02  24:00:00,19.2586519522,73.9150039013
 01/03  01:00:00,18.314818755,55.6183663911
 01/03  02:00:00,19.3480399571,75.7354175684
 01/03  03:00:00,18.3763538612,56.866582118100006
 01/03  04:00:00,19.4159908865,77.1195683527
 01/03  05:00:00,18.4163819027,57.6928089135
 01/03  06:00:00,19.4588774733,78.0144184432
 01/03  07:00:00,26.4461156593,94.0057997757
 01/03  08:00:00,43.9742558425,81.9393064537
 01/03  09:00:00,57.5164630143,70.1082894776
 01/03  10:00:00,69.4905118851,60.0778427725
 01/03  11:00:00,69.4905118851,54.2875778056
 01/03  12:00:00,69.4905118851,48.734874737
 01/03  13:00:00,62.9976876107,48.727265754399994
 01/03  14:00:00,69.4905118851,47.9629108338
 01/03  15:00:00,69.4905118851,49.0101251611
 01/03  16:00:00,69.4905118851,52.93791978270001
 01/03  17:00:00,72.4648452185,57.834388089099996
 01/03  18:00:00,32.3600307755,55.3305984068
 01/03  19:00:00,18.429558426099998,57.819472660100004
 01/03  20:00:00,19.461289012,77.2047523896
 01/03  21:00:00,18.672253517799998,62.894976347
 01/03  22:00:00,19.7289541616,82.5549542428
 01/03  23:00:00,19.0409471058,68.7919066731
 01/03  24:00:00,20.2980370975,94.3982479724
 01/04  01:00:00,19.3520162547,79.8813575078
 01/04  02:00:00,20.483786445699998,104.64648114200001
 01/04  03:00:00,19.5418125761,90.7610926209
 01/04  04:00:00,20.781429738900002,119.17795040799999
 01/04  05:00:00,19.845483748499998,106.98057414600001
 01/04  06:00:00,21.0810853096,132.639269668
 01/04  07:00:00,26.7001411491,163.888902388
 01/04  08:00:00,44.2158803173,148.91070290000002
 01/04  09:00:00,57.745686473999996,136.510999183
 01/04  10:00:00,69.7197353448,125.40895369100001
 01/04  11:00:00,69.7197353448,117.886415655
 01/04  12:00:00,69.7197353448,107.600052088
 01/04  13:00:00,63.2269110704,105.98292687
 01/04  14:00:00,69.7197353448,98.0517266822
 01/04  15:00:00,69.7197353448,97.653407462
 01/04  16:00:00,69.7197353448,98.95850835360001
 01/04  17:00:00,72.6940686782,107.19929865200001
 01/04  18:00:00,34.3004705888,120.02885455200001
 01/04  19:00:00,20.1991875006,137.846156025
 01/04  20:00:00,21.92148801,179.913903498
 01/04  21:00:00,20.6964586454,161.923680679
 01/04  22:00:00,22.297015460500003,198.017501027
 01/04  23:00:00,20.9737513472,177.07770840599997
 01/04  24:00:00,22.539503772399996,209.944727825
 01/05  01:00:00,21.1317298415,185.26292074900002
 01/05  02:00:00,22.694579924299997,217.262880906
 01/05  03:00:00,21.235055721,190.43881335400002
 01/05  04:00:00,22.748874923800003,218.938430729
 01/05  05:00:00,21.2031917337,187.780918834
 01/05  06:00:00,22.6807509754,215.282710777
 01/05  07:00:00,26.7001411491,246.970920989
 01/05  08:00:00,44.2158803173,221.393076805
 01/05  09:00:00,57.745686473999996,189.793846885
 01/05  10:00:00,69.7197353448,155.005697669
 01/05  11:00:00,69.7197353448,129.175978899
 01/05  12:00:00,69.7197353448,109.516649606
 01/05  13:00:00,63.2269110704,92.2129361734
 01/05  14:00:00,69.41610579479999,77.18282428149999
 01/05  15:00:00,69.41610579479999,76.0782817021
 01/05  16:00:00,69.4285068098,73.9804242572
 01/05  17:00:00,72.41524115819999,74.0191253798
 01/05  18:00:00,32.9231879962,65.20585588760001
 01/05  19:00:00,19.013997495,75.38135992069999
 01/05  20:00:00,20.1884547102,100.719209869
 01/05  21:00:00,19.2611879864,85.278855441
 01/05  22:00:00,20.3228427858,105.422040085
 01/05  23:00:00,19.3129931025,86.9167630923
 01/05  24:00:00,20.379783728499998,107.15205946
 01/06  01:00:00,19.335029823,87.0472733718
 01/06  02:00:00,20.3373301817,105.635951849
 01/06  03:00:00,19.386887888,89.62970138540001
 01/06  04:00:00,20.4563068464,109.520387469
 01/06  05:00:00,19.4492539369,92.7717980675
 01/06  06:00:00,20.5880750751,115.864758708
 01/06  07:00:00,26.7001411491,141.70679803
 01/06  08:00:00,44.2158803173,125.662285528
 01/06  09:00:00,57.745686473999996,104.668575178
 01/06  10:00:00,69.5173156448,83.2543793422
 01/06  11:00:00,69.4285068098,69.9646132895
 01/06  12:00:00,69.4781108701,56.5382592821
 01/06  13:00:00,62.9976876107,47.1745915009
 01/06  14:00:00,69.4905118851,40.4128202805
 01/06  15:00:00,69.4905118851,38.703820347
 01/06  16:00:00,69.4905118851,39.0342350601
 01/06  17:00:00,70.9776785518,45.0500117895
 01/06  18:00:00,32.1322512829,50.79616266399999
 01/06  19:00:00,18.320374547100002,55.0149161601
 01/06  20:00:00,19.6834953747,81.61533014390001
 01/06  21:00:00,18.9108989016,64.35982309020001
 01/06  22:00:00,20.090324818699997,86.58836917149999
 01/06  23:00:00,19.004202873,68.3385871042
 01/06  24:00:00,20.2387519675,95.44934992540001
 01/07  01:00:00,19.1764401049,77.89733903060001
 01/07  02:00:00,20.5182064879,107.992137113
 01/07  03:00:00,19.4190394839,90.0757916717
 01/07  04:00:00,20.8105561167,121.557588955
 01/07  05:00:00,19.706924222999998,106.32327535299999
 01/07  06:00:00,21.2971506127,144.104880638
 01/07  07:00:00,20.1120889258,128.065873339
 01/07  08:00:00,23.7258078158,206.8003399
 01/07  09:00:00,18.7887408272,187.98996891099998
 01/07  10:00:00,28.4856546183,154.291410125
 01/07  11:00:00,28.4856546183,117.158728639
 01/07  12:00:00,28.4856546183,84.3400487463
 01/07  13:00:00,17.524116524100002,67.77348676449999
 01/07  14:00:00,17.5231156593,58.6810680283
 01/07  15:00:00,17.547917689400002,53.7112929617
 01/07  16:00:00,17.547917689400002,53.641432934300006
 01/07  17:00:00,10.4125757612,45.2696488299
 01/07  18:00:00,17.8362936278,45.83683694850001
 01/07  19:00:00,18.9806134849,67.667627219
 01/07  20:00:00,18.2429864373,54.1276792666
 01/07  21:00:00,19.1433216755,71.0482047318
 01/07  22:00:00,18.2614572293,54.6890580166
 01/07  23:00:00,19.1585911884,71.4717521334
 01/07  24:00:00,18.3017751552,55.602137621400004
 01/08  01:00:00,19.1973039304,72.2983561553
 01/08  02:00:00,18.3860017421,57.3265506236
 01/08  03:00:00,19.435211919100002,76.96357306600001
 01/08  04:00:00,18.6070448641,61.704108750500005
 01/08  05:00:00,19.8468690879,81.7129096463
 01/08  06:00:00,19.0035902815,66.2895061279
 01/08  07:00:00,19.9941142646,85.7231110454
 01/08  08:00:00,16.0966758038,70.8768533401
 01/08  09:00:00,11.019578602200001,86.0295379288
 01/08  10:00:00,9.40965484738,55.2759557691
 01/08  11:00:00,9.50152138938,57.1142787108
 01/08  12:00:00,8.27332619661,33.8948685497
 01/08  13:00:00,8.39076172792,35.8106366429
 01/08  14:00:00,7.6906771848,22.5581403889
 01/08  15:00:00,8.038359981080001,29.0324055324
 01/08  16:00:00,7.7023052317100005,22.8270178398
 01/08  17:00:00,9.80289898643,34.6314736772
 01/08  18:00:00,17.0358245426,31.062281778499997
 01/08  19:00:00,17.873290334100002,47.17180327
 01/08  20:00:00,17.3660244941,37.5601593488
 01/08  21:00:00,18.1430512605,52.469645109
 01/08  22:00:00,17.5417120151,40.9952106847
 01/08  23:00:00,18.3090789391,55.7382463881
 01/08  24:00:00,17.607193723199998,42.3160932696
 01/09  01:00:00,18.3653297002,56.8829426805
 01/09  02:00:00,17.6423079472,43.0319852251
 01/09  03:00:00,18.4486139936,58.534385135600004
 01/09  04:00:00,17.7215830672,44.5857265792
 01/09  05:00:00,18.4620217851,58.8269442427
 01/09  06:00:00,17.733083789000002,44.8376974079
 01/09  07:00:00,26.4709176894,79.7591475142
 01/09  08:00:00,43.9866568576,59.7116333603
 01/09  09:00:00,57.5164630143,50.1919389022
 01/09  10:00:00,69.4905118851,40.1903603151
 01/09  11:00:00,69.4905118851,34.7064457931
 01/09  12:00:00,69.4905118851,31.7452587082
 01/09  13:00:00,62.9976876107,31.126085763400003
 01/09  14:00:00,69.4905118851,28.2231136469
 01/09  15:00:00,69.4905118851,24.9540256911
 01/09  16:00:00,69.4905118851,22.5302979042
 01/09  17:00:00,70.9776785518,24.1246841017
 01/09  18:00:00,30.9260837761,28.234890174
 01/09  19:00:00,17.0625654575,31.2749590405
 01/09  20:00:00,17.8772487508,46.946681875900005
 01/09  21:00:00,17.3644953491,37.3301652333
 01/09  22:00:00,18.1022134078,51.4384452008
 01/09  23:00:00,17.505544140399998,40.1502656988
 01/09  24:00:00,18.3242725502,55.848728676
 01/10  01:00:00,17.649140044,42.991668026599996
 01/10  02:00:00,18.4447887823,58.2664245985
 01/10  03:00:00,17.7915016052,45.8249922809
 01/10  04:00:00,18.8889088183,66.9737100927
 01/10  05:00:00,18.1569521802,52.9234931921
 01/10  06:00:00,19.260430566300002,74.2606311777
 01/10  07:00:00,26.4709176894,94.0503238725
 01/10  08:00:00,43.9866568576,81.8184588137
 01/10  09:00:00,57.5164630143,69.1444982978
 01/10  10:00:00,69.4905118851,54.219649278999995
 01/10  11:00:00,69.4905118851,40.2329300647
 01/10  12:00:00,69.4905118851,26.3519424737
 01/10  13:00:00,62.9976876107,17.5355744668
 01/10  14:00:00,69.4905118851,9.7059618744
 01/10  15:00:00,69.4905118851,6.384971022239999
 01/10  16:00:00,69.4905118851,7.88030925263
 01/10  17:00:00,70.9776785518,12.6559356677
 01/10  18:00:00,30.6967429668,23.860517788200003
 01/10  19:00:00,16.957148696300003,28.8331429514
 01/10  20:00:00,18.0031374272,49.072555496199996
 01/10  21:00:00,17.5936282284,41.351292115
 01/10  22:00:00,18.5682414034,60.1725278103
 01/10  23:00:00,17.8887624513,47.1510254803
 01/10  24:00:00,18.9493588976,67.6995668669
 01/11  01:00:00,18.2114833534,53.48029141560001
 01/11  02:00:00,19.3476653908,75.5609426636
 01/11  03:00:00,18.4693938444,58.5375810179
 01/11  04:00:00,19.743869866300003,83.3838674838
 01/11  05:00:00,18.779464548099998,64.6067600102
 01/11  06:00:00,20.0920234562,90.25245179049999
 01/11  07:00:00,26.5483263741,114.473942795
 01/11  08:00:00,42.5768988756,104.36087077799999
 01/11  09:00:00,57.442056923900005,92.3174883449
 01/11  10:00:00,69.4409078249,79.0666737563
 01/11  11:00:00,69.4781108701,68.45626872529999
 01/11  12:00:00,69.4905118851,56.867864355100004
 01/11  13:00:00,62.9976876107,51.4480234738
 01/11  14:00:00,69.4905118851,47.556192643
 01/11  15:00:00,69.4905118851,49.7015405275
 01/11  16:00:00,69.4905118851,50.8610641872
 01/11  17:00:00,70.9776785518,53.5957997982
 01/11  18:00:00,32.1919135274,51.89355449399999
 01/11  19:00:00,18.205548709200002,52.905764562600005
 01/11  20:00:00,19.4454797311,76.786921305
 01/11  21:00:00,18.6678073171,62.1628459338
 01/11  22:00:00,20.228057088,91.9183091521
 01/11  23:00:00,19.3018829477,80.6633956226
 01/11  24:00:00,20.6887087482,114.35699785899999
 01/12  01:00:00,19.628083216900002,99.1872596824
 01/12  02:00:00,20.9861269738,128.676872914
 01/12  03:00:00,19.7628826849,107.098894549
 01/12  04:00:00,21.1190957222,135.124756885
 01/12  05:00:00,19.8879593688,114.055742743
 01/12  06:00:00,21.2714063082,141.825795594
 01/12  07:00:00,26.7001411491,159.97466924100002
 01/12  08:00:00,42.7287136506,135.207653989
 01/12  09:00:00,57.745686473999996,107.791390474
 01/12  10:00:00,69.46671071979999,78.1268687238
 01/12  11:00:00,69.465709855,62.0247693434
 01/12  12:00:00,69.4905118851,49.4509924224
 01/12  13:00:00,62.9976876107,42.634299516599995
 01/12  14:00:00,69.4905118851,36.9865701479
 01/12  15:00:00,69.4905118851,35.4379523545
 01/12  16:00:00,69.4905118851,36.915911855
 01/12  17:00:00,70.9776785518,43.36140653
 01/12  18:00:00,31.8654008626,45.7097614847
 01/12  19:00:00,17.9407821796,47.722845872
 01/12  20:00:00,19.259075129,73.3598648218
 01/12  21:00:00,18.5551476994,59.8914140324
 01/12  22:00:00,20.0127954254,87.75254687600001
 01/12  23:00:00,19.216350735,75.96064957520001
 01/12  24:00:00,20.4851040982,103.15899783299999
 01/13  01:00:00,19.3253082322,83.0726647742
 01/13  02:00:00,20.743435515799998,116.39796158
 01/13  03:00:00,19.692198403800003,102.27195370700001
 01/13  04:00:00,21.2155057752,137.018847774
 01/13  05:00:00,19.9669298654,117.00668869
 01/13  06:00:00,21.5360574541,152.584479557
 01/13  07:00:00,26.7001411491,186.233193145
 01/13  08:00:00,42.7287136506,176.79426276799998
 01/13  09:00:00,57.745686473999996,159.26924522299998
 01/13  10:00:00,69.7197353448,132.408503757
 01/13  11:00:00,69.7197353448,108.777695035
 01/13  12:00:00,69.7197353448,87.02247312680001
 01/13  13:00:00,62.973886445299996,74.9237152592
 01/13  14:00:00,69.4533088399,64.6153627495
 01/13  15:00:00,69.4905118851,58.98017005609999
 01/13  16:00:00,69.4905118851,59.3557436417
 01/13  17:00:00,70.9776785518,65.8949125868
 01/13  18:00:00,32.877052888499996,64.9653135675
 01/13  19:00:00,19.2423915478,83.8487470092
 01/13  20:00:00,20.803655528,124.197279116
 01/13  21:00:00,19.7390645684,109.667057146
 01/13  22:00:00,21.216092730699998,143.72759192799998
 01/13  23:00:00,20.0607250433,127.22626438299999
 01/13  24:00:00,21.615879826599997,161.534367182
 01/14  01:00:00,20.3189220027,140.628696129
 01/14  02:00:00,21.915721631,175.378425367
 01/14  03:00:00,20.4943790177,149.490677686
 01/14  04:00:00,21.9210822048,174.92864698099999
 01/14  05:00:00,20.3659282817,143.076361695
 01/14  06:00:00,21.8874555579,173.573647102
 01/14  07:00:00,20.343087399999998,140.240658752
 01/14  08:00:00,22.238641149099998,196.144274817
 01/14  09:00:00,18.7887408272,165.42898186600002
 01/14  10:00:00,28.4856546183,138.944906094
 01/14  11:00:00,28.4856546183,112.19335293
 01/14  12:00:00,28.4856546183,87.6988606889
 01/14  13:00:00,17.625326374100002,75.2956311558
 01/14  14:00:00,17.485912614100002,62.2459528122
 01/14  15:00:00,17.547917689400002,54.21997317899999
 01/14  16:00:00,17.547917689400002,50.819946065299995
 01/14  17:00:00,10.176645907100001,40.8512500426
 01/14  18:00:00,17.6349914679,42.0046119023
 01/14  19:00:00,18.835927750299998,64.8739995514
 01/14  20:00:00,18.2996576121,55.2429887328
 01/14  21:00:00,19.3789182135,75.6030320564
 01/14  22:00:00,18.5304872329,59.9223031074
 01/14  23:00:00,19.587930553,78.6913373525
 01/14  24:00:00,18.9345060269,64.5475693075
 01/15  01:00:00,19.9574251653,84.6036750051
 01/15  02:00:00,18.9765112352,66.4659734609
 01/15  03:00:00,19.958907655,85.5282318329
 01/15  04:00:00,18.9684104832,66.2745211611
 01/15  05:00:00,19.8641707753,81.7796662299
 01/15  06:00:00,18.9045224265,63.7119156751
 01/15  07:00:00,19.6907271866,78.4095260786
 01/15  08:00:00,13.984745894100001,58.672435395
 01/15  09:00:00,10.2389047299,71.7923212887
 01/15  10:00:00,9.201938284839999,52.4713347346
 01/15  11:00:00,9.642602053480001,60.2917032954
 01/15  12:00:00,8.54102085876,39.516412602399996
 01/15  13:00:00,8.84214855746,44.936692698
 01/15  14:00:00,8.131949036349999,31.792179985100002
 01/15  15:00:00,8.40644650332,36.6245420124
 01/15  16:00:00,7.78572755989,24.890029151599997
 01/15  17:00:00,9.747903070560001,33.6634311948
 01/15  18:00:00,17.0935700397,32.451132727600005
 01/15  19:00:00,17.9645108376,48.755669931599996
 01/15  20:00:00,17.5517941059,41.359395884
 01/15  21:00:00,18.3533058329,56.2247478129
 01/15  22:00:00,17.8482956574,47.12240360770001
 01/15  23:00:00,18.8391274863,65.5796068208
 01/15  24:00:00,18.2714475696,55.349073758900005
 01/16  01:00:00,19.4566968535,77.609999376
 01/16  02:00:00,18.786589043499998,65.46555173520001
 01/16  03:00:00,19.9207563651,86.70450267860001
 01/16  04:00:00,19.2267155774,74.8958700867
 01/16  05:00:00,20.6969155309,110.39101297100001
 01/16  06:00:00,19.7866171076,100.994353031
 01/16  07:00:00,21.1867944298,134.448156567
 01/16  08:00:00,15.6546848267,119.199422414
 01/16  09:00:00,12.3926672,142.022581212
 01/16  10:00:00,10.9694138451,112.713859705
 01/16  11:00:00,11.842863723699999,123.52451529999999
 01/16  12:00:00,10.459177667999999,90.5336657651
 01/16  13:00:00,11.206101585699999,97.8621941125
 01/16  14:00:00,9.96148911366,68.5406137624
 01/16  15:00:00,10.7464706855,79.1288009779
 01/16  16:00:00,9.8807756057,61.3771963322
 01/16  17:00:00,10.949848819300001,82.3309615996
 01/16  18:00:00,19.1103519309,71.6711468256
 01/16  19:00:00,20.243466671700002,97.2910908241
 01/16  20:00:00,19.2809164547,80.9378918337
 01/16  21:00:00,20.2937105302,99.5276589586
 01/16  22:00:00,19.3041257434,82.9603488485
 01/16  23:00:00,20.4246539502,105.537267104
 01/16  24:00:00,19.3952337526,87.103691043
 01/17  01:00:00,20.526715674600002,110.37200042
 01/17  02:00:00,19.5313251921,94.1770478443
 01/17  03:00:00,20.6625652182,116.393805739
 01/17  04:00:00,19.5715228829,96.4690451626
 01/17  05:00:00,20.681940637,117.425118346
 01/17  06:00:00,19.544440141,94.7799127693
 01/17  07:00:00,26.7001411491,145.74568774600002
 01/17  08:00:00,42.7287136506,118.62676885
 01/17  09:00:00,57.745686473999996,101.260777393
 01/17  10:00:00,69.5173156448,87.24633074190001
 01/17  11:00:00,69.41610579479999,80.1498480898
 01/17  12:00:00,69.41610579479999,76.7737536947
 01/17  13:00:00,62.923281520299994,81.58386238359999
 01/17  14:00:00,69.4409078249,75.5253845579
 01/17  15:00:00,69.4409078249,74.2555984511
 01/17  16:00:00,69.4409078249,74.1114707023
 01/17  17:00:00,69.4409078249,75.19774102689999
 01/17  18:00:00,32.847353911999996,64.2051377267
 01/17  19:00:00,19.0220725001,74.4261003222
 01/17  20:00:00,20.2075073032,100.86689739200001
 01/17  21:00:00,19.2920615552,86.6260147258
 01/17  22:00:00,20.3920533431,108.68726260700001
 01/17  23:00:00,19.3983302967,91.6375599405
 01/17  24:00:00,20.485006071300003,112.766290541
 01/18  01:00:00,19.4564822734,94.5967739707
 01/18  02:00:00,20.5226517151,114.695863251
 01/18  03:00:00,19.475977039900002,95.4781026551
 01/18  04:00:00,20.5410426155,115.289877716
 01/18  05:00:00,19.5029548814,96.3723478682
 01/18  06:00:00,20.6119275174,117.30873853799999
 01/18  07:00:00,26.7001411491,137.963270669
 01/18  08:00:00,42.7287136506,111.74157024700001
 01/18  09:00:00,57.745686473999996,91.35590514110001
 01/18  10:00:00,69.41610579479999,78.5609434558
 01/18  11:00:00,69.4409078249,70.4602326811
 01/18  12:00:00,69.4781108701,61.0792569635
 01/18  13:00:00,62.9976876107,51.577569412799996
 01/18  14:00:00,69.4905118851,38.9862462814
 01/18  15:00:00,69.4905118851,31.6028743508
 01/18  16:00:00,69.4905118851,29.862283959699997
 01/18  17:00:00,69.4905118851,36.08549721
 01/18  18:00:00,31.804909084000002,44.6326702321
 01/18  19:00:00,18.085083196,50.539077901899994
 01/18  20:00:00,19.5489087283,79.0668519478
 01/18  21:00:00,18.774990366300003,63.7982922901
 01/18  22:00:00,20.357386387000002,95.8797867884
 01/18  23:00:00,19.2693526103,79.0896965543
 01/18  24:00:00,20.5956329416,110.107972268
 01/19  01:00:00,19.446555841400002,90.7525885825
 01/19  02:00:00,20.7134880116,117.069274957
 01/19  03:00:00,19.5213268689,96.8196926749
 01/19  04:00:00,20.8979741616,126.30466521
 01/19  05:00:00,19.6358567999,102.60136523700001
 01/19  06:00:00,20.881973698499998,125.614288787
 01/19  07:00:00,26.7001411491,142.524071253
 01/19  08:00:00,42.7287136506,122.273267436
 01/19  09:00:00,57.745686473999996,104.156082055
 01/19  10:00:00,69.5679205698,87.0837245333
 01/19  11:00:00,69.41610579479999,80.8614699085
 01/19  12:00:00,69.4285068098,80.0626391902
 01/19  13:00:00,62.9356825354,83.1692695763
 01/19  14:00:00,69.4409078249,76.0649883575
 01/19  15:00:00,69.4533088399,72.6353449145
 01/19  16:00:00,69.465709855,73.46438808239999
 01/19  17:00:00,69.4781108701,70.890685804
 01/19  18:00:00,32.7849883147,63.4109273319
 01/19  19:00:00,19.049900975699998,70.83004638220001
 01/19  20:00:00,20.3298100198,103.73925190799999
 01/19  21:00:00,19.714371002100002,105.48979149899999
 01/19  22:00:00,21.3693311532,149.933694113
 01/19  23:00:00,20.4707872579,142.843339056
 01/19  24:00:00,22.0108712623,178.647171412
 01/20  01:00:00,20.9182706081,166.818943038
 01/20  02:00:00,22.6411951839,209.909292968
 01/20  03:00:00,21.4681362879,197.246232196
 01/20  04:00:00,23.1702516303,236.252957386
 01/20  05:00:00,21.8004489004,215.62558661900002
 01/20  06:00:00,23.742293166,261.896674457
 01/20  07:00:00,26.7001411491,308.58373554900004
 01/20  08:00:00,42.7287136506,280.52950374799997
 01/20  09:00:00,57.745686473999996,257.008467418
 01/20  10:00:00,69.7197353448,237.216300433
 01/20  11:00:00,69.7197353448,215.01439289099997
 01/20  12:00:00,69.7197353448,185.51629102200002
 01/20  13:00:00,63.2269110704,158.259063704
 01/20  14:00:00,69.7197353448,135.780398386
 01/20  15:00:00,69.7197353448,120.016970011
 01/20  16:00:00,69.7197353448,111.128175384
 01/20  17:00:00,69.7197353448,121.652244231
 01/20  18:00:00,34.5070129823,133.27429932299998
 01/20  19:00:00,20.3427683074,147.591998661
 01/20  20:00:00,22.0998921237,191.70945141200002
 01/20  21:00:00,20.8969403844,176.96457246
 01/20  22:00:00,22.455376717199997,207.700574376
 01/20  23:00:00,20.9181029266,175.421320993
 01/20  24:00:00,22.313437261999997,199.321393674
 01/21  01:00:00,20.8130102093,168.428276981
 01/21  02:00:00,22.2322185551,195.126660548
 01/21  03:00:00,20.8539976156,170.508310736
 01/21  04:00:00,22.4237938658,204.159564542
 01/21  05:00:00,21.0805034804,181.621898434
 01/21  06:00:00,22.6643825825,214.84595443900002
 01/21  07:00:00,21.2689008706,192.34379456099998
 01/21  08:00:00,22.238641149099998,277.488578779
 01/21  09:00:00,18.7887408272,258.891365203
 01/21  10:00:00,28.4856546183,237.089517789
 01/21  11:00:00,28.4856546183,212.654320042
 01/21  12:00:00,28.4856546183,191.285804902
 01/21  13:00:00,17.7771411491,181.57511752099998
 01/21  14:00:00,17.7771411491,166.635762644
 01/21  15:00:00,17.7771411491,158.554097452
 01/21  16:00:00,17.7771411491,155.745961916
 01/21  17:00:00,11.3571277855,125.563657387
 01/21  18:00:00,19.8523145424,122.78366617399999
 01/21  19:00:00,21.387605820999998,157.150341606
 01/21  20:00:00,20.2112230396,137.414311404
 01/21  21:00:00,21.565500811,163.901888768
 01/21  22:00:00,20.28503782,139.79170142700002
 01/21  23:00:00,21.6582622758,167.6329125
 01/21  24:00:00,20.3772858134,143.499873933
 01/22  01:00:00,21.6718142372,167.169457215
 01/22  02:00:00,20.3990164582,144.59444808
 01/22  03:00:00,21.8121130497,172.85803606599998
 01/22  04:00:00,20.4626388952,146.021442554
 01/22  05:00:00,21.7374958966,168.68777116799998
 01/22  06:00:00,20.579970248,148.3298024
 01/22  07:00:00,22.031726209200002,175.131921363
 01/22  08:00:00,15.9828237548,140.724929743
 01/22  09:00:00,12.6612985903,160.74711811
 01/22  10:00:00,11.380157175399999,133.197657666
 01/22  11:00:00,12.176910093800002,140.32297404
 01/22  12:00:00,10.6365504088,101.387916929
 01/22  13:00:00,11.4404663821,104.409974463
 01/22  14:00:00,9.82568719454,63.2010292257
 01/22  15:00:00,10.0590752064,68.3721330562
 01/22  16:00:00,9.065176011230001,49.6143706071
 01/22  17:00:00,9.82630916231,63.6308876708
 01/22  18:00:00,18.2958053555,55.7775658507
 01/22  19:00:00,19.8569330242,86.0766710776
 01/22  20:00:00,19.2684111517,81.8250621793
 01/22  21:00:00,20.5754042656,113.788332176
 01/22  22:00:00,19.7385632009,106.98250708200001
 01/22  23:00:00,21.198357575,141.95343583
 01/22  24:00:00,20.079020262,123.461373619
 01/23  01:00:00,21.366719649100002,150.028118707
 01/23  02:00:00,20.194658483399998,130.481900435
 01/23  03:00:00,21.5129200152,156.575629684
 01/23  04:00:00,20.255439471099997,133.015725388
 01/23  05:00:00,21.513873015,156.443955071
 01/23  06:00:00,20.304983566300002,135.80094001
 01/23  07:00:00,26.7001411491,205.37871533599997
 01/23  08:00:00,42.7287136506,175.374076173
 01/23  09:00:00,57.745686473999996,163.796223033
 01/23  10:00:00,69.7197353448,154.265268291
 01/23  11:00:00,69.7197353448,149.183826771
 01/23  12:00:00,69.7197353448,134.742815336
 01/23  13:00:00,63.2269110704,126.812249439
 01/23  14:00:00,69.7197353448,122.65379265600001
 01/23  15:00:00,69.7197353448,126.288006528
 01/23  16:00:00,69.7197353448,126.99628626200001
 01/23  17:00:00,69.7197353448,127.776642541
 01/23  18:00:00,34.4224648378,127.60920487700001
 01/23  19:00:00,20.188064740999998,138.883562756
 01/23  20:00:00,21.876892886,178.21590273400003
 01/23  21:00:00,20.6369672667,159.12362698200002
 01/23  22:00:00,22.303646998,198.680874294
 01/23  23:00:00,21.0945154289,183.85358603900002
 01/23  24:00:00,22.796934109299997,222.415989543
 01/24  01:00:00,21.3145985445,195.265210582
 01/24  02:00:00,22.9437869783,231.124218083
 01/24  03:00:00,21.5378253602,208.79405596400002
 01/24  04:00:00,23.262521648699998,246.878005062
 01/24  05:00:00,21.790624211599997,221.99242978900003
 01/24  06:00:00,23.482932295900003,257.308371255
 01/24  07:00:00,26.7001411491,298.08611506299997
 01/24  08:00:00,42.7287136506,274.846579816
 01/24  09:00:00,57.745686473999996,236.210338317
 01/24  10:00:00,69.7197353448,181.86352463400002
 01/24  11:00:00,69.7197353448,125.797949082
 01/24  12:00:00,69.6185254948,80.8373450895
 01/24  13:00:00,62.9480835504,60.376454136999996
 01/24  14:00:00,69.4905118851,47.510162076499995
 01/24  15:00:00,69.4905118851,43.7771405138
 01/24  16:00:00,69.4905118851,47.025764217299994
 01/24  17:00:00,69.4905118851,51.3628870646
 01/24  18:00:00,30.5293575196,48.598838271300004
 01/24  19:00:00,18.018224667200002,49.3801656521
 01/24  20:00:00,19.2249661638,72.6435149302
 01/24  21:00:00,18.483133315899998,58.702033201899994
 01/24  22:00:00,20.0862709258,91.01863580940001
 01/24  23:00:00,19.408099344500002,89.00832823340001
 01/24  24:00:00,20.9789746978,128.687552449
 01/25  01:00:00,19.9391379549,116.17108044700001
 01/25  02:00:00,21.5471498257,154.55394238
 01/25  03:00:00,20.2600570633,132.625085734
 01/25  04:00:00,21.689284351199998,161.166919502
 01/25  05:00:00,20.2133103908,130.837751178
 01/25  06:00:00,21.518040926599998,153.083045771
 01/25  07:00:00,26.7001411491,175.66576648900002
 01/25  08:00:00,42.7287136506,156.86398069999998
 01/25  09:00:00,57.745686473999996,140.232234156
 01/25  10:00:00,69.7197353448,125.64751735200001
 01/25  11:00:00,69.7197353448,115.877530612
 01/25  12:00:00,69.7197353448,99.40767049530001
 01/25  13:00:00,63.2269110704,87.9601859335
 01/25  14:00:00,69.41610579479999,81.3421324561
 01/25  15:00:00,69.41610579479999,81.2898422223
 01/25  16:00:00,69.41610579479999,80.7086462449
 01/25  17:00:00,69.41610579479999,86.09424303860001
 01/25  18:00:00,32.2596098201,92.85401519620001
 01/25  19:00:00,19.966758643,126.125485662
 01/25  20:00:00,21.8298082227,173.691683496
 01/25  21:00:00,20.615392041,154.52037654
 01/25  22:00:00,22.1901226295,191.02467602
 01/25  23:00:00,20.9990521167,175.27280515900003
 01/25  24:00:00,22.6403688118,213.025794016
 01/26  01:00:00,21.3738803955,195.07792549200002
 01/26  02:00:00,23.0373147815,232.416803727
 01/26  03:00:00,21.6754175117,211.65644817900002
 01/26  04:00:00,23.368491535300002,249.62209029099998
 01/26  05:00:00,21.9401399244,226.241226262
 01/26  06:00:00,23.5811632326,260.67301607
 01/26  07:00:00,26.7001411491,303.13171313099997
 01/26  08:00:00,42.7287136506,287.55594756200003
 01/26  09:00:00,57.745686473999996,262.740913819
 01/26  10:00:00,69.7197353448,223.583811837
 01/26  11:00:00,69.7197353448,184.75036398900002
 01/26  12:00:00,69.7197353448,158.434757942
 01/26  13:00:00,63.2269110704,137.503522599
 01/26  14:00:00,69.7197353448,109.27039650399999
 01/26  15:00:00,69.7197353448,98.0617409332
 01/26  16:00:00,69.7197353448,93.2089043335
 01/26  17:00:00,69.7197353448,102.74459229
 01/26  18:00:00,32.712672775,119.017399521
 01/26  19:00:00,20.2515195147,141.492129679
 01/26  20:00:00,22.0144503792,186.486851205
 01/26  21:00:00,20.912879805899998,174.781064482
 01/26  22:00:00,22.5347573632,211.778897103
 01/26  23:00:00,21.207288850599998,190.18169561599998
 01/26  24:00:00,22.7381294837,221.683216867
 01/27  01:00:00,21.3181430247,196.50836771
 01/27  02:00:00,22.854603714099998,227.069277327
 01/27  03:00:00,21.407777081099997,200.254116884
 01/27  04:00:00,23.032040662800004,235.706999997
 01/27  05:00:00,21.671974738299998,214.24646160900002
 01/27  06:00:00,23.290802079299997,247.63738548900002
 01/27  07:00:00,26.7001411491,287.683476608
 01/27  08:00:00,42.7287136506,267.021362017
 01/27  09:00:00,57.745686473999996,240.897061227
 01/27  10:00:00,69.7197353448,207.04641487599997
 01/27  11:00:00,69.7197353448,163.629452564
 01/27  12:00:00,69.7197353448,122.844382548
 01/27  13:00:00,63.2269110704,106.391343643
 01/27  14:00:00,69.6185254948,81.7106469585
 01/27  15:00:00,69.4285068098,69.6291930109
 01/27  16:00:00,69.4533088399,68.0740393543
 01/27  17:00:00,69.4409078249,74.1604622279
 01/27  18:00:00,31.868046142399997,78.9989239363
 01/27  19:00:00,19.5824001686,104.01462297
 01/27  20:00:00,21.2090691006,145.619752959
 01/27  21:00:00,20.2765956722,137.946887149
 01/27  22:00:00,21.893601471799997,177.249671814
 01/27  23:00:00,20.7926791352,164.306071899
 01/27  24:00:00,22.3145954335,196.874912878
 01/28  01:00:00,20.945026881300002,172.492690295
 01/28  02:00:00,22.3829121437,200.946600003
 01/28  03:00:00,21.0485141363,178.591996055
 01/28  04:00:00,22.572334971500002,210.301263787
 01/28  05:00:00,21.1553303439,183.468400132
 01/28  06:00:00,22.5225685855,207.091398118
 01/28  07:00:00,21.0851719661,179.86388597
 01/28  08:00:00,22.238641149099998,255.311816377
 01/28  09:00:00,18.7887408272,231.627215961
 01/28  10:00:00,28.4856546183,203.52338387900002
 01/28  11:00:00,28.4856546183,175.590179389
 01/28  12:00:00,28.4856546183,149.621455441
 01/28  13:00:00,17.7771411491,141.141361787
 01/28  14:00:00,17.7771411491,136.568179169
 01/28  15:00:00,17.7771411491,133.805648966
 01/28  16:00:00,17.7771411491,134.436966501
 01/28  17:00:00,11.090538455399999,112.526626569
 01/28  18:00:00,18.184194415,111.229612676
 01/28  19:00:00,21.1200027242,143.05490208
 01/28  20:00:00,19.995234103199998,124.46659786200001
 01/28  21:00:00,21.3195470427,150.984937323
 01/28  22:00:00,20.0965522899,128.68704649100002
 01/28  23:00:00,21.3998039002,153.962443329
 01/28  24:00:00,20.159312158800002,130.848240186
 01/29  01:00:00,21.4410617925,155.1184686
 01/29  02:00:00,20.1755886567,131.385549415
 01/29  03:00:00,21.4594576124,155.892136217
 01/29  04:00:00,20.1987018787,132.36448261
 01/29  05:00:00,21.485923896,156.81441569
 01/29  06:00:00,20.2150529414,133.008313325
 01/29  07:00:00,21.4945550567,157.306748241
 01/29  08:00:00,14.249223478800001,132.771547874
 01/29  09:00:00,12.353228033499999,150.875909638
 01/29  10:00:00,10.995389456600002,121.13057888899999
 01/29  11:00:00,11.9210674498,133.318742625
 01/29  12:00:00,10.5331822762,100.51183731399999
 01/29  13:00:00,11.4276363791,111.024882536
 01/29  14:00:00,10.1591880871,81.9328413832
 01/29  15:00:00,11.0892701916,97.09585231530001
 01/29  16:00:00,10.23310048,81.0258988874
 01/29  17:00:00,11.317885202000001,100.597610039
 01/29  18:00:00,17.874517903599997,88.3592551434
 01/29  19:00:00,20.7645892253,118.516585941
 01/29  20:00:00,19.6382449576,100.085346516
 01/29  21:00:00,20.8412480036,125.78934279
 01/29  22:00:00,19.7433363477,106.18134243899999
 01/29  23:00:00,20.917768114,129.35352035399998
 01/29  24:00:00,19.8358420159,111.368700014
 01/30  01:00:00,21.1349331074,134.72835407600002
 01/30  02:00:00,19.7981169999,108.05852901
 01/30  03:00:00,20.9222810433,128.706210629
 01/30  04:00:00,19.761670288599998,106.81119314700001
 01/30  05:00:00,20.9673670551,131.01385309
 01/30  06:00:00,19.902908589000003,114.393838785
 01/30  07:00:00,26.7001411491,176.107015839
 01/30  08:00:00,41.241546984,147.419417128
 01/30  09:00:00,57.745686473999996,124.838172294
 01/30  10:00:00,69.7197353448,106.48760278399999
 01/30  11:00:00,69.7197353448,95.9535614022
 01/30  12:00:00,69.6185254948,86.2001946147
 01/30  13:00:00,63.0750962953,85.0633647717
 01/30  14:00:00,69.41610579479999,80.4654463457
 01/30  15:00:00,69.41610579479999,75.1695754422
 01/30  16:00:00,69.4409078249,72.677051544
 01/30  17:00:00,69.4409078249,73.8821547568
 01/30  18:00:00,31.6209416157,70.86633111479999
 01/30  19:00:00,19.3609011954,91.0044136964
 01/30  20:00:00,20.8121384385,127.20495955700001
 01/30  21:00:00,19.9256676445,118.458366093
 01/30  22:00:00,21.3199451431,149.378026771
 01/30  23:00:00,20.2484129226,134.34262096
 01/30  24:00:00,21.7233848954,168.155427149
 01/31  01:00:00,20.606237129300002,153.098519529
 01/31  02:00:00,22.0857999438,184.90542224599997
 01/31  03:00:00,20.8522835258,166.19216986700002
 01/31  04:00:00,22.3624056699,198.66146210099998
 01/31  05:00:00,21.0313651089,176.00915452700002
 01/31  06:00:00,22.5448274621,208.31796707599997
 01/31  07:00:00,26.7001411491,243.930546521
 01/31  08:00:00,41.241546984,218.228757187
 01/31  09:00:00,57.745686473999996,193.14502608400002
 01/31  10:00:00,69.7197353448,160.348807937
 01/31  11:00:00,69.7197353448,129.25874744799998
 01/31  12:00:00,69.7197353448,104.72341862799999
 01/31  13:00:00,63.1763061454,83.97959529970001
 01/31  14:00:00,69.4285068098,69.02282756390001
 01/31  15:00:00,69.4781108701,62.9330670339
 01/31  16:00:00,69.4905118851,57.963230215100005
 01/31  17:00:00,69.4905118851,58.394167493199994
 01/31  18:00:00,30.977966092,57.2486863143
 01/31  19:00:00,18.7170679026,64.303117368
 01/31  20:00:00,20.326684943,104.06076425399999
 01/31  21:00:00,19.4433778519,95.0245898131
 01/31  22:00:00,20.8273439426,125.548066735
 01/31  23:00:00,19.600328945,101.994812195
 01/31  24:00:00,20.794887298499997,123.84084571
 02/01  01:00:00,19.4861110406,96.2028714818
 02/01  02:00:00,20.547078462400002,113.515176535
 02/01  03:00:00,19.245151825,84.7037782883
 02/01  04:00:00,20.259805667000002,101.15017163700001
 02/01  05:00:00,19.074948887999998,76.5073650376
 02/01  06:00:00,20.188168056400002,98.4487299661
 02/01  07:00:00,26.7001411491,120.455322366
 02/01  08:00:00,41.241546984,103.03963677899999
 02/01  09:00:00,57.492661848900006,78.8770764729
 02/01  10:00:00,69.465709855,58.7056557082
 02/01  11:00:00,69.4905118851,42.2494236232
 02/01  12:00:00,69.4905118851,27.7740906826
 02/01  13:00:00,62.9976876107,17.589355002999998
 02/01  14:00:00,69.4905118851,8.532643359249999
 02/01  15:00:00,69.4905118851,5.69104951964
 02/01  16:00:00,69.4905118851,6.01349800256
 02/01  17:00:00,69.4905118851,7.6368205941100005
 02/01  18:00:00,27.5166222894,20.036984030899998
 02/01  19:00:00,17.354386219600002,36.3012754249
 02/01  20:00:00,17.8216781426,46.0613409201
 02/01  21:00:00,18.309565837,54.8253959225
 02/01  22:00:00,18.3780459505,57.166800138599996
 02/01  23:00:00,18.7818095157,64.02252686279999
 02/01  24:00:00,18.631623099400002,62.3146791431
 02/02  01:00:00,18.9190130502,66.76185269439999
 02/02  02:00:00,18.80519888,65.8578555341
 02/02  03:00:00,19.1655743293,71.58349735520001
 02/02  04:00:00,18.9977739481,69.756735369
 02/02  05:00:00,19.362297948,75.417495851
 02/02  06:00:00,19.293390181,74.60767581180001
 02/02  07:00:00,26.7001411491,110.771287718
 02/02  08:00:00,40.9379174339,93.63229239280001
 02/02  09:00:00,57.454457938999994,81.688918049
 02/02  10:00:00,69.4781108701,69.394793451
 02/02  11:00:00,69.4905118851,60.923679318000005
 02/02  12:00:00,69.4905118851,54.0263959917
 02/02  13:00:00,62.9976876107,48.2173659063
 02/02  14:00:00,69.4905118851,39.428533929699995
 02/02  15:00:00,69.4905118851,33.8681331647
 02/02  16:00:00,69.4905118851,33.0711877127
 02/02  17:00:00,69.4905118851,35.0005462427
 02/02  18:00:00,28.404246797800003,36.6297882275
 02/02  19:00:00,17.5604239951,40.8710446114
 02/02  20:00:00,18.556432983900002,59.681360009399995
 02/02  21:00:00,18.0234671439,50.2257524075
 02/02  22:00:00,18.9250420251,67.0066181766
 02/02  23:00:00,18.151693349000002,52.887414251
 02/02  24:00:00,18.9929978299,68.4369517097
 02/03  01:00:00,18.2277323624,54.490827001599996
 02/03  02:00:00,19.1066059798,70.7248981011
 02/03  03:00:00,18.3113493165,56.2083000011
 02/03  04:00:00,19.1812914918,72.2320060128
 02/03  05:00:00,18.3707009362,57.4199163908
 02/03  06:00:00,19.2337678742,73.2935677859
 02/03  07:00:00,26.433714644200002,90.3057616892
 02/03  08:00:00,41.0123235242,78.61569516760001
 02/03  09:00:00,57.5164630143,67.01185538989999
 02/03  10:00:00,69.4905118851,60.082498109300005
 02/03  11:00:00,69.4905118851,59.0381311332
 02/03  12:00:00,69.4905118851,56.9231240671
 02/03  13:00:00,62.9976876107,57.0932715817
 02/03  14:00:00,69.4905118851,57.2928874991
 02/03  15:00:00,69.4905118851,61.87718283939999
 02/03  16:00:00,69.4905118851,60.733143884700006
 02/03  17:00:00,69.4905118851,61.2617754916
 02/03  18:00:00,29.4192006311,56.079363238
 02/03  19:00:00,18.4194536559,57.369703565600005
 02/03  20:00:00,19.8427639366,84.5918697263
 02/03  21:00:00,19.253715419000002,77.6442260907
 02/03  22:00:00,20.6850760776,113.37215636299999
 02/03  23:00:00,19.7005746203,101.858575989
 02/03  24:00:00,21.2393566497,138.925723745
 02/04  01:00:00,20.0671850885,121.451376237
 02/04  02:00:00,21.5744493665,155.210700028
 02/04  03:00:00,20.2922820305,134.073028544
 02/04  04:00:00,21.8809710833,168.871502354
 02/04  05:00:00,20.5462453023,147.224914641
 02/04  06:00:00,22.2373726261,185.53523873900002
 02/04  07:00:00,20.8178246746,162.418011712
 02/04  08:00:00,20.7514744825,240.705484294
 02/04  09:00:00,18.7887408272,217.010778275
 02/04  10:00:00,28.4856546183,197.358167351
 02/04  11:00:00,28.4856546183,181.485321617
 02/04  12:00:00,28.4856546183,165.650124821
 02/04  13:00:00,17.7771411491,156.944800583
 02/04  14:00:00,17.7771411491,141.529763345
 02/04  15:00:00,17.7771411491,128.681090859
 02/04  16:00:00,17.7771411491,123.56285693299999
 02/04  17:00:00,10.883883217200001,102.274988755
 02/04  18:00:00,16.6781903879,109.556223189
 02/04  19:00:00,21.3083397556,151.601495805
 02/04  20:00:00,20.3773665025,143.808334795
 02/04  21:00:00,21.9088720693,179.42375591
 02/04  22:00:00,20.7512665999,163.890018624
 02/04  23:00:00,22.3012400648,198.34595527599998
 02/04  24:00:00,21.0754272906,181.60584437400001
 02/05  01:00:00,22.6908272312,217.462924735
 02/05  02:00:00,21.340891081800002,195.52301492200002
 02/05  03:00:00,22.862327329099998,225.387094154
 02/05  04:00:00,21.3262478071,193.880770303
 02/05  05:00:00,22.7197420269,218.57223211
 02/05  06:00:00,21.2456747353,189.894675721
 02/05  07:00:00,22.6927706769,217.18093131
 02/05  08:00:00,15.2801823449,189.090904555
 02/05  09:00:00,13.4397915958,204.233279265
 02/05  10:00:00,11.6633655567,158.37375621799998
 02/05  11:00:00,12.4070529102,158.214165106
 02/05  12:00:00,10.7682023245,113.346257201
 02/05  13:00:00,11.6414121666,121.29158109
 02/05  14:00:00,10.4572846231,94.54928619959999
 02/05  15:00:00,11.3471019156,106.99378943200001
 02/05  16:00:00,10.279811934,83.7495267219
 02/05  17:00:00,11.1504143856,95.9691514532
 02/05  18:00:00,16.2714560434,84.18490943569999
 02/05  19:00:00,20.5389507229,114.131922128
 02/05  20:00:00,19.677154475,104.135931095
 02/05  21:00:00,20.8638278648,128.130510831
 02/05  22:00:00,19.7596727144,108.74592411100001
 02/05  23:00:00,20.9791477324,134.511579589
 02/05  24:00:00,19.9031391057,115.825087416
 02/06  01:00:00,21.0471961738,137.076013995
 02/06  02:00:00,19.889883728,115.814020645
 02/06  03:00:00,20.9356728775,132.554075599
 02/06  04:00:00,19.7054329823,106.727726834
 02/06  05:00:00,20.8644746201,130.087273464
 02/06  06:00:00,19.9596559888,120.30534389200001
 02/06  07:00:00,26.7001411491,198.452891412
 02/06  08:00:00,41.241546984,184.33161919
 02/06  09:00:00,57.745686473999996,166.358371415
 02/06  10:00:00,69.7197353448,139.122691145
 02/06  11:00:00,69.7197353448,113.629606847
 02/06  12:00:00,69.7197353448,98.87897897200001
 02/06  13:00:00,63.2269110704,95.18773138549999
 02/06  14:00:00,69.6185254948,81.942076821
 02/06  15:00:00,69.41610579479999,78.5527602623
 02/06  16:00:00,69.41610579479999,79.5898849459
 02/06  17:00:00,69.41610579479999,85.5443079908
 02/06  18:00:00,30.8954708016,98.4291725942
 02/06  19:00:00,20.0288795737,125.626425614
 02/06  20:00:00,21.8316055817,174.09618587900002
 02/06  21:00:00,20.8457223982,166.47634761700002
 02/06  22:00:00,22.5361457964,207.271886032
 02/06  23:00:00,21.3176876938,191.89569624799998
 02/06  24:00:00,23.0074237754,230.970335022
 02/07  01:00:00,21.657289961300002,210.95113360099998
 02/07  02:00:00,23.376435497600003,250.359379224
 02/07  03:00:00,21.996512439,229.71666564
 02/07  04:00:00,23.7103814364,267.951554522
 02/07  05:00:00,22.2438817198,244.05809669
 02/07  06:00:00,23.937624342600003,281.958609893
 02/07  07:00:00,26.7001411491,332.39034544
 02/07  08:00:00,41.241546984,314.375398003
 02/07  09:00:00,57.745686473999996,282.15255621200004
 02/07  10:00:00,69.7197353448,239.224992917
 02/07  11:00:00,69.7197353448,199.832463294
 02/07  12:00:00,69.7197353448,167.548830587
 02/07  13:00:00,63.2269110704,146.725183456
 02/07  14:00:00,69.7197353448,118.7865896
 02/07  15:00:00,69.7197353448,98.8099250109
 02/07  16:00:00,69.7197353448,87.4990946123
 02/07  17:00:00,69.7197353448,89.7705939281
 02/07  18:00:00,30.9666001208,104.01758733
 02/07  19:00:00,20.0557680181,129.84777749100002
 02/07  20:00:00,21.8542591221,176.968665735
 02/07  21:00:00,20.710757356,161.02307282799998
 02/07  22:00:00,22.1304057989,189.295301796
 02/07  23:00:00,20.7785529191,164.454878045
 02/07  24:00:00,22.130456084200002,188.73212183
 02/08  01:00:00,20.6860808336,158.329455224
 02/08  02:00:00,21.8935422175,176.950323001
 02/08  03:00:00,20.4912003889,148.006440746
 02/08  04:00:00,21.7544319811,170.603974883
 02/08  05:00:00,20.4805512206,147.438001273
 02/08  06:00:00,21.792147916399998,171.965256702
 02/08  07:00:00,26.7001411491,196.141230245
 02/08  08:00:00,39.7543803173,166.687660499
 02/08  09:00:00,57.745686473999996,137.653590794
 02/08  10:00:00,69.7197353448,105.437442144
 02/08  11:00:00,69.5679205698,76.7564489438
 02/08  12:00:00,69.4285068098,67.16159759680001
 02/08  13:00:00,62.9480835504,69.05227534859999
 02/08  14:00:00,69.4781108701,59.76919327939999
 02/08  15:00:00,69.4905118851,52.5077837739
 02/08  16:00:00,69.4905118851,52.521360781400006
 02/08  17:00:00,69.4905118851,57.4141329644
 02/08  18:00:00,29.439348742600004,56.2170982326
 02/08  19:00:00,18.656027261400002,62.5757635234
 02/08  20:00:00,20.3808103283,104.49638932
 02/08  21:00:00,19.4976804114,96.34091773809999
 02/08  22:00:00,21.0302347676,134.776592964
 02/08  23:00:00,20.0730338027,127.13489939799999
 02/08  24:00:00,21.863296985300003,172.655725517
 02/09  01:00:00,20.6882818731,159.522587514
 02/09  02:00:00,22.502829621700002,203.46633847599998
 02/09  03:00:00,21.057027578099998,181.464683248
 02/09  04:00:00,22.8589471432,222.09810353900002
 02/09  05:00:00,21.3100388585,196.59282845799999
 02/09  06:00:00,23.12850401,237.149508722
 02/09  07:00:00,26.7001411491,274.86991823299996
 02/09  08:00:00,39.7543803173,255.525214197
 02/09  09:00:00,57.745686473999996,221.00261333400002
 02/09  10:00:00,69.7197353448,175.76938357900002
 02/09  11:00:00,69.7197353448,144.09496316
 02/09  12:00:00,69.7197353448,120.4518112
 02/09  13:00:00,63.2269110704,106.180873437
 02/09  14:00:00,69.7197353448,85.049157028
 02/09  15:00:00,69.41610579479999,72.0181887249
 02/09  16:00:00,69.4285068098,68.9483920339
 02/09  17:00:00,69.4409078249,71.40158837130001
 02/09  18:00:00,28.4858350968,66.96471732810001
 02/09  19:00:00,19.1274346384,81.9811248353
 02/09  20:00:00,20.3822846396,110.75546796399999
 02/09  21:00:00,19.478746983900002,98.3727162758
 02/09  22:00:00,20.6805729027,123.399118011
 02/09  23:00:00,19.6459168688,105.84382122
 02/09  24:00:00,20.8097575223,128.605414229
 02/10  01:00:00,19.7166073699,108.1545008
 02/10  02:00:00,20.821605012,128.212932141
 02/10  03:00:00,19.6779816371,105.329878237
 02/10  04:00:00,20.6894318774,121.514696705
 02/10  05:00:00,19.557792263299998,99.1241446106
 02/10  06:00:00,20.6036317663,117.878947609
 02/10  07:00:00,26.7001411491,148.470381492
 02/10  08:00:00,39.7543803173,143.070622972
 02/10  09:00:00,57.745686473999996,137.647254175
 02/10  10:00:00,69.7197353448,133.235630333
 02/10  11:00:00,69.7197353448,125.61325218700001
 02/10  12:00:00,69.7197353448,110.654568859
 02/10  13:00:00,63.2269110704,103.513399374
 02/10  14:00:00,69.6691304198,85.8454775217
 02/10  15:00:00,69.41610579479999,78.81481610899999
 02/10  16:00:00,69.41610579479999,80.8183796379
 02/10  17:00:00,69.5173156448,90.8609382822
 02/10  18:00:00,29.5430626866,106.05636498
 02/10  19:00:00,20.0481631163,128.14842196
 02/10  20:00:00,21.681762874,169.339452661
 02/10  21:00:00,20.5553294648,153.725177324
 02/10  22:00:00,22.006147456500003,184.697934252
 02/10  23:00:00,20.737618481600002,163.477865942
 02/10  24:00:00,22.162130522800002,192.601518328
 02/11  01:00:00,20.869481071,171.212849739
 02/11  02:00:00,22.3574596365,202.444045048
 02/11  03:00:00,21.0177387669,178.537228602
 02/11  04:00:00,22.494404536399998,208.963394871
 02/11  05:00:00,21.1979643041,188.274349493
 02/11  06:00:00,22.829334405100003,223.992480618
 02/11  07:00:00,21.4427451157,199.91729294299998
 02/11  08:00:00,19.2643078158,264.72618874
 02/11  09:00:00,18.7887408272,213.516570952
 02/11  10:00:00,28.4856546183,165.935737123
 02/11  11:00:00,28.4856546183,126.601327223
 02/11  12:00:00,28.4856546183,89.1079879607
 02/11  13:00:00,17.5747214491,67.4752125086
 02/11  14:00:00,17.5107146442,57.2528399359
 02/11  15:00:00,17.547917689400002,51.7194308496
 02/11  16:00:00,17.547917689400002,48.136435033299996
 02/11  17:00:00,8.676259646050001,40.7948694177
 02/11  18:00:00,13.3904045972,46.2653760858
 02/11  19:00:00,19.6094589874,80.1833491759
 02/11  20:00:00,19.3352351905,84.9360751467
 02/11  21:00:00,20.9627520151,128.553228676
 02/11  22:00:00,19.9799148765,119.95100854
 02/11  23:00:00,21.6290333976,160.26524819
 02/11  24:00:00,20.4063623115,143.344877887
 02/12  01:00:00,22.0443183367,180.041332205
 02/12  02:00:00,20.6372092053,155.971175676
 02/12  03:00:00,22.3302221323,193.74525758099998
 02/12  04:00:00,20.9237238392,172.360656611
 02/12  05:00:00,22.76897425,215.94471843099998
 02/12  06:00:00,21.2905163155,193.846706807
 02/12  07:00:00,23.1299414279,235.04791335099998
 02/12  08:00:00,13.949117998,199.325978261
 02/12  09:00:00,13.7445594854,215.322567684
 02/12  10:00:00,11.4839707626,150.145967925
 02/12  11:00:00,12.0301496546,137.16386476600002
 02/12  12:00:00,10.1433717519,82.9046528077
 02/12  13:00:00,10.5398107185,77.9492516719
 02/12  14:00:00,8.97352363684,47.204039618500005
 02/12  15:00:00,9.50574408448,57.20550301270001
 02/12  16:00:00,8.656220610639998,41.035610072
 02/12  17:00:00,9.46509104005,56.4223880838
 02/12  18:00:00,13.4621291146,47.9467550408
 02/12  19:00:00,19.2552752863,73.6042500977
 02/12  20:00:00,18.6188382094,61.541438067200005
 02/12  21:00:00,20.335252536600002,98.4914483006
 02/12  22:00:00,19.5259445561,93.5634525918
 02/12  23:00:00,20.996295736300002,129.41653022
 02/12  24:00:00,19.8369595157,111.669958791
 02/13  01:00:00,21.244368583,141.879719468
 02/13  02:00:00,20.009666880999998,122.372062794
 02/13  03:00:00,21.642064071100002,161.74164114
 02/13  04:00:00,20.400821980899998,143.347118548
 02/13  05:00:00,22.013008733299998,179.257616757
 02/13  06:00:00,20.551662834000002,151.844250888
 02/13  07:00:00,26.7001411491,222.592674312
 02/13  08:00:00,39.7543803173,188.88224464099997
 02/13  09:00:00,57.745686473999996,144.26450064
 02/13  10:00:00,69.6185254948,87.61989902110001
 02/13  11:00:00,69.4533088399,55.5249626786
 02/13  12:00:00,69.4905118851,34.095523241900004
 02/13  13:00:00,62.9976876107,22.663255280599998
 02/13  14:00:00,69.4905118851,12.582028118699998
 02/13  15:00:00,69.4905118851,6.54300060507
 02/13  16:00:00,69.4905118851,5.34567076822
 02/13  17:00:00,69.4905118851,6.98226565263
 02/13  18:00:00,26.0910116779,21.1108652759
 02/13  19:00:00,17.4340112818,37.644814907800004
 02/13  20:00:00,17.870961849300002,46.823599629700006
 02/13  21:00:00,18.5219738874,58.6841150826
 02/13  22:00:00,18.6587336989,62.5118421804
 02/13  23:00:00,18.9664912697,67.3663849519
 02/13  24:00:00,18.770515285,64.85812674479999
 02/14  01:00:00,19.1802128302,71.56452324109999
 02/14  02:00:00,19.105555491,71.6004134031
 02/14  03:00:00,19.4929599847,77.65675315930001
 02/14  04:00:00,19.407938967899998,75.5879281855
 02/14  05:00:00,19.822583062,80.7427090531
 02/14  06:00:00,19.481038145699998,74.8710396108
 02/14  07:00:00,26.7001411491,102.31639767
 02/14  08:00:00,39.4507507672,86.2740236619
 02/14  09:00:00,57.5040619992,69.3857980748
 02/14  10:00:00,69.4905118851,54.03104609729999
 02/14  11:00:00,69.4905118851,44.164288842
 02/14  12:00:00,69.4905118851,37.0104096998
 02/14  13:00:00,62.9976876107,38.1478000959
 02/14  14:00:00,69.4905118851,42.3433005731
 02/14  15:00:00,69.4905118851,50.4729504339
 02/14  16:00:00,69.4905118851,51.7438630584
 02/14  17:00:00,69.4905118851,58.9080779783
 02/14  18:00:00,27.8396372046,54.3376305309
 02/14  19:00:00,18.1585840024,52.3123251682
 02/14  20:00:00,19.1857850833,72.1453081732
 02/14  21:00:00,18.369403001600002,56.6707204204
 02/14  22:00:00,19.4363925922,77.23104876859999
 02/14  23:00:00,18.515436320899997,59.6203796937
 02/14  24:00:00,19.6480225687,81.4926614247
 02/15  01:00:00,18.7109196442,63.5002313239
 02/15  02:00:00,20.217744669000002,90.55862935520001
 02/15  03:00:00,19.2385339804,76.63686753510001
 02/15  04:00:00,20.5649971932,107.36467573200001
 02/15  05:00:00,19.5032576366,91.0048789263
 02/15  06:00:00,20.8494893059,121.16088602399999
 02/15  07:00:00,26.7001411491,150.20111783
 02/15  08:00:00,39.7543803173,134.994367754
 02/15  09:00:00,57.745686473999996,119.184511481
 02/15  10:00:00,69.7197353448,104.10053500299999
 02/15  11:00:00,69.7197353448,100.42122832700001
 02/15  12:00:00,69.7197353448,101.70022101299999
 02/15  13:00:00,63.2269110704,105.9139497
 02/15  14:00:00,69.7197353448,99.8336236448
 02/15  15:00:00,69.7197353448,98.65544072360001
 02/15  16:00:00,69.7197353448,98.84655748799999
 02/15  17:00:00,69.7197353448,100.69616496100001
 02/15  18:00:00,29.4182668725,101.487698513
 02/15  19:00:00,19.6775042734,108.899611903
 02/15  20:00:00,21.0191431105,137.894977295
 02/15  21:00:00,19.9693174636,121.212439956
 02/15  22:00:00,21.2529592331,146.75873123600002
 02/15  23:00:00,20.1256796197,128.066506355
 02/15  24:00:00,21.466608061800002,156.158471005
 02/16  01:00:00,20.332412481600002,138.642983505
 02/16  02:00:00,21.7332857493,168.3187799
 02/16  03:00:00,20.573041942899998,150.60272148200002
 02/16  04:00:00,22.095147481599998,185.78728249
 02/16  05:00:00,20.9473148099,171.888893183
 02/16  06:00:00,22.596621916,210.90343304299998
 02/16  07:00:00,26.7001411491,257.492313564
 02/16  08:00:00,38.2672136506,243.133284116
 02/16  09:00:00,57.745686473999996,215.347247312
 02/16  10:00:00,69.7197353448,182.69382011099998
 02/16  11:00:00,69.7197353448,163.902467111
 02/16  12:00:00,69.7197353448,149.844823338
 02/16  13:00:00,63.2269110704,141.022478578
 02/16  14:00:00,69.7197353448,122.625338484
 02/16  15:00:00,69.7197353448,109.980989691
 02/16  16:00:00,69.7197353448,104.043044385
 02/16  17:00:00,69.7197353448,103.403671379
 02/16  18:00:00,29.5278060968,111.52821081299999
 02/16  19:00:00,20.0677024393,133.850570094
 02/16  20:00:00,21.8489371379,180.404843265
 02/16  21:00:00,20.8198678448,170.36797107
 02/16  22:00:00,22.4123002305,206.29959102700002
 02/16  23:00:00,21.143163943,187.753565358
 02/16  24:00:00,22.667428476399998,218.443704338
 02/17  01:00:00,21.170924441500002,187.760005703
 02/17  02:00:00,22.5624403975,212.904545591
 02/17  03:00:00,21.1576414598,187.07676037099998
 02/17  04:00:00,22.6690875698,217.997755893
 02/17  05:00:00,21.1961174283,188.835170515
 02/17  06:00:00,22.469368146100003,208.264459701
 02/17  07:00:00,26.7001411491,234.862733343
 02/17  08:00:00,38.2672136506,203.746088378
 02/17  09:00:00,57.745686473999996,178.053626047
 02/17  10:00:00,69.7197353448,154.981741138
 02/17  11:00:00,69.7197353448,137.777794125
 02/17  12:00:00,69.7197353448,123.862006666
 02/17  13:00:00,63.2269110704,115.582200815
 02/17  14:00:00,69.7197353448,99.96897319290001
 02/17  15:00:00,69.7197353448,89.6508830332
 02/17  16:00:00,69.7197353448,83.4188968605
 02/17  17:00:00,69.7197353448,83.1267582042
 02/17  18:00:00,27.5566961761,88.7554630506
 02/17  19:00:00,19.4766913124,101.873401233
 02/17  20:00:00,20.7958711962,130.259586703
 02/17  21:00:00,19.692624465999998,109.663263766
 02/17  22:00:00,20.8002338798,129.345567975
 02/17  23:00:00,19.656730886400002,106.165995882
 02/17  24:00:00,20.7065435821,123.927185479
 02/18  01:00:00,19.6307517562,103.933438543
 02/18  02:00:00,20.784038592799998,126.31586022100001
 02/18  03:00:00,19.6952002711,106.646794384
 02/18  04:00:00,20.841225363299998,129.53234767700002
 02/18  05:00:00,19.7953016214,111.984427764
 02/18  06:00:00,20.9666826431,134.729008868
 02/18  07:00:00,19.8990098935,117.70825802899999
 02/18  08:00:00,17.7771411491,181.56437618900003
 02/18  09:00:00,18.7887408272,156.289064236
 02/18  10:00:00,28.4856546183,118.180095515
 02/18  11:00:00,28.435049693299998,84.8609328699
 02/18  12:00:00,28.1820250683,68.8604991032
 02/18  13:00:00,17.5231156593,62.3461391995
 02/18  14:00:00,17.547917689400002,55.3508762008
 02/18  15:00:00,17.547917689400002,46.4507047734
 02/18  16:00:00,17.547917689400002,38.9994009921
 02/18  17:00:00,8.0806933234,29.4987452157
 02/18  18:00:00,11.136026528299999,31.5409777548
 02/18  19:00:00,18.195249711,52.836817135
 02/18  20:00:00,17.7653828809,44.8791853794
 02/18  21:00:00,18.7813213296,64.3633752163
 02/18  22:00:00,18.122278900999998,51.9083548578
 02/18  23:00:00,19.2747764348,74.0968673509
 02/18  24:00:00,18.526388397799998,59.8438136366
 02/19  01:00:00,19.953043368099998,86.73601118280001
 02/19  02:00:00,19.2122385608,77.5914462848
 02/19  03:00:00,20.5242715104,108.361320882
 02/19  04:00:00,19.4590054551,91.9450860969
 02/19  05:00:00,20.836374932200002,123.627177553
 02/19  06:00:00,19.713811237799998,106.47008318799999
 02/19  07:00:00,21.215865840699998,141.921241531
 02/19  08:00:00,11.1142945833,123.448617655
 02/19  09:00:00,12.283526350499999,143.644257783
 02/19  10:00:00,10.576985961,101.036856104
 02/19  11:00:00,11.086328847799999,97.969398502
 02/19  12:00:00,9.229457921889999,51.501331845600006
 02/19  13:00:00,9.253505742869999,52.7531274407
 02/19  14:00:00,8.34155570039,35.570304014099996
 02/19  15:00:00,8.83479573589,44.6656644474
 02/19  16:00:00,8.12317081235,31.0289273375
 02/19  17:00:00,8.73998862354,42.7989050183
 02/19  18:00:00,11.5210989228,39.4593312735
 02/19  19:00:00,18.8986074246,66.8919267771
 02/19  20:00:00,18.4291551183,58.0152271202
 02/19  21:00:00,19.7395093026,83.2913982728
 02/19  22:00:00,18.8670535914,65.915013445
 02/19  23:00:00,20.360896962400002,95.8153976927
 02/19  24:00:00,19.3057090234,79.6879286882
 02/20  01:00:00,20.5610817052,107.56710975600001
 02/20  02:00:00,19.4389353513,88.6929157275
 02/20  03:00:00,20.670786445799997,113.67884981
 02/20  04:00:00,19.456773488299998,90.6744167084
 02/20  05:00:00,20.6981394282,116.138330739
 02/20  06:00:00,19.5129483457,94.57099633620001
 02/20  07:00:00,20.8004372106,121.56338668
 02/20  08:00:00,10.6318151029,97.07520796940001
 02/20  09:00:00,11.4338934022,104.518470184
 02/20  10:00:00,9.49692359502,56.2851287683
 02/20  11:00:00,9.42486655021,56.007534658400004
 02/20  12:00:00,8.13934894512,31.401756214699997
 02/20  13:00:00,8.127890000710002,31.0554693523
 02/20  14:00:00,7.437346326960001,17.7634603489
 02/20  15:00:00,7.57227794404,20.2212452594
 02/20  16:00:00,7.278243073910001,14.7164572305
 02/20  17:00:00,7.778514764089999,24.3065726044
 02/20  18:00:00,10.8216764179,25.809575191900002
 02/20  19:00:00,18.0679493992,50.88847247020001
 02/20  20:00:00,17.8088483757,45.9108152348
 02/20  21:00:00,18.9200127496,67.45374431970001
 02/20  22:00:00,18.1830292126,53.170387034099996
 02/20  23:00:00,19.330758328599998,75.4918098749
 02/20  24:00:00,18.4544702917,58.452506900299994
 02/21  01:00:00,19.5915105533,80.6187635529
 02/21  02:00:00,18.5997178449,61.28242912939999
 02/21  03:00:00,19.750572098299997,83.7464623437
 02/21  04:00:00,18.6843967416,62.942606893500006
 02/21  05:00:00,19.9233823795,86.225761766
 02/21  06:00:00,19.116706144200002,68.6059254242
 02/21  07:00:00,26.7001411491,127.07048956
 02/21  08:00:00,38.2672136506,102.245021455
 02/21  09:00:00,57.442056923900005,80.5637370171
 02/21  10:00:00,69.4905118851,56.8426902357
 02/21  11:00:00,69.4905118851,36.1650722918
 02/21  12:00:00,69.4905118851,19.758524523800002
 02/21  13:00:00,62.9976876107,9.966164149410002
 02/21  14:00:00,69.4905118851,5.632477581209999
 02/21  15:00:00,69.4905118851,4.50950994979
 02/21  16:00:00,69.4905118851,4.15070856631
 02/21  17:00:00,69.4905118851,5.19753197144
 02/21  18:00:00,24.246477683600002,14.5903203772
 02/21  19:00:00,17.1068505621,31.695926504699997
 02/21  20:00:00,17.4908568882,39.5408616084
 02/21  21:00:00,18.0411082543,49.927137772200005
 02/21  22:00:00,18.1724992078,52.9134392846
 02/21  23:00:00,18.6970524866,62.716052783900004
 02/21  24:00:00,18.5481350726,60.373098329099996
 02/22  01:00:00,18.920246264,67.1558898672
 02/22  02:00:00,18.680384101199998,63.0559758364
 02/22  03:00:00,19.0943259205,70.62006533489999
 02/22  04:00:00,18.8361103915,66.1771985827
 02/22  05:00:00,19.295368542000002,74.5800853543
 02/22  06:00:00,19.0151302208,69.7416962282
 02/22  07:00:00,26.403952208099998,104.312486426
 02/22  08:00:00,37.9883861307,91.821963855
 02/22  09:00:00,57.4792599691,82.0166354688
 02/22  10:00:00,69.4905118851,73.3538846479
 02/22  11:00:00,69.4905118851,70.0921085487
 02/22  12:00:00,69.4905118851,69.3249575522
 02/22  13:00:00,62.9976876107,68.9130049954
 02/22  14:00:00,69.4905118851,67.3532261026
 02/22  15:00:00,69.4905118851,69.18632499479999
 02/22  16:00:00,69.4905118851,71.1807946764
 02/22  17:00:00,69.4905118851,71.7066852026
 02/22  18:00:00,26.705062756999997,60.7873647651
 02/22  19:00:00,18.7288660943,62.989490981
 02/22  20:00:00,20.1487738217,92.7244930635
 02/22  21:00:00,19.2710629162,80.5007226077
 02/22  22:00:00,20.4100786915,105.27427694200001
 02/22  23:00:00,19.4640867715,90.75959860479999
 02/22  24:00:00,20.6065506811,114.692024335
 02/23  01:00:00,19.6801929053,102.895800952
 02/23  02:00:00,21.0170572537,133.264240607
 02/23  03:00:00,20.061162996300002,121.905496218
 02/23  04:00:00,21.4840518947,154.821581512
 02/23  05:00:00,20.4029824192,140.077785476
 02/23  06:00:00,21.827798157199997,171.27522228700002
 02/23  07:00:00,25.2129744825,207.66054365099998
 02/23  08:00:00,38.2672136506,185.895538588
 02/23  09:00:00,57.745686473999996,154.606651911
 02/23  10:00:00,69.7197353448,118.36365617700001
 02/23  11:00:00,69.7197353448,89.9327512542
 02/23  12:00:00,69.41610579479999,71.7870903757
 02/23  13:00:00,62.9480835504,63.6259964454
 02/23  14:00:00,69.4905118851,54.3062025669
 02/23  15:00:00,69.4905118851,52.28192474430001
 02/23  16:00:00,69.4905118851,57.07971964520001
 02/23  17:00:00,69.4905118851,67.018393235
 02/23  18:00:00,26.8342794252,63.1008107809
 02/23  19:00:00,19.242707027999998,82.3243673887
 02/23  20:00:00,20.7705438445,122.47382241700001
 02/23  21:00:00,19.857484263299998,112.900991992
 02/23  22:00:00,21.2645539402,145.951344981
 02/23  23:00:00,20.2458541115,132.987677246
 02/23  24:00:00,21.6791542544,164.813386724
 02/24  01:00:00,20.568244660999998,149.472108411
 02/24  02:00:00,22.0753376797,183.05446105099998
 02/24  03:00:00,20.877553824,165.505984206
 02/24  04:00:00,22.4933159759,202.943984653
 02/24  05:00:00,21.2895530515,187.575004772
 02/24  06:00:00,22.9419239873,225.684420593
 02/24  07:00:00,25.2129744825,271.759842516
 02/24  08:00:00,38.2672136506,252.28958328299998
 02/24  09:00:00,57.745686473999996,224.93764265299998
 02/24  10:00:00,69.7197353448,197.053514487
 02/24  11:00:00,69.7197353448,175.98650325
 02/24  12:00:00,69.7197353448,159.03053804299998
 02/24  13:00:00,63.2269110704,150.95164328200002
 02/24  14:00:00,69.7197353448,140.63512869999997
 02/24  15:00:00,69.7197353448,136.185112915
 02/24  16:00:00,69.7197353448,134.09967203600002
 02/24  17:00:00,69.7197353448,138.885579431
 02/24  18:00:00,28.8141209276,144.153590856
 02/24  19:00:00,20.6577494122,162.845354559
 02/24  20:00:00,22.5748876252,212.70171799099998
 02/24  21:00:00,21.3424084992,199.526674152
 02/24  22:00:00,23.1350681275,241.657457343
 02/24  23:00:00,21.7040145094,220.37814351900002
 02/24  24:00:00,23.5033278832,260.98183675
 02/25  01:00:00,21.9625296368,233.454420082
 02/25  02:00:00,23.7192980461,272.15328911
 02/25  03:00:00,22.1835133797,246.32862172900002
 02/25  04:00:00,23.9340584398,284.487524328
 02/25  05:00:00,22.3246191856,254.59951910900003
 02/25  06:00:00,24.016070665999997,290.41547011299997
 02/25  07:00:00,20.9213679201,261.156628506
 02/25  08:00:00,17.7771411491,341.760123893
 02/25  09:00:00,18.7887408272,289.705296065
 02/25  10:00:00,28.4856546183,239.69042504
 02/25  11:00:00,28.4856546183,204.37931721
 02/25  12:00:00,28.4856546183,179.332798424
 02/25  13:00:00,17.7771411491,169.636768469
 02/25  14:00:00,17.7771411491,159.98857987
 02/25  15:00:00,17.7771411491,158.697444771
 02/25  16:00:00,17.7771411491,160.903002286
 02/25  17:00:00,11.449595714,131.76360608299998
 02/25  18:00:00,12.5349348554,128.902267799
 02/25  19:00:00,21.551636407100002,164.63437064
 02/25  20:00:00,20.402299741900002,147.737669083
 02/25  21:00:00,21.863927624499997,178.606830412
 02/25  22:00:00,20.5545121231,155.25872569700002
 02/25  23:00:00,21.931855196500003,181.418751118
 02/25  24:00:00,20.5520768378,155.05634825799999
 02/26  01:00:00,21.9418016127,181.645522928
 02/26  02:00:00,20.588282222,155.877348244
 02/26  03:00:00,22.0426155958,186.502460267
 02/26  04:00:00,20.713051558,162.487058166
 02/26  05:00:00,22.1286946352,191.25526893
 02/26  06:00:00,20.7853701723,167.169217495
 02/26  07:00:00,20.666840270999998,192.27605523
 02/26  08:00:00,11.6878157974,159.569388786
 02/26  09:00:00,12.571859121,165.652065373
 02/26  10:00:00,10.79137053,117.37261886
 02/26  11:00:00,11.352864721700001,115.482987135
 02/26  12:00:00,9.91855658984,78.4391519209
 02/26  13:00:00,10.3710486618,74.544490325
 02/26  14:00:00,8.98651250517,47.8886067228
 02/26  15:00:00,9.574004017350001,58.5487512163
 02/26  16:00:00,8.78191308413,43.842752903900006
 02/26  17:00:00,9.616615354330001,59.3480153367
 02/26  18:00:00,10.7373371261,53.075787927600004
 02/26  19:00:00,19.763726404,83.2998434754
 02/26  20:00:00,19.4694908945,86.8242798007
 02/26  21:00:00,20.9837737023,128.84188333
 02/26  22:00:00,20.0660830912,121.439169941
 02/26  23:00:00,21.4486163795,151.63965762700002
 02/26  24:00:00,20.2278359459,131.132313532
 02/27  01:00:00,21.6071619985,160.788411289
 02/27  02:00:00,20.3841267906,140.489810868
 02/27  03:00:00,21.7314777811,167.78336322299998
 02/27  04:00:00,20.406256181099998,143.79789312100002
 02/27  05:00:00,21.7115759971,168.617833666
 02/27  06:00:00,20.4049525208,143.889697772
 02/27  07:00:00,25.2129744825,207.05780234099998
 02/27  08:00:00,38.2672136506,171.715781723
 02/27  09:00:00,57.745686473999996,137.18878517299999
 02/27  10:00:00,69.7197353448,101.33782022
 02/27  11:00:00,69.5173156448,74.0404368016
 02/27  12:00:00,69.4409078249,59.3733783561
 02/27  13:00:00,62.9976876107,50.044638793500006
 02/27  14:00:00,69.4905118851,38.6049880796
 02/27  15:00:00,69.4905118851,31.9291689904
 02/27  16:00:00,69.4905118851,29.5635024385
 02/27  17:00:00,69.4905118851,33.3088067842
 02/27  18:00:00,23.9495080883,36.6987019145
 02/27  19:00:00,17.744958989,44.2147535329
 02/27  20:00:00,19.0356041864,68.7768541982
 02/27  21:00:00,18.4356008269,57.9020050954
 02/27  22:00:00,19.6823706382,81.50553483649999
 02/27  23:00:00,19.2309889137,76.58183619649999
 02/27  24:00:00,20.63194807,112.26561475700001
 02/28  01:00:00,19.7119606202,103.933070915
 02/28  02:00:00,21.0915077405,135.72957432299998
 02/28  03:00:00,19.9612476302,117.90409040700001
 02/28  04:00:00,21.36463252,150.20949250299998
 02/28  05:00:00,20.2468761089,134.028359685
 02/28  06:00:00,21.661896903200002,165.02694643200002
 02/28  07:00:00,25.2129744825,191.31314488299998
 02/28  08:00:00,38.2672136506,153.826971366
 02/28  09:00:00,57.745686473999996,109.550072509
 02/28  10:00:00,69.46671071979999,71.88355934399999
 02/28  11:00:00,69.4781108701,54.200183714
 02/28  12:00:00,69.4905118851,44.2287028107
 02/28  13:00:00,62.9976876107,41.7811355845
 02/28  14:00:00,69.4905118851,37.4150596658
 02/28  15:00:00,69.4905118851,33.0999984134
 02/28  16:00:00,69.4905118851,29.274782053200003
 02/28  17:00:00,69.4905118851,31.1896445893
 02/28  18:00:00,23.923072385700003,36.1866251185
 02/28  19:00:00,17.7861050103,45.0251634043
 02/28  20:00:00,19.229237535,72.55915340909999
 02/28  21:00:00,18.6451632802,61.999730896
 02/28  22:00:00,19.9483004714,86.3804302299
 02/28  23:00:00,19.3114870579,79.2445733018
 02/28  24:00:00,20.6218144122,111.57529707799999
 03/01  01:00:00,19.7320455127,102.986263951
 03/01  02:00:00,21.2499168383,140.429792244
 03/01  03:00:00,20.2595620408,130.303167075
 03/01  04:00:00,21.8513024472,168.397623482
 03/01  05:00:00,20.6739012347,151.01869852299998
 03/01  06:00:00,22.2078254798,183.522906317
 03/01  07:00:00,25.2129744825,220.504714775
 03/01  08:00:00,38.2672136506,199.572908553
 03/01  09:00:00,57.745686473999996,169.87215124899998
 03/01  10:00:00,69.7197353448,137.931297283
 03/01  11:00:00,69.7197353448,112.890663427
 03/01  12:00:00,69.6185254948,89.40243975530001
 03/01  13:00:00,62.923281520299994,78.35079029939999
 03/01  14:00:00,69.4533088399,70.1919333642
 03/01  15:00:00,69.4905118851,66.9693741829
 03/01  16:00:00,69.4905118851,53.410126211400005
 03/01  17:00:00,69.4905118851,48.770358260200005
 03/01  18:00:00,24.9630658063,55.8632442468
 03/01  19:00:00,18.8339208545,65.21246365729999
 03/01  20:00:00,20.726929318699998,109.606044415
 03/01  21:00:00,19.746642551500003,100.41874275
 03/01  22:00:00,21.2735336064,136.734338173
 03/01  23:00:00,20.098895855,120.60169974
 03/01  24:00:00,21.664204885900002,156.274338167
 03/02  01:00:00,20.3535949278,135.025876658
 03/02  02:00:00,21.9556011471,170.650271132
 03/02  03:00:00,20.586258294500002,147.954497707
 03/02  04:00:00,22.275982026599998,186.09942274
 03/02  05:00:00,20.8235321155,160.878619112
 03/02  06:00:00,22.4270553003,193.734684258
 03/02  07:00:00,23.7258078158,227.92841820200002
 03/02  08:00:00,38.2672136506,204.768611306
 03/02  09:00:00,57.745686473999996,168.340253507
 03/02  10:00:00,69.7197353448,125.46780825100001
 03/02  11:00:00,69.6691304198,91.02105072959999
 03/02  12:00:00,69.4285068098,71.1443727514
 03/02  13:00:00,62.9604845655,65.3233094787
 03/02  14:00:00,69.4905118851,59.713750400600006
 03/02  15:00:00,69.4905118851,58.863995768100004
 03/02  16:00:00,69.4905118851,62.001045016599996
 03/02  17:00:00,69.4905118851,66.8639049126
 03/02  18:00:00,25.1819134177,59.9178002079
 03/02  19:00:00,18.8413186986,65.9822006397
 03/02  20:00:00,20.507169513399997,106.306311917
 03/02  21:00:00,19.7106179187,101.662510544
 03/02  22:00:00,21.1326488508,136.793122464
 03/02  23:00:00,20.127905848,124.41905153100001
 03/02  24:00:00,21.4884408477,153.43273498
 03/03  01:00:00,20.336533001099998,135.37223264
 03/03  02:00:00,21.7190819071,163.945728054
 03/03  03:00:00,20.5094891969,143.948677769
 03/03  04:00:00,21.935468749600002,173.969111533
 03/03  05:00:00,20.693194038599998,153.09461298899998
 03/03  06:00:00,22.1172785158,182.186514802
 03/03  07:00:00,23.7258078158,216.07770871
 03/03  08:00:00,38.2672136506,181.786635895
 03/03  09:00:00,57.745686473999996,134.58887598799998
 03/03  10:00:00,69.5679205698,85.9492567629
 03/03  11:00:00,69.4533088399,62.892249721400006
 03/03  12:00:00,69.4905118851,47.9430787467
 03/03  13:00:00,62.9976876107,39.6301706875
 03/03  14:00:00,69.4905118851,31.9748900471
 03/03  15:00:00,69.4905118851,27.0586175432
 03/03  16:00:00,69.4905118851,25.788600410700003
 03/03  17:00:00,69.4905118851,28.598052178299998
 03/03  18:00:00,23.8355923243,34.4208052649
 03/03  19:00:00,17.6469982538,42.189336956300004
 03/03  20:00:00,18.9348979525,66.60462460779999
 03/03  21:00:00,18.4474242205,58.1495946616
 03/03  22:00:00,19.7125548321,81.8922515696
 03/03  23:00:00,18.9452049557,68.0765613801
 03/03  24:00:00,20.2038981026,90.9148938886
 03/04  01:00:00,19.5020456716,79.8153564812
 03/04  02:00:00,20.6925553735,106.99522335700001
 03/04  03:00:00,19.7014178956,93.6435287291
 03/04  04:00:00,20.9159065996,119.81423491299999
 03/04  05:00:00,19.9013529486,106.61185376899999
 03/04  06:00:00,21.189853605499998,134.058676513
 03/04  07:00:00,17.0321004386,113.028684649
 03/04  08:00:00,17.7771411491,163.74712840200002
 03/04  09:00:00,18.7887408272,122.418987996
 03/04  10:00:00,28.2832349183,86.9184219749
 03/04  11:00:00,28.2068270984,71.4187415729
 03/04  12:00:00,28.2564311586,62.4208432076
 03/04  13:00:00,17.547917689400002,61.1531019853
 03/04  14:00:00,17.547917689400002,59.5954778539
 03/04  15:00:00,17.547917689400002,58.496654103199994
 03/04  16:00:00,17.547917689400002,58.286734961899995
 03/04  17:00:00,8.98981145837,46.8322554675
 03/04  18:00:00,10.4082020218,46.173713712899996
 03/04  19:00:00,18.8333802184,65.15359712520001
 03/04  20:00:00,18.03850201,50.132348434499995
 03/04  21:00:00,19.0521368588,69.5667546964
 03/04  22:00:00,18.2606741221,54.5559191413
 03/04  23:00:00,19.2908759066,74.3760956507
 03/04  24:00:00,18.3747945106,56.873923874300004
 03/05  01:00:00,19.3925537162,76.4780227632
 03/05  02:00:00,18.4674865657,58.750883852600005
 03/05  03:00:00,19.5913406676,80.4427687403
 03/05  04:00:00,18.6438946252,62.220478992
 03/05  05:00:00,19.8760495295,85.1017489431
 03/05  06:00:00,19.1223371109,68.3219988985
 03/05  07:00:00,17.2961074611,92.50953017879999
 03/05  08:00:00,10.1746099646,69.3477751974
 03/05  09:00:00,10.8595750314,82.20090040560001
 03/05  10:00:00,9.41935985796,56.4118115483
 03/05  11:00:00,10.0487663216,68.5146138927
 03/05  12:00:00,8.96205935591,47.60946532729999
 03/05  13:00:00,9.59729072873,59.8156575716
 03/05  14:00:00,8.75104049516,43.584699270600005
 03/05  15:00:00,9.50788990882,58.098885598100004
 03/05  16:00:00,8.80297762498,44.587350069799996
 03/05  17:00:00,9.752410172000001,62.809518107200006
 03/05  18:00:00,10.5960389032,50.4645976853
 03/05  19:00:00,19.1080036285,71.1724935038
 03/05  20:00:00,18.28406904,55.3046798313
 03/05  21:00:00,19.329930393199998,75.4622466576
 03/05  22:00:00,18.4117407941,57.7662329071
 03/05  23:00:00,19.4743663651,78.2755305499
 03/05  24:00:00,18.518734619900002,59.8456211429
 03/06  01:00:00,19.5753710672,80.25088489550001
 03/06  02:00:00,18.578091918,60.9952316199
 03/06  03:00:00,19.6792900331,82.2833508265
 03/06  04:00:00,18.6572619303,62.5326126995
 03/06  05:00:00,19.7382678951,83.4318570799
 03/06  06:00:00,18.6542371401,62.463246919
 03/06  07:00:00,23.4221782657,108.498415704
 03/06  08:00:00,37.9759851156,85.7908046283
 03/06  09:00:00,57.5040619992,73.618293317
 03/06  10:00:00,69.4905118851,62.6624244705
 03/06  11:00:00,69.4905118851,55.3276573145
 03/06  12:00:00,69.4905118851,50.24177851899999
 03/06  13:00:00,62.9976876107,48.8373300096
 03/06  14:00:00,69.4905118851,46.9925658754
 03/06  15:00:00,69.4905118851,47.558693509099996
 03/06  16:00:00,69.4905118851,48.014208125699994
 03/06  17:00:00,69.4905118851,49.5904664784
 03/06  18:00:00,23.042102623,47.895723134099995
 03/06  19:00:00,18.044077642999998,50.0691961221
 03/06  20:00:00,18.985075678199998,68.1732001023
 03/06  21:00:00,18.1558995727,52.471055843100004
 03/06  22:00:00,19.1690919127,71.92914701640001
 03/06  23:00:00,18.360438273699998,56.5476647177
 03/06  24:00:00,19.5563691818,79.6604477138
 03/07  01:00:00,18.7108548302,63.4517085502
 03/07  02:00:00,19.7286084235,83.0713802528
 03/07  03:00:00,18.77643389,64.76327371
 03/07  04:00:00,20.2446687542,92.4475643386
 03/07  05:00:00,19.4336418023,80.23402319430001
 03/07  06:00:00,20.7988558487,112.000936985
 03/07  07:00:00,23.7258078158,142.30125211200001
 03/07  08:00:00,38.2672136506,126.03809249700001
 03/07  09:00:00,57.745686473999996,111.019557047
 03/07  10:00:00,69.6185254948,97.62275119530001
 03/07  11:00:00,69.41610579479999,90.1054284341
 03/07  12:00:00,69.4285068098,83.1427684144
 03/07  13:00:00,62.9356825354,80.7418932139
 03/07  14:00:00,69.4409078249,78.7512262061
 03/07  15:00:00,69.4533088399,78.7767099063
 03/07  16:00:00,69.4409078249,79.415476381
 03/07  17:00:00,69.4409078249,82.5135728576
 03/07  18:00:00,24.40175993,74.1517507136
 03/07  19:00:00,19.5311959138,93.7021235841
 03/07  20:00:00,21.1001153564,133.563704212
 03/07  21:00:00,20.226607266400002,128.086361139
 03/07  22:00:00,21.785253736799998,165.391106696
 03/07  23:00:00,20.69570588,152.501698229
 03/07  24:00:00,22.300597988699998,189.375560564
 03/08  01:00:00,21.0831916525,172.49638416099998
 03/08  02:00:00,22.6961891144,209.11978877299998
 03/08  03:00:00,21.3892349662,189.73656693799998
 03/08  04:00:00,23.0205294696,225.77311382099998
 03/08  05:00:00,21.645830225799997,204.043306555
 03/08  06:00:00,23.295822202199997,239.96145397400002
 03/08  07:00:00,22.238641149099998,283.34131606200003
 03/08  08:00:00,38.2672136506,257.478849111
 03/08  09:00:00,57.745686473999996,220.51758606400003
 03/08  10:00:00,69.7197353448,178.214067406
 03/08  11:00:00,69.7197353448,143.044500638
 03/08  12:00:00,69.7197353448,113.276547563
 03/08  13:00:00,63.1763061454,91.95577471979999
 03/08  14:00:00,69.4285068098,78.2220539988
 03/08  15:00:00,69.4533088399,72.7064712041
 03/08  16:00:00,69.4781108701,70.781302536
 03/08  17:00:00,69.465709855,75.0341785401
 03/08  18:00:00,24.117080649699997,68.011437092
 03/08  19:00:00,19.4311497344,87.1512195403
 03/08  20:00:00,21.2972408459,139.611126772
 03/08  21:00:00,20.2760865474,131.115442991
 03/08  22:00:00,21.959275358600003,172.04005333400002
 03/08  23:00:00,20.675995308399997,153.89115632899998
 03/08  24:00:00,22.3956341166,192.820925045
 03/09  01:00:00,20.948448277,169.171921105
 03/09  02:00:00,22.6900490343,208.008524328
 03/09  03:00:00,21.160301211500002,181.847307445
 03/09  04:00:00,22.8845028005,218.26768253400002
 03/09  05:00:00,21.2434397347,187.600866235
 03/09  06:00:00,22.9962914252,224.671034647
 03/09  07:00:00,22.238641149099998,259.740628282
 03/09  08:00:00,38.2672136506,229.866242
 03/09  09:00:00,57.745686473999996,181.980220445
 03/09  10:00:00,69.7197353448,129.441887796
 03/09  11:00:00,69.7197353448,94.5779964858
 03/09  12:00:00,69.41610579479999,76.07710041909999
 03/09  13:00:00,62.972885580500005,65.7024450358
 03/09  14:00:00,69.4905118851,55.00813814520001
 03/09  15:00:00,69.4905118851,50.902550828500004
 03/09  16:00:00,69.4905118851,47.027004240299995
 03/09  17:00:00,69.4905118851,43.4673373745
 03/09  18:00:00,22.7271292762,41.4397844227
 03/09  19:00:00,17.8492480168,46.2727837381
 03/09  20:00:00,19.0293818072,68.5820638964
 03/09  21:00:00,18.4013155446,57.4042315051
 03/09  22:00:00,19.423667965,76.4260669374
 03/09  23:00:00,18.6132319108,61.7021636963
 03/09  24:00:00,19.6595340177,81.1232672574
 03/10  01:00:00,18.743254893099998,64.3494429554
 03/10  02:00:00,19.6523223517,81.0600183614
 03/10  03:00:00,18.673664619100002,63.060823027
 03/10  04:00:00,19.6254297887,80.5862006012
 03/10  05:00:00,18.696102871199997,63.553193200900004
 03/10  06:00:00,19.6208344382,80.53143222899999
 03/10  07:00:00,21.935011599099997,95.0266713435
 03/10  08:00:00,38.0255891758,75.34858469310001
 03/10  09:00:00,57.5164630143,54.726801371499995
 03/10  10:00:00,69.4905118851,36.2102920629
 03/10  11:00:00,69.4905118851,22.2233522439
 03/10  12:00:00,69.4905118851,12.4680662271
 03/10  13:00:00,62.9976876107,8.741428239660001
 03/10  14:00:00,69.4905118851,6.93503505656
 03/10  15:00:00,69.4905118851,5.38039595267
 03/10  16:00:00,69.4905118851,4.66257519644
 03/10  17:00:00,69.4905118851,5.2916041070099995
 03/10  18:00:00,20.490072501500002,0.0
 03/10  19:00:00,15.916239985299999,9.3222701071
 03/10  20:00:00,16.6028045132,22.2949028698
 03/10  21:00:00,16.6119048147,22.612916484299998
 03/10  22:00:00,17.2700605534,35.2742647674
 03/10  23:00:00,16.8967966599,28.167048357
 03/10  24:00:00,17.538373587,40.5299893329
 03/11  01:00:00,17.1173582969,32.4804605918
 03/11  02:00:00,17.8898167342,47.378883324700006
 03/11  03:00:00,17.3508235657,36.997149679699994
 03/11  04:00:00,18.186745243900003,53.129301049700004
 03/11  05:00:00,17.6025151501,41.882745954499995
 03/11  06:00:00,18.520343321400002,59.6257038419
 03/11  07:00:00,13.3453587449,45.8554378953
 03/11  08:00:00,17.547917689400002,75.3618277385
 03/11  09:00:00,18.5595173675,51.0895383588
 03/11  10:00:00,28.2564311586,29.8501555453
 03/11  11:00:00,28.2564311586,12.947076601700001
 03/11  12:00:00,28.2564311586,8.914472171649999
 03/11  13:00:00,17.547917689400002,8.9757498255
 03/11  14:00:00,17.547917689400002,8.14778784001
 03/11  15:00:00,17.547917689400002,7.20371112896
 03/11  16:00:00,17.547917689400002,5.545084609959999
 03/11  17:00:00,6.49282427446,0.0
 03/11  18:00:00,6.49282427446,0.0
 03/11  19:00:00,15.4158242745,0.0
 03/11  20:00:00,15.808015214800001,7.334944508160001
 03/11  21:00:00,16.2962231218,16.6993778379
 03/11  22:00:00,16.216098567,15.244351583
 03/11  23:00:00,16.6766334686,24.035536002199997
 03/11  24:00:00,16.460938270899998,20.017261511199997
 03/12  01:00:00,16.9971226873,30.2497279477
 03/12  02:00:00,16.7837684265,26.2841080305
 03/12  03:00:00,17.495886335799998,39.8813608738
 03/12  04:00:00,17.097621598099998,32.3497599876
 03/12  05:00:00,17.7356033478,44.5666697565
 03/12  06:00:00,17.1464307025,33.3462973312
 03/12  07:00:00,13.1811511533,42.8251231748
 03/12  08:00:00,7.9427617513,27.9460726963
 03/12  09:00:00,7.987489954860001,28.685892463800002
 03/12  10:00:00,7.17386005283,13.045087066099999
 03/12  11:00:00,6.49282427446,0.0
 03/12  12:00:00,6.49282427446,0.0
 03/12  13:00:00,6.49282427446,0.0
 03/12  14:00:00,6.49282427446,0.0
 03/12  15:00:00,6.49282427446,0.0
 03/12  16:00:00,6.49282427446,0.0
 03/12  17:00:00,6.49282427446,0.0
 03/12  18:00:00,6.49282427446,0.0
 03/12  19:00:00,15.4158242745,0.0
 03/12  20:00:00,15.4158242745,0.0
 03/12  21:00:00,15.441600176800002,0.684882921811
 03/12  22:00:00,15.754532272,6.7241506049
 03/12  23:00:00,15.8511037503,8.64761463332
 03/12  24:00:00,16.1811863227,14.870171658399999
 03/13  01:00:00,16.0680681287,12.8220279666
 03/13  02:00:00,16.3127278875,17.4090082029
 03/13  03:00:00,16.1436600296,14.3092276677
 03/13  04:00:00,16.381378671900002,18.750342320799998
 03/13  05:00:00,16.2012260676,15.4433267848
 03/13  06:00:00,26.4709176894,30.178942311799997
 03/13  07:00:00,42.499490190900005,19.0944699902
 03/13  08:00:00,57.5164630143,11.3347756424
 03/13  09:00:00,69.4905118851,8.76807556687
 03/13  10:00:00,69.4905118851,7.491892731799999
 03/13  11:00:00,69.4905118851,5.9546705505999995
 03/13  12:00:00,62.9976876107,4.55789400235
 03/13  13:00:00,69.4905118851,2.13567724312
 03/13  14:00:00,69.4905118851,0.711977175889
 03/13  15:00:00,69.4905118851,0.5673991296600001
 03/13  16:00:00,69.4905118851,0.10327261681199999
 03/13  17:00:00,20.490072501500002,0.0
 03/13  18:00:00,6.49282427446,0.0
 03/13  19:00:00,15.4158242745,0.0
 03/13  20:00:00,15.4158242745,0.0
 03/13  21:00:00,15.4158242745,0.0
 03/13  22:00:00,15.4158242745,0.0
 03/13  23:00:00,15.4158242745,0.0
 03/13  24:00:00,15.6475912275,4.359896633469999
 03/14  01:00:00,15.7832678995,6.98278569351
 03/14  02:00:00,16.0187592688,11.569746289500001
 03/14  03:00:00,16.1272569677,13.799030968199999
 03/14  04:00:00,16.4190407417,19.2310786328
 03/14  05:00:00,16.6425654543,23.7146373659
 03/14  06:00:00,26.4709176894,41.8345677689
 03/14  07:00:00,41.0123235242,36.407836094699995
 03/14  08:00:00,57.5164630143,27.333637871599997
 03/14  09:00:00,69.4905118851,12.2523315155
 03/14  10:00:00,69.4905118851,7.485132109229999
 03/14  11:00:00,69.4905118851,5.168055026469999
 03/14  12:00:00,62.9976876107,3.84101185415
 03/14  13:00:00,69.4905118851,1.9945271861099998
 03/14  14:00:00,69.4905118851,1.02429229189
 03/14  15:00:00,69.4905118851,0.484141097153
 03/14  16:00:00,69.4905118851,0.454865064644
 03/14  17:00:00,20.490072501500002,0.0
 03/14  18:00:00,6.49282427446,0.0
 03/14  19:00:00,15.4158242745,0.0
 03/14  20:00:00,15.4158242745,0.0
 03/14  21:00:00,15.4158242745,0.0
 03/14  22:00:00,15.4158242745,0.0
 03/14  23:00:00,15.4158242745,0.0
 03/14  24:00:00,15.8189544327,7.723254078210001
 03/15  01:00:00,16.3680254378,18.2983420703
 03/15  02:00:00,16.3044603288,17.1274595557
 03/15  03:00:00,16.8604284684,27.765158920999998
 03/15  04:00:00,16.7508394225,25.7642019192
 03/15  05:00:00,17.5514224317,41.105754991
 03/15  06:00:00,26.4709176894,58.198074947399995
 03/15  07:00:00,41.0123235242,50.4978117971
 03/15  08:00:00,57.5164630143,36.5541062861
 03/15  09:00:00,69.4905118851,17.5527215236
 03/15  10:00:00,69.4905118851,7.70874349025
 03/15  11:00:00,69.4905118851,4.75041708283
 03/15  12:00:00,62.9976876107,3.03934746427
 03/15  13:00:00,69.4905118851,0.639269809399
 03/15  14:00:00,69.4905118851,0.0
 03/15  15:00:00,69.4905118851,0.0
 03/15  16:00:00,69.4905118851,0.0
 03/15  17:00:00,20.490072501500002,0.0
 03/15  18:00:00,6.49282427446,0.0
 03/15  19:00:00,13.9286576078,0.0
 03/15  20:00:00,15.4158242745,0.0
 03/15  21:00:00,15.4158242745,0.0
 03/15  22:00:00,15.4158242745,0.0
 03/15  23:00:00,15.4158242745,0.0
 03/15  24:00:00,15.9837658157,10.6667362794
 03/16  01:00:00,16.159759845099998,14.1568098507
 03/16  02:00:00,16.4092777344,19.192935089200002
 03/16  03:00:00,16.6540278051,23.6041916418
 03/16  04:00:00,16.7827425982,26.4576272362
 03/16  05:00:00,17.0995759575,32.1631295617
 03/16  06:00:00,26.4709176894,51.2621989954
 03/16  07:00:00,41.0123235242,42.688956423600004
 03/16  08:00:00,57.5164630143,29.203365516799998
 03/16  09:00:00,69.4905118851,12.794598487
 03/16  10:00:00,69.4905118851,6.21618829089
 03/16  11:00:00,69.4905118851,3.1449738453400005
 03/16  12:00:00,62.9976876107,1.0856714873200002
 03/16  13:00:00,69.4905118851,0.0
 03/16  14:00:00,69.4905118851,0.0
 03/16  15:00:00,69.4905118851,0.0
 03/16  16:00:00,69.4905118851,0.0
 03/16  17:00:00,20.490072501500002,0.0
 03/16  18:00:00,6.49282427446,0.0
 03/16  19:00:00,13.9286576078,0.0
 03/16  20:00:00,15.4158242745,0.0
 03/16  21:00:00,15.4158242745,0.0
 03/16  22:00:00,15.4158242745,0.0
 03/16  23:00:00,15.4158242745,0.0
 03/16  24:00:00,15.6618048736,4.6174898102599995
 03/17  01:00:00,15.8320270014,7.8045003599600005
 03/17  02:00:00,16.035111805499998,11.9724316874
 03/17  03:00:00,16.5487789123,21.686532821
 03/17  04:00:00,16.4495052801,19.877844518
 03/17  05:00:00,17.026357905,30.9028636134
 03/17  06:00:00,26.4709176894,45.5674544619
 03/17  07:00:00,41.0123235242,40.1309038544
 03/17  08:00:00,57.5164630143,29.0604755682
 03/17  09:00:00,69.4905118851,16.0436163671
 03/17  10:00:00,69.4905118851,9.031593918110001
 03/17  11:00:00,69.4905118851,7.3439739054799995
 03/17  12:00:00,62.9976876107,6.33653920288
 03/17  13:00:00,69.4905118851,4.71351774351
 03/17  14:00:00,69.4905118851,3.7303771347500003
 03/17  15:00:00,69.4905118851,3.0387257849
 03/17  16:00:00,69.4905118851,2.90098975653
 03/17  17:00:00,20.490072501500002,0.0
 03/17  18:00:00,6.49282427446,0.0
 03/17  19:00:00,13.9286576078,0.0
 03/17  20:00:00,15.4158242745,0.0
 03/17  21:00:00,15.792090002,7.02726410151
 03/17  22:00:00,16.3214977875,17.2961438422
 03/17  23:00:00,16.68315307,24.1507577453
 03/17  24:00:00,16.8303229289,27.111467887800003
 03/18  01:00:00,17.1520764989,33.1932582728
 03/18  02:00:00,17.2646577337,35.5280132785
 03/18  03:00:00,17.6521461775,42.8387132957
 03/18  04:00:00,17.6312984359,42.6318451657
 03/18  05:00:00,17.9470526064,48.5572001178
 03/18  06:00:00,17.843741883499998,46.7716506895
 03/18  07:00:00,20.5222510227,69.4022629879
 03/18  08:00:00,18.5595173675,60.3621975404
 03/18  09:00:00,28.2564311586,48.4546858186
 03/18  10:00:00,28.2564311586,37.6678024662
 03/18  11:00:00,28.2564311586,28.751704677600003
 03/18  12:00:00,17.547917689400002,17.3589191419
 03/18  13:00:00,17.547917689400002,8.09583769899
 03/18  14:00:00,17.547917689400002,6.11355543721
 03/18  15:00:00,17.547917689400002,4.88798014708
 03/18  16:00:00,6.49282427446,0.0
 03/18  17:00:00,6.49282427446,0.0
 03/18  18:00:00,6.49282427446,0.0
 03/18  19:00:00,13.9286576078,0.0
 03/18  20:00:00,15.8759050423,8.62147190281
 03/18  21:00:00,16.2080042437,15.174075708
 03/18  22:00:00,16.5501348208,21.6555692008
 03/18  23:00:00,16.7078762594,24.8024744335
 03/18  24:00:00,16.998424353599997,30.337050411
 03/19  01:00:00,17.013411685599998,30.7479965198
 03/19  02:00:00,17.2608759637,35.435961564
 03/19  03:00:00,17.2436164809,35.2395627692
 03/19  04:00:00,17.5249030522,40.545113443000005
 03/19  05:00:00,17.505933019100002,40.3136289106
 03/19  06:00:00,17.7909377662,45.678978184399995
 03/19  07:00:00,11.7001255615,43.0780813947
 03/19  08:00:00,8.912493659510002,46.55175859770001
 03/19  09:00:00,8.63676227428,41.3731077371
 03/19  10:00:00,8.56610709347,39.9610309238
 03/19  11:00:00,7.96334451572,28.440981237600003
 03/19  12:00:00,7.4912359328299996,19.3936917999
 03/19  13:00:00,6.878049258410001,7.73473428621
 03/19  14:00:00,6.53563133881,1.13741225712
 03/19  15:00:00,6.49948285884,0.17692302888099998
 03/19  16:00:00,6.51245354411,0.521562789488
 03/19  17:00:00,6.527018916519999,0.9085744514480001
 03/19  18:00:00,6.522203007740001,0.780612542368
 03/19  19:00:00,14.2275647205,6.009742848069999
 03/19  20:00:00,15.9354123185,10.257003368300001
 03/19  21:00:00,16.1024834775,13.4507378085
 03/19  22:00:00,16.3446086289,18.057831041500002
 03/19  23:00:00,16.5004841744,21.0129172509
 03/19  24:00:00,16.7451369993,25.7279058279
 03/20  01:00:00,16.7058504812,25.0103480531
 03/20  02:00:00,16.8670365818,28.098472243099998
 03/20  03:00:00,16.7890007064,26.6301223369
 03/20  04:00:00,16.9730239507,30.149755504899996
 03/20  05:00:00,16.9502216336,29.751851031599998
 03/20  06:00:00,26.4709176894,45.665668788999994
 03/20  07:00:00,39.5251568576,36.1411632383
 03/20  08:00:00,57.5164630143,32.0643148532
 03/20  09:00:00,69.4905118851,29.8263860935
 03/20  10:00:00,69.4905118851,24.570288219800002
 03/20  11:00:00,69.4905118851,19.4955736669
 03/20  12:00:00,62.9976876107,17.0717818555
 03/20  13:00:00,69.4905118851,14.543107513699999
 03/20  14:00:00,69.4905118851,13.3822897765
 03/20  15:00:00,69.4905118851,13.9899147551
 03/20  16:00:00,69.4905118851,17.5394489064
 03/20  17:00:00,21.6886539469,22.32363729
 03/20  18:00:00,7.850609501749999,25.5650808704
 03/20  19:00:00,16.1694953842,42.6573623648
 03/20  20:00:00,17.311121606300002,36.1197531646
 03/20  21:00:00,18.2082558484,53.42498039229999
 03/20  22:00:00,17.6348256046,42.415965005100006
 03/20  23:00:00,18.6334408358,61.748341028599995
 03/20  24:00:00,17.983761823,49.199597851499995
 03/21  01:00:00,19.1017562657,70.8993576183
 03/21  02:00:00,18.3062124503,55.4631747372
 03/21  03:00:00,19.4620291309,77.9637862203
 03/21  04:00:00,18.5560103387,60.3347028406
 03/21  05:00:00,19.7523243479,83.6737772592
 03/21  06:00:00,26.4709176894,102.457267788
 03/21  07:00:00,39.5251568576,90.4123351978
 03/21  08:00:00,57.5164630143,77.3153100991
 03/21  09:00:00,69.4905118851,62.8073202516
 03/21  10:00:00,69.4905118851,50.2927279935
 03/21  11:00:00,69.4905118851,38.4084923442
 03/21  12:00:00,62.9976876107,23.566427793499997
 03/21  13:00:00,69.4905118851,8.53210218647
 03/21  14:00:00,69.4905118851,7.2993073080299995
 03/21  15:00:00,69.4905118851,6.39440597752
 03/21  16:00:00,69.4905118851,6.24166626048
 03/21  17:00:00,20.490072501500002,0.0
 03/21  18:00:00,6.8996706349100005,7.5868955011
 03/21  19:00:00,14.9741351454,19.636990074
 03/21  20:00:00,16.6222735819,22.864014883000003
 03/21  21:00:00,17.3894784959,37.6311658702
 03/21  22:00:00,17.0969736008,32.056851068600004
 03/21  23:00:00,17.9629787736,48.7716882962
 03/21  24:00:00,17.4556875015,38.9957046265
 03/22  01:00:00,18.3750796297,56.7615100943
 03/22  02:00:00,17.7496491841,44.70672746859999
 03/22  03:00:00,18.6988808818,63.092722200299995
 03/22  04:00:00,17.945962787,48.5449718829
 03/22  05:00:00,18.9152419417,67.3639857996
 03/22  06:00:00,26.4709176894,82.5169345623
 03/22  07:00:00,39.5251568576,70.1720070542
 03/22  08:00:00,57.5164630143,58.0130303914
 03/22  09:00:00,69.4905118851,44.3324153365
 03/22  10:00:00,69.4905118851,34.103502248299996
 03/22  11:00:00,69.4905118851,25.1340143255
 03/22  12:00:00,62.9976876107,19.3317680263
 03/22  13:00:00,69.4905118851,12.2696445573
 03/22  14:00:00,69.4905118851,8.714392591889998
 03/22  15:00:00,69.4905118851,7.932830689169999
 03/22  16:00:00,69.4905118851,7.734203095419999
 03/22  17:00:00,20.8702007821,7.097662916919999
 03/22  18:00:00,7.395678386980001,16.7779634327
 03/22  19:00:00,14.842201928800002,17.1778536331
 03/22  20:00:00,16.9729525305,29.4124701942
 03/22  21:00:00,16.7801537444,26.028116409899997
 03/22  22:00:00,17.3676562166,37.0636067934
 03/22  23:00:00,16.9620685493,29.645802753
 03/22  24:00:00,17.5418909874,40.496281524000004
 03/23  01:00:00,17.118555791600002,32.779993329
 03/23  02:00:00,17.8265451874,46.0229222009
 03/23  03:00:00,17.4129847994,38.5368740427
 03/23  04:00:00,18.3081605197,55.318522386800005
 03/23  05:00:00,17.8698275312,47.4527743497
 03/23  06:00:00,26.4709176894,88.1045619607
 03/23  07:00:00,39.5251568576,70.9049615033
 03/23  08:00:00,57.5164630143,57.4631946414
 03/23  09:00:00,69.4905118851,42.6115131962
 03/23  10:00:00,69.4905118851,28.7886613958
 03/23  11:00:00,69.4905118851,17.7572926199
 03/23  12:00:00,62.9976876107,11.6454408596
 03/23  13:00:00,69.4905118851,7.07581659115
 03/23  14:00:00,69.4905118851,5.58602013828
 03/23  15:00:00,69.4905118851,5.768564850090001
 03/23  16:00:00,69.4905118851,6.72456262561
 03/23  17:00:00,20.762597721,5.09273185415
 03/23  18:00:00,7.16036347195,12.4255163419
 03/23  19:00:00,14.959405036700002,19.4368195429
 03/23  20:00:00,16.8563783921,27.2344421955
 03/23  21:00:00,17.0437011649,31.137625606799997
 03/23  22:00:00,17.5173465757,39.9623165005
 03/23  23:00:00,17.7420067394,44.7839976975
 03/23  24:00:00,18.243186266400002,53.922456271
 03/24  01:00:00,18.3149990392,56.0360281471
 03/24  02:00:00,18.7292957792,63.283096893999996
 03/24  03:00:00,18.664959314100003,62.9652131821
 03/24  04:00:00,19.070748881700002,69.87371839
 03/24  05:00:00,18.9512700766,68.6591180791
 03/24  06:00:00,26.4709176894,101.99419006
 03/24  07:00:00,39.5251568576,90.81141718469999
 03/24  08:00:00,57.5164630143,75.8588631726
 03/24  09:00:00,69.4905118851,55.11999176
 03/24  10:00:00,69.4905118851,35.1814367809
 03/24  11:00:00,69.4905118851,18.447400326500002
 03/24  12:00:00,62.9976876107,9.05351597452
 03/24  13:00:00,69.4905118851,5.51621982971
 03/24  14:00:00,69.4905118851,3.9698468671900002
 03/24  15:00:00,69.4905118851,2.7248284282700004
 03/24  16:00:00,69.4905118851,2.5836165401
 03/24  17:00:00,20.490072501500002,0.0
 03/24  18:00:00,6.49282427446,0.0
 03/24  19:00:00,12.9086358132,8.68493834558
 03/24  20:00:00,16.5577088935,21.3762812495
 03/24  21:00:00,16.6536970229,23.3654830521
 03/24  22:00:00,17.5298131363,40.1790334403
 03/24  23:00:00,17.1825993382,33.5918030064
 03/24  24:00:00,17.9582302031,48.5558544628
 03/25  01:00:00,17.4020709011,37.8762717513
 03/25  02:00:00,18.2087702245,53.446692584
 03/25  03:00:00,17.5402560476,40.6110796706
 03/25  04:00:00,18.2903404649,55.108270124700006
 03/25  05:00:00,17.5508678006,40.874362853
 03/25  06:00:00,18.2846498673,55.0456816041
 03/25  07:00:00,19.0350843561,66.0056212443
 03/25  08:00:00,18.5595173675,57.852448805
 03/25  09:00:00,28.2564311586,47.559657961300005
 03/25  10:00:00,28.2564311586,33.861496897399995
 03/25  11:00:00,28.2564311586,20.8901099573
 03/25  12:00:00,17.547917689400002,14.702683325499999
 03/25  13:00:00,17.547917689400002,10.2880251883
 03/25  14:00:00,17.547917689400002,9.10180474088
 03/25  15:00:00,17.547917689400002,8.38704335025
 03/25  16:00:00,6.49282427446,0.0
 03/25  17:00:00,6.49282427446,0.0
 03/25  18:00:00,6.49282427446,0.0
 03/25  19:00:00,12.7597119391,5.912280496830001
 03/25  20:00:00,16.1312622599,13.5101389946
 03/25  21:00:00,16.438323010599998,19.2516410973
 03/25  22:00:00,16.8212720283,26.9641819352
 03/25  23:00:00,17.1964457518,33.8392815686
 03/25  24:00:00,17.2722679135,35.8594313721
 03/26  01:00:00,17.3955637802,37.7261442214
 03/26  02:00:00,17.3672982721,37.7855837452
 03/26  03:00:00,17.5352354308,40.4530501789
 03/26  04:00:00,17.503421006900002,40.482581478200004
 03/26  05:00:00,17.695268062,43.577854726400005
 03/26  06:00:00,17.6480179306,43.37730772729999
 03/26  07:00:00,8.814450782749999,44.4253811234
 03/26  08:00:00,8.58176375158,40.603231881599996
 03/26  09:00:00,8.38101647775,36.1353020442
 03/26  10:00:00,7.9363595709600006,28.0522750693
 03/26  11:00:00,7.691209184119999,22.978306145500003
 03/26  12:00:00,7.44742519386,18.620474051600002
 03/26  13:00:00,7.211919071839999,13.9387219772
 03/26  14:00:00,6.89195819334,7.7165263736
 03/26  15:00:00,6.49282427446,0.0
 03/26  16:00:00,6.49282427446,0.0
 03/26  17:00:00,6.49282427446,0.0
 03/26  18:00:00,6.49282427446,0.0
 03/26  19:00:00,12.8209411761,7.40181697851
 03/26  20:00:00,16.3991407111,18.969093408499997
 03/26  21:00:00,16.3063089387,17.3192009136
 03/26  22:00:00,16.7222486233,25.1023462177
 03/26  23:00:00,16.5199701841,21.4789159618
 03/26  24:00:00,17.025529903800003,30.930660002600003
 03/27  01:00:00,16.902409386400002,28.9080089277
 03/27  02:00:00,17.5132609733,40.2470711992
 03/27  03:00:00,17.0558526047,31.8667365363
 03/27  04:00:00,17.908525653399998,47.7881935954
 03/27  05:00:00,17.4645741003,39.733162462399996
 03/27  06:00:00,26.4709176894,72.8212182463
 03/27  07:00:00,38.037990190900004,57.1839922572
 03/27  08:00:00,57.5164630143,47.2012925325
 03/27  09:00:00,69.4905118851,38.0886891268
 03/27  10:00:00,69.4905118851,31.7517000466
 03/27  11:00:00,69.4905118851,26.748563959899997
 03/27  12:00:00,62.9976876107,25.1670141197
 03/27  13:00:00,69.4905118851,21.9227338143
 03/27  14:00:00,69.4905118851,21.6485718309
 03/27  15:00:00,69.4905118851,20.164235974100002
 03/27  16:00:00,69.4905118851,18.1343354301
 03/27  17:00:00,21.6522136997,21.5825100086
 03/27  18:00:00,7.852939526689999,25.6542938963
 03/27  19:00:00,14.6186591337,41.3097877088
 03/27  20:00:00,17.2109437626,34.232200005500005
 03/27  21:00:00,17.979095836400003,48.8975727209
 03/27  22:00:00,17.4231598297,38.4187343898
 03/27  23:00:00,18.1736762136,52.7169393783
 03/27  24:00:00,17.518695891300002,40.3146911552
 03/28  01:00:00,18.2915168966,55.076219754099995
 03/28  02:00:00,17.6300720614,42.5127583814
 03/28  03:00:00,18.4483932898,58.1696157711
 03/28  04:00:00,17.7481392045,44.818655909700006
 03/28  05:00:00,18.5736593383,60.6431293525
 03/28  06:00:00,26.4709176894,75.2420399034
 03/28  07:00:00,38.037990190900004,64.60160809899999
 03/28  08:00:00,57.5164630143,54.532603552
 03/28  09:00:00,69.4905118851,44.573326623199996
 03/28  10:00:00,69.4905118851,38.0732225462
 03/28  11:00:00,69.4905118851,32.7509109047
 03/28  12:00:00,62.9976876107,29.6664347792
 03/28  13:00:00,69.4905118851,23.7531355177
 03/28  14:00:00,69.4905118851,20.8024343553
 03/28  15:00:00,69.4905118851,19.7868583477
 03/28  16:00:00,69.4905118851,20.1704059761
 03/28  17:00:00,21.7363181295,23.163231401999997
 03/28  18:00:00,7.90617762923,26.673554088899998
 03/28  19:00:00,14.725149375099999,43.355960217399996
 03/28  20:00:00,17.3444219061,36.8064935283
 03/28  21:00:00,18.1920192038,52.968379847
 03/28  22:00:00,17.5906181901,41.6162818572
 03/28  23:00:00,18.4011212103,57.0910653183
 03/28  24:00:00,17.715441898599998,44.0946602909
 03/29  01:00:00,18.5712641713,60.4733596613
 03/29  02:00:00,17.8193448993,46.157893094799995
 03/29  03:00:00,18.6847650833,62.7508092745
 03/29  04:00:00,17.9242574076,48.2380353545
 03/29  05:00:00,18.804940499,65.1412288409
 03/29  06:00:00,26.4709176894,80.6813968708
 03/29  07:00:00,38.037990190900004,70.50543517060001
 03/29  08:00:00,57.5164630143,60.7819146275
 03/29  09:00:00,69.4905118851,49.692329892
 03/29  10:00:00,69.4905118851,39.6526361308
 03/29  11:00:00,69.4905118851,29.6966031848
 03/29  12:00:00,62.9976876107,20.454295393800003
 03/29  13:00:00,69.4905118851,9.05322962258
 03/29  14:00:00,69.4905118851,7.05312268154
 03/29  15:00:00,69.4905118851,6.433969524889999
 03/29  16:00:00,69.4905118851,7.120019525630001
 03/29  17:00:00,20.9961951033,9.397357937619999
 03/29  18:00:00,7.851886948939999,25.487281208600002
 03/29  19:00:00,13.88122176,27.395855421500002
 03/29  20:00:00,17.784227034300002,45.1133184642
 03/29  21:00:00,17.4256379785,38.459214972
 03/29  22:00:00,18.377612094,56.6182192649
 03/29  23:00:00,17.745149954400002,44.6679297184
 03/29  24:00:00,18.5911277328,60.8478172608
 03/30  01:00:00,17.8636929825,47.0226606365
 03/30  02:00:00,18.8030427779,65.03416402
 03/30  03:00:00,18.0930833108,51.513851263199996
 03/30  04:00:00,19.1020913274,70.9023955078
 03/30  05:00:00,18.2813832853,55.1982222837
 03/30  06:00:00,26.4709176894,102.38076459700001
 03/30  07:00:00,38.037990190900004,85.7500475761
 03/30  08:00:00,57.5164630143,73.8121952719
 03/30  09:00:00,69.4905118851,60.8533122138
 03/30  10:00:00,69.4905118851,51.217005316400005
 03/30  11:00:00,69.4905118851,43.418130659300004
 03/30  12:00:00,62.9976876107,39.9769173777
 03/30  13:00:00,69.4905118851,34.1458695111
 03/30  14:00:00,69.4905118851,32.5138540722
 03/30  15:00:00,69.4905118851,31.946807877399998
 03/30  16:00:00,69.4905118851,31.9858477707
 03/30  17:00:00,22.197833023,31.686495685700002
 03/30  18:00:00,8.35651643829,35.4052035868
 03/30  19:00:00,15.262835228800002,53.3890904712
 03/30  20:00:00,17.809947356400002,45.9430909245
 03/30  21:00:00,18.7270980392,62.9509904865
 03/30  22:00:00,18.0762329672,51.242392427
 03/30  23:00:00,18.9420121488,67.19567392479999
 03/30  24:00:00,18.1877808539,53.505495126599996
 03/31  01:00:00,19.041367296199997,69.1766127739
 03/31  02:00:00,18.2791358519,55.34934497850001
 03/31  03:00:00,19.193684897,72.17066688850001
 03/31  04:00:00,18.3883050655,57.5240524217
 03/31  05:00:00,19.3060789398,74.3747404068
 03/31  06:00:00,26.4709176894,93.2291832395
 03/31  07:00:00,38.037990190900004,81.6236268684
 03/31  08:00:00,57.5164630143,71.5838710662
 03/31  09:00:00,69.4905118851,61.9297213695
 03/31  10:00:00,69.4905118851,55.4602572725
 03/31  11:00:00,69.4905118851,48.6281619413
 03/31  12:00:00,62.9976876107,44.031742512799994
 03/31  13:00:00,69.4905118851,36.2328993648
 03/31  14:00:00,69.4905118851,31.426737799
 03/31  15:00:00,69.4905118851,29.580139011999997
 03/31  16:00:00,69.4905118851,30.2864920554
 03/31  17:00:00,22.1084912582,29.988907498499998
 03/31  18:00:00,8.25967660075,33.4805521816
 03/31  19:00:00,15.212071725,52.409748174399994
 03/31  20:00:00,17.8730230235,47.1566255297
 03/31  21:00:00,18.894087158199998,66.1734536485
 03/31  22:00:00,18.2105592428,53.84899920000001
 03/31  23:00:00,18.970011846,67.7175246327
 03/31  24:00:00,18.0217779423,50.2371803132
 04/01  01:00:00,18.4949803429,58.636745615100004
 04/01  02:00:00,17.4792200577,39.7938917429
 04/01  03:00:00,17.6436607797,42.4732239772
 04/01  04:00:00,16.793944548,26.679707592800003
 04/01  05:00:00,16.8715296266,27.7879598661
 04/01  06:00:00,14.9504463906,19.828422948900002
 04/01  07:00:00,17.547917689400002,31.2568861134
 04/01  08:00:00,18.5595173675,18.0064322303
 04/01  09:00:00,28.2564311586,11.1486307376
 04/01  10:00:00,28.2564311586,9.637869143589999
 04/01  11:00:00,28.2564311586,8.369185027999999
 04/01  12:00:00,17.547917689400002,8.07888448546
 04/01  13:00:00,17.547917689400002,7.36789321489
 04/01  14:00:00,17.547917689400002,6.356021641900001
 04/01  15:00:00,17.547917689400002,3.92636821211
 04/01  16:00:00,6.49282427446,0.0
 04/01  17:00:00,6.49282427446,0.0
 04/01  18:00:00,6.49282427446,0.0
 04/01  19:00:00,12.4414909411,0.0
 04/01  20:00:00,15.4158242745,0.0
 04/01  21:00:00,15.4158242745,0.0
 04/01  22:00:00,15.4158242745,0.0
 04/01  23:00:00,15.4158242745,0.0
 04/01  24:00:00,15.4158242745,0.0
 04/02  01:00:00,15.4158242745,0.0
 04/02  02:00:00,15.4158242745,0.0
 04/02  03:00:00,15.730239839200001,5.91127535952
 04/02  04:00:00,16.0079486342,11.156976294200001
 04/02  05:00:00,16.0713831305,12.4539746594
 04/02  06:00:00,14.800254811199999,16.8927760369
 04/02  07:00:00,7.67862067411,22.6030018175
 04/02  08:00:00,7.6135941462800005,21.6603780158
 04/02  09:00:00,7.404743515239999,17.4159672396
 04/02  10:00:00,6.8264998352,6.42408730553
 04/02  11:00:00,6.49282427446,0.0
 04/02  12:00:00,6.49282427446,0.0
 04/02  13:00:00,6.49282427446,0.0
 04/02  14:00:00,6.49282427446,0.0
 04/02  15:00:00,6.49282427446,0.0
 04/02  16:00:00,6.49282427446,0.0
 04/02  17:00:00,6.49282427446,0.0
 04/02  18:00:00,6.49282427446,0.0
 04/02  19:00:00,12.4414909411,0.0
 04/02  20:00:00,15.4158242745,0.0
 04/02  21:00:00,15.4158242745,0.0
 04/02  22:00:00,15.4158242745,0.0
 04/02  23:00:00,15.4158242745,0.0
 04/02  24:00:00,15.4158242745,0.0
 04/03  01:00:00,15.4158242745,0.0
 04/03  02:00:00,15.4158242745,0.0
 04/03  03:00:00,15.4158242745,0.0
 04/03  04:00:00,15.4158242745,0.0
 04/03  05:00:00,15.4158242745,0.0
 04/03  06:00:00,24.983751022699998,12.760888665
 04/03  07:00:00,38.037990190900004,8.49449450787
 04/03  08:00:00,57.5164630143,6.00564468569
 04/03  09:00:00,69.4905118851,4.38499285608
 04/03  10:00:00,69.4905118851,3.73079878786
 04/03  11:00:00,69.4905118851,3.0799780597
 04/03  12:00:00,62.9976876107,2.11487948585
 04/03  13:00:00,69.4905118851,0.402391047543
 04/03  14:00:00,69.4905118851,0.0
 04/03  15:00:00,69.4905118851,0.0
 04/03  16:00:00,69.4905118851,0.0
 04/03  17:00:00,20.490072501500002,0.0
 04/03  18:00:00,6.49282427446,0.0
 04/03  19:00:00,10.954324274500001,0.0
 04/03  20:00:00,15.4158242745,0.0
 04/03  21:00:00,15.4158242745,0.0
 04/03  22:00:00,15.4158242745,0.0
 04/03  23:00:00,15.4158242745,0.0
 04/03  24:00:00,15.4158242745,0.0
 04/04  01:00:00,15.4158242745,0.0
 04/04  02:00:00,16.0744207565,12.488759397599999
 04/04  03:00:00,16.231654046,15.63936193
 04/04  04:00:00,16.4426225299,19.7147812645
 04/04  05:00:00,16.7669180352,25.8800461165
 04/04  06:00:00,24.983751022699998,43.7889228696
 04/04  07:00:00,38.037990190900004,34.8317114483
 04/04  08:00:00,57.5164630143,22.3911401754
 04/04  09:00:00,69.4905118851,10.2063115856
 04/04  10:00:00,69.4905118851,6.6569029018300006
 04/04  11:00:00,69.4905118851,4.77132624351
 04/04  12:00:00,62.9976876107,3.7123477334300006
 04/04  13:00:00,69.4905118851,1.83378232852
 04/04  14:00:00,69.4905118851,0.507667606445
 04/04  15:00:00,69.4905118851,0.0
 04/04  16:00:00,69.4905118851,0.0
 04/04  17:00:00,20.490072501500002,0.0
 04/04  18:00:00,6.49282427446,0.0
 04/04  19:00:00,10.954324274500001,0.0
 04/04  20:00:00,15.4158242745,0.0
 04/04  21:00:00,15.6282370026,3.99686584774
 04/04  22:00:00,16.0270464901,11.3840030078
 04/04  23:00:00,16.024461181,11.337793746800001
 04/04  24:00:00,16.337470139100002,17.4916976629
 04/05  01:00:00,16.181322215399998,14.525240005799999
 04/05  02:00:00,16.5040491891,20.6323789034
 04/05  03:00:00,16.312322138,17.102086186199998
 04/05  04:00:00,16.7131902677,24.6839765673
 04/05  05:00:00,16.427827542,19.3520173856
 04/05  06:00:00,24.983751022699998,39.9456907967
 04/05  07:00:00,38.037990190900004,29.271793897
 04/05  08:00:00,57.5164630143,18.641867640799997
 04/05  09:00:00,69.4905118851,13.5558789974
 04/05  10:00:00,69.4905118851,14.296491550899999
 04/05  11:00:00,69.4905118851,13.951195894300001
 04/05  12:00:00,62.9976876107,9.407703436110001
 04/05  13:00:00,69.4905118851,7.27227398742
 04/05  14:00:00,69.4905118851,6.48508233576
 04/05  15:00:00,69.4905118851,5.4393935526699995
 04/05  16:00:00,69.4905118851,5.081798243030001
 04/05  17:00:00,20.490072501500002,0.0
 04/05  18:00:00,6.49282427446,0.0
 04/05  19:00:00,10.954324274500001,0.0
 04/05  20:00:00,15.4158242745,0.0
 04/05  21:00:00,15.4158242745,0.0
 04/05  22:00:00,15.934806327,9.78057050211
 04/05  23:00:00,15.9651424502,10.2931305636
 04/05  24:00:00,16.1195804142,13.2822118546
 04/06  01:00:00,16.4542201328,19.8216828045
 04/06  02:00:00,16.8120427663,26.526293195
 04/06  03:00:00,16.9080210825,28.7749197918
 04/06  04:00:00,17.101259274300002,32.094696650500005
 04/06  05:00:00,17.143952671300003,33.3718899756
 04/06  06:00:00,24.983751022699998,51.015495229399995
 04/06  07:00:00,38.037990190900004,40.129527614699995
 04/06  08:00:00,57.5164630143,28.3443614035
 04/06  09:00:00,69.4905118851,17.841364068900003
 04/06  10:00:00,69.4905118851,9.65502845237
 04/06  11:00:00,69.4905118851,6.220620028169999
 04/06  12:00:00,62.9976876107,4.58961221494
 04/06  13:00:00,69.4905118851,2.49290665879
 04/06  14:00:00,69.4905118851,0.945854810608
 04/06  15:00:00,69.4905118851,0.02970836392
 04/06  16:00:00,69.4905118851,0.0
 04/06  17:00:00,20.490072501500002,0.0
 04/06  18:00:00,6.49282427446,0.0
 04/06  19:00:00,10.954324274500001,0.0
 04/06  20:00:00,15.4158242745,0.0
 04/06  21:00:00,15.4158242745,0.0
 04/06  22:00:00,16.092614752,12.678951874200001
 04/06  23:00:00,16.2624725475,15.769773046800001
 04/06  24:00:00,16.4590864125,19.8416371678
 04/07  01:00:00,16.6920387809,24.0895154597
 04/07  02:00:00,16.7807943765,26.1436457429
 04/07  03:00:00,16.9566086357,29.1919977288
 04/07  04:00:00,16.9597024713,29.6834856748
 04/07  05:00:00,17.0559432991,31.1443500429
 04/07  06:00:00,23.4965843561,42.0022212657
 04/07  07:00:00,38.037990190900004,26.333940828000003
 04/07  08:00:00,57.5164630143,10.8743217906
 04/07  09:00:00,69.4905118851,7.34434212254
 04/07  10:00:00,69.4905118851,4.80162399458
 04/07  11:00:00,69.4905118851,1.7420000995500002
 04/07  12:00:00,62.9976876107,0.103406589044
 04/07  13:00:00,69.4905118851,0.0
 04/07  14:00:00,69.4905118851,0.0
 04/07  15:00:00,69.4905118851,0.0
 04/07  16:00:00,69.4905118851,0.0
 04/07  17:00:00,20.490072501500002,0.0
 04/07  18:00:00,6.49282427446,0.0
 04/07  19:00:00,10.954324274500001,0.0
 04/07  20:00:00,15.4158242745,0.0
 04/07  21:00:00,15.4158242745,0.0
 04/07  22:00:00,15.4158242745,0.0
 04/07  23:00:00,15.4158242745,0.0
 04/07  24:00:00,15.4158242745,0.0
 04/08  01:00:00,15.4158242745,0.0
 04/08  02:00:00,15.4158242745,0.0
 04/08  03:00:00,15.4158242745,0.0
 04/08  04:00:00,16.0712446148,12.3180598751
 04/08  05:00:00,16.049752725599998,11.9403366872
 04/08  06:00:00,13.0508483599,11.6482829465
 04/08  07:00:00,17.547917689400002,20.860633978800003
 04/08  08:00:00,18.5595173675,11.6138692549
 04/08  09:00:00,28.2564311586,9.34814415255
 04/08  10:00:00,28.2564311586,8.3464138222
 04/08  11:00:00,28.2564311586,7.44145888012
 04/08  12:00:00,17.547917689400002,7.4387999442299995
 04/08  13:00:00,17.547917689400002,6.74623550092
 04/08  14:00:00,17.547917689400002,5.64142769554
 04/08  15:00:00,17.547917689400002,5.896510102150001
 04/08  16:00:00,6.49282427446,0.0
 04/08  17:00:00,6.49282427446,0.0
 04/08  18:00:00,6.49282427446,0.0
 04/08  19:00:00,10.954324274500001,0.0
 04/08  20:00:00,15.4158242745,0.0
 04/08  21:00:00,15.4158242745,0.0
 04/08  22:00:00,15.595138718800001,3.40451204254
 04/08  23:00:00,15.7779632071,6.8225568124
 04/08  24:00:00,15.992757468199999,10.971294220699999
 04/09  01:00:00,16.1385559135,13.8855657662
 04/09  02:00:00,16.181351495999998,14.847969123299999
 04/09  03:00:00,16.3833621831,18.5655321787
 04/09  04:00:00,16.4375107402,19.6685075577
 04/09  05:00:00,16.6426369395,23.5740302985
 04/09  06:00:00,13.6509753474,23.309597771999996
 04/09  07:00:00,7.799798564369999,25.143382868099998
 04/09  08:00:00,7.708804425149999,23.4478274063
 04/09  09:00:00,7.666389747469999,22.555663271300002
 04/09  10:00:00,7.51093219587,19.6586443692
 04/09  11:00:00,7.633466080800001,21.9934484094
 04/09  12:00:00,7.5619307979,20.6377549985
 04/09  13:00:00,7.62481092491,21.830128590799998
 04/09  14:00:00,7.55119818158,20.4253607997
 04/09  15:00:00,7.63340556408,21.9900837461
 04/09  16:00:00,7.55782770506,20.558812954500002
 04/09  17:00:00,7.690658651900001,23.104647082600003
 04/09  18:00:00,7.6968060431800005,23.232078501300002
 04/09  19:00:00,12.429084168800001,28.409685016599997
 04/09  20:00:00,16.959228531199997,29.7621427791
 04/09  21:00:00,17.1808317739,33.9729629757
 04/09  22:00:00,17.106390163,32.6131276211
 04/09  23:00:00,17.2808789229,35.8941451242
 04/09  24:00:00,17.1665126252,33.7768878249
 04/10  01:00:00,17.324938688099998,36.74513749
 04/10  02:00:00,17.1997851725,34.4223957572
 04/10  03:00:00,17.3581479632,37.385696654499995
 04/10  04:00:00,17.2267098407,34.9370730116
 04/10  05:00:00,17.3795966568,37.799211166
 04/10  06:00:00,23.4965843561,51.34707764149999
 04/10  07:00:00,38.037990190900004,39.2875680286
 04/10  08:00:00,57.5164630143,28.5430376419
 04/10  09:00:00,69.4905118851,20.325391411
 04/10  10:00:00,69.4905118851,16.8226482075
 04/10  11:00:00,69.4905118851,12.886817696400001
 04/10  12:00:00,62.9976876107,10.875433862000001
 04/10  13:00:00,69.4905118851,8.12316320047
 04/10  14:00:00,69.4905118851,6.764508329219999
 04/10  15:00:00,69.4905118851,4.50747035582
 04/10  16:00:00,69.4905118851,2.68899508213
 04/10  17:00:00,20.490072501500002,0.0
 04/10  18:00:00,6.49282427446,0.0
 04/10  19:00:00,10.954324274500001,0.0
 04/10  20:00:00,15.4158242745,0.0
 04/10  21:00:00,15.4158242745,0.0
 04/10  22:00:00,15.6772254126,4.9159746567100004
 04/10  23:00:00,15.788530844,6.9962616688
 04/10  24:00:00,15.898642628,9.04845165705
 04/11  01:00:00,16.3947293347,18.66205639
 04/11  02:00:00,16.306327181700002,16.936869269200002
 04/11  03:00:00,16.8287737309,26.9856599958
 04/11  04:00:00,16.5764330379,22.1660136958
 04/11  05:00:00,17.1290826235,32.819371644899995
 04/11  06:00:00,23.4965843561,44.3504496039
 04/11  07:00:00,38.037990190900004,35.6810191477
 04/11  08:00:00,57.5164630143,28.9466890417
 04/11  09:00:00,69.4905118851,21.8905244446
 04/11  10:00:00,69.4905118851,18.3875864685
 04/11  11:00:00,69.4905118851,16.5693671199
 04/11  12:00:00,62.9976876107,16.5584857108
 04/11  13:00:00,69.4905118851,10.019860353099999
 04/11  14:00:00,69.4905118851,7.799486627010001
 04/11  15:00:00,69.4905118851,7.217694947789999
 04/11  16:00:00,69.4905118851,6.91741686254
 04/11  17:00:00,20.7546549493,4.96211556816
 04/11  18:00:00,7.023693054489999,9.87280496476
 04/11  19:00:00,11.688832401900001,13.7043553235
 04/11  20:00:00,16.5376245111,20.9831965395
 04/11  21:00:00,16.7436423973,25.2848651854
 04/11  22:00:00,17.0851962984,31.556275062199997
 04/11  23:00:00,17.223625230699998,34.6737354797
 04/11  24:00:00,17.5110034326,39.7190354573
 04/12  01:00:00,17.600940990799998,42.088772615399996
 04/12  02:00:00,17.9228057336,47.618456393900004
 04/12  03:00:00,17.936470687899998,48.658828738100006
 04/12  04:00:00,18.1717122193,52.4274636593
 04/12  05:00:00,18.0769414372,51.4475481899
 04/12  06:00:00,23.4965843561,75.66539378819999
 04/12  07:00:00,38.037990190900004,58.5325434604
 04/12  08:00:00,57.5164630143,37.841061868699995
 04/12  09:00:00,69.4905118851,16.0497997464
 04/12  10:00:00,69.4905118851,7.494741933260001
 04/12  11:00:00,69.4905118851,5.302903039319999
 04/12  12:00:00,62.9976876107,3.86058740437
 04/12  13:00:00,69.4905118851,1.93713281192
 04/12  14:00:00,69.4905118851,0.41629202934799997
 04/12  15:00:00,69.4905118851,0.0
 04/12  16:00:00,69.4905118851,0.0
 04/12  17:00:00,20.490072501500002,0.0
 04/12  18:00:00,6.49282427446,0.0
 04/12  19:00:00,9.467157607799999,0.0
 04/12  20:00:00,15.4158242745,0.0
 04/12  21:00:00,15.4158242745,0.0
 04/12  22:00:00,15.7145347138,5.593668844140001
 04/12  23:00:00,16.0158786045,11.175395010599999
 04/12  24:00:00,16.2378527974,15.5405974056
 04/13  01:00:00,16.5070214029,20.5739113018
 04/13  02:00:00,16.5912458571,22.4745458373
 04/13  03:00:00,16.801686796800002,26.236867050999997
 04/13  04:00:00,16.8701890699,27.9430424331
 04/13  05:00:00,17.015921270699998,30.3765256356
 04/13  06:00:00,22.0094176894,42.5292175531
 04/13  07:00:00,38.037990190900004,27.637465859299997
 04/13  08:00:00,57.5164630143,12.7723455888
 04/13  09:00:00,69.4905118851,7.7527333355899986
 04/13  10:00:00,69.4905118851,5.819377351719999
 04/13  11:00:00,69.4905118851,3.86163507176
 04/13  12:00:00,62.9976876107,2.56346367461
 04/13  13:00:00,69.4905118851,0.381801912439
 04/13  14:00:00,69.4905118851,0.0
 04/13  15:00:00,69.4905118851,0.0
 04/13  16:00:00,69.4905118851,0.0
 04/13  17:00:00,20.490072501500002,0.0
 04/13  18:00:00,6.49282427446,0.0
 04/13  19:00:00,9.467157607799999,0.0
 04/13  20:00:00,15.4158242745,0.0
 04/13  21:00:00,15.4158242745,0.0
 04/13  22:00:00,15.4158242745,0.0
 04/13  23:00:00,15.4158242745,0.0
 04/13  24:00:00,15.6815444941,4.98692179974
 04/14  01:00:00,15.8937086724,8.90524051383
 04/14  02:00:00,15.9448353078,10.0998593857
 04/14  03:00:00,16.359170827899998,17.9028191461
 04/14  04:00:00,16.2667989435,16.3742266973
 04/14  05:00:00,16.6233171747,22.9662155719
 04/14  06:00:00,22.0094176894,31.9699118721
 04/14  07:00:00,38.037990190900004,21.7543725331
 04/14  08:00:00,57.5164630143,10.708577266
 04/14  09:00:00,69.4905118851,7.51821864869
 04/14  10:00:00,69.4905118851,6.22265763778
 04/14  11:00:00,69.4905118851,5.3440884685
 04/14  12:00:00,62.9976876107,4.87468602594
 04/14  13:00:00,69.4905118851,3.65778641167
 04/14  14:00:00,69.4905118851,3.1674185469200005
 04/14  15:00:00,69.4905118851,2.98995374038
 04/14  16:00:00,69.4905118851,3.30528084185
 04/14  17:00:00,20.490072501500002,0.0
 04/14  18:00:00,6.49282427446,0.0
 04/14  19:00:00,9.467157607799999,0.0
 04/14  20:00:00,15.5914569037,3.3107200949799998
 04/14  21:00:00,15.7574287699,6.39909648233
 04/14  22:00:00,15.9333206601,9.65667137097
 04/14  23:00:00,16.0621591625,12.163113396099998
 04/14  24:00:00,16.228034699200002,15.5489351204
 04/15  01:00:00,16.5183970464,20.9330425649
 04/15  02:00:00,16.6143929313,23.065448842
 04/15  03:00:00,16.7662397317,25.7104375775
 04/15  04:00:00,16.8517223776,27.7490701782
 04/15  05:00:00,16.918496726500003,28.6512509613
 04/15  06:00:00,12.420135229400001,28.3516240886
 04/15  07:00:00,17.547917689400002,43.497561292600004
 04/15  08:00:00,18.5595173675,39.0594265047
 04/15  09:00:00,28.2564311586,35.877388774
 04/15  10:00:00,28.2564311586,38.161465133200004
 04/15  11:00:00,28.2564311586,35.3908851934
 04/15  12:00:00,17.547917689400002,38.1922492042
 04/15  13:00:00,17.547917689400002,41.1425058261
 04/15  14:00:00,17.547917689400002,39.268411824299996
 04/15  15:00:00,17.547917689400002,42.7467234111
 04/15  16:00:00,8.222296444089999,32.283765834099995
 04/15  17:00:00,7.989447096769999,28.410482004099997
 04/15  18:00:00,8.65600620874,41.013687035100006
 04/15  19:00:00,11.312113330399999,35.417556696700004
 04/15  20:00:00,17.9133196523,47.518898318000005
 04/15  21:00:00,17.4217226884,38.6662195221
 04/15  22:00:00,18.187056765599998,52.822709021899996
 04/15  23:00:00,17.6132039393,42.456032253800004
 04/15  24:00:00,18.4210487886,57.38439061020001
 04/16  01:00:00,17.7964919955,46.083127087799994
 04/16  02:00:00,18.6029595386,60.9334381969
 04/16  03:00:00,17.8279302938,46.693970962799995
 04/16  04:00:00,18.6475807669,61.8188988
 04/16  05:00:00,18.0593122139,51.2564162053
 04/16  06:00:00,14.343552858199999,64.8604671953
 04/16  07:00:00,9.126232280510001,51.0551085749
 04/16  08:00:00,9.78710567868,63.03184190899999
 04/16  09:00:00,8.93456154087,47.338165215
 04/16  10:00:00,9.64632385855,60.347841291
 04/16  11:00:00,9.08441863263,50.246730581499996
 04/16  12:00:00,9.49580822507,57.430904471999995
 04/16  13:00:00,8.61156300592,41.0966614509
 04/16  14:00:00,9.1024224327,49.926364149099996
 04/16  15:00:00,8.45914713954,38.1882065908
 04/16  16:00:00,8.980341854439999,47.5961488709
 04/16  17:00:00,8.45087198026,38.030567258400005
 04/16  18:00:00,9.09626592985,49.7968056447
 04/16  19:00:00,11.5697824719,40.7699730366
 04/16  20:00:00,18.2741356372,54.621801921999996
 04/16  21:00:00,17.7248246908,44.750584033100004
 04/16  22:00:00,18.516056896400002,59.2751081454
 04/16  23:00:00,17.8612276049,47.4034464658
 04/16  24:00:00,18.5952042306,60.7989253689
 04/17  01:00:00,17.857004311500003,47.3046422673
 04/17  02:00:00,18.501663301,58.9840653045
 04/17  03:00:00,17.7900006381,45.9997072533
 04/17  04:00:00,18.493414684,58.833682983500005
 04/17  05:00:00,17.8467990016,47.1106001288
 04/17  06:00:00,22.0094176894,83.7808974853
 04/17  07:00:00,38.037990190900004,60.8542901533
 04/17  08:00:00,57.5164630143,45.478261744300006
 04/17  09:00:00,69.4905118851,28.0180858394
 04/17  10:00:00,69.4905118851,13.6588883349
 04/17  11:00:00,69.4905118851,7.8503688369
 04/17  12:00:00,62.9976876107,6.715402653099999
 04/17  13:00:00,69.4905118851,4.76256187109
 04/17  14:00:00,69.4905118851,3.7735812550800003
 04/17  15:00:00,69.4905118851,4.47832397069
 04/17  16:00:00,69.4905118851,4.61156722869
 04/17  17:00:00,20.490072501500002,0.0
 04/17  18:00:00,6.49282427446,0.0
 04/17  19:00:00,10.049928744299999,10.9260323975
 04/17  20:00:00,16.2534507857,15.5976728024
 04/17  21:00:00,16.4707736253,20.0589971424
 04/17  22:00:00,16.668516038,23.6222654823
 04/17  23:00:00,16.696932530399998,24.4906112079
 04/17  24:00:00,16.882449278499998,27.752402861700002
 04/18  01:00:00,16.9264381029,29.0141485383
 04/18  02:00:00,17.0779746337,31.530348543600002
 04/18  03:00:00,17.0545261926,31.549735663099998
 04/18  04:00:00,17.3425504763,36.5937585555
 04/18  05:00:00,17.557878491500002,41.365312497
 04/18  06:00:00,22.0094176894,66.5046962609
 04/18  07:00:00,38.037990190900004,51.023351357799996
 04/18  08:00:00,57.5164630143,34.1146976764
 04/18  09:00:00,69.4905118851,17.3948538627
 04/18  10:00:00,69.4905118851,8.14445598633
 04/18  11:00:00,69.4905118851,6.11681400877
 04/18  12:00:00,62.9976876107,4.7717601812699995
 04/18  13:00:00,69.4905118851,2.63248622678
 04/18  14:00:00,69.4905118851,1.75716219192
 04/18  15:00:00,69.4905118851,1.16125375056
 04/18  16:00:00,69.4905118851,2.088979638
 04/18  17:00:00,20.490072501500002,0.0
 04/18  18:00:00,6.49282427446,0.0
 04/18  19:00:00,9.467157607799999,0.0
 04/18  20:00:00,15.7539584779,6.31267909423
 04/18  21:00:00,16.0974907704,12.774976958
 04/18  22:00:00,16.780478451900002,25.7654204628
 04/18  23:00:00,16.6463709172,23.3946915163
 04/18  24:00:00,17.2903896273,35.6350660306
 04/19  01:00:00,16.933393668599997,28.944638870100004
 04/19  02:00:00,17.5613351854,40.8700787865
 04/19  03:00:00,17.095173995499998,32.096244964600004
 04/19  04:00:00,17.83853806,46.2709419865
 04/19  05:00:00,17.3828194688,37.680295039499995
 04/19  06:00:00,22.0094176894,69.203760269
 04/19  07:00:00,38.037990190900004,48.277452394799994
 04/19  08:00:00,57.5164630143,32.3590535306
 04/19  09:00:00,69.4905118851,15.4809145815
 04/19  10:00:00,69.4905118851,6.98500517658
 04/19  11:00:00,69.4905118851,4.62972874153
 04/19  12:00:00,62.9976876107,3.07143705417
 04/19  13:00:00,69.4905118851,1.11168499214
 04/19  14:00:00,69.4905118851,0.0375799167126
 04/19  15:00:00,69.4905118851,0.0
 04/19  16:00:00,69.4905118851,0.0
 04/19  17:00:00,20.490072501500002,0.0
 04/19  18:00:00,6.49282427446,0.0
 04/19  19:00:00,9.467157607799999,0.0
 04/19  20:00:00,15.4158242745,0.0
 04/19  21:00:00,15.4158242745,0.0
 04/19  22:00:00,15.4158242745,0.0
 04/19  23:00:00,16.0271557941,11.4507062729
 04/19  24:00:00,16.3492907554,17.550156961099997
 04/20  01:00:00,16.5259299854,21.109721802
 04/20  02:00:00,16.803820363099998,26.3913447061
 04/20  03:00:00,16.8409439476,27.2566984569
 04/20  04:00:00,17.0642307116,31.426359268200002
 04/20  05:00:00,17.0208236379,30.744577182399997
 04/20  06:00:00,20.5222510227,46.5949737497
 04/20  07:00:00,38.037990190900004,33.0122465674
 04/20  08:00:00,57.5164630143,23.120532584
 04/20  09:00:00,69.4905118851,12.778315180999998
 04/20  10:00:00,69.4905118851,7.99184761013
 04/20  11:00:00,69.4905118851,6.48269200384
 04/20  12:00:00,62.9976876107,5.18067774575
 04/20  13:00:00,69.4905118851,3.8302355717300003
 04/20  14:00:00,69.4905118851,3.06431431993
 04/20  15:00:00,69.4905118851,1.5122715234
 04/20  16:00:00,69.4905118851,1.8358404214
 04/20  17:00:00,20.490072501500002,0.0
 04/20  18:00:00,6.49282427446,0.0
 04/20  19:00:00,9.467157607799999,0.0
 04/20  20:00:00,15.4158242745,0.0
 04/20  21:00:00,15.5826225126,3.14987554441
 04/20  22:00:00,15.775796704600001,6.75973732366
 04/20  23:00:00,15.949600148,9.98527939711
 04/20  24:00:00,16.0924030014,12.8349578575
 04/21  01:00:00,16.2809666382,16.547761049600002
 04/21  02:00:00,16.6224790654,23.066991659
 04/21  03:00:00,16.7117561094,24.798097792600004
 04/21  04:00:00,16.9939941723,30.267614000300004
 04/21  05:00:00,16.9604116771,29.6244679984
 04/21  06:00:00,20.5222510227,45.7959340234
 04/21  07:00:00,38.037990190900004,31.1456275185
 04/21  08:00:00,57.5164630143,16.6469914547
 04/21  09:00:00,69.4905118851,7.896099130339999
 04/21  10:00:00,69.4905118851,5.02198471206
 04/21  11:00:00,69.4905118851,2.9226032732200005
 04/21  12:00:00,62.9976876107,2.17752583838
 04/21  13:00:00,69.4905118851,0.7743746545569999
 04/21  14:00:00,69.4905118851,0.025286842599299995
 04/21  15:00:00,69.4905118851,0.0
 04/21  16:00:00,69.4905118851,1.3957910628799999
 04/21  17:00:00,20.490072501500002,0.0
 04/21  18:00:00,6.49282427446,0.0
 04/21  19:00:00,9.467157607799999,0.0
 04/21  20:00:00,15.4158242745,0.0
 04/21  21:00:00,15.4158242745,0.0
 04/21  22:00:00,15.4158242745,0.0
 04/21  23:00:00,15.625547230799999,3.9607705052999997
 04/21  24:00:00,15.7352555768,6.00796973495
 04/22  01:00:00,15.8820614526,8.743328305630001
 04/22  02:00:00,15.867088013499998,8.744830159380001
 04/22  03:00:00,15.890223755,9.187071949789999
 04/22  04:00:00,16.1874697107,14.8693490338
 04/22  05:00:00,16.1989256389,14.9748232573
 04/22  06:00:00,10.2600360584,15.513771943699998
 04/22  07:00:00,17.547917689400002,21.3914509779
 04/22  08:00:00,18.5595173675,12.142929631400001
 04/22  09:00:00,28.2564311586,9.28512852973
 04/22  10:00:00,28.2564311586,8.424277302050001
 04/22  11:00:00,28.2564311586,8.17470492446
 04/22  12:00:00,17.547917689400002,8.41191276789
 04/22  13:00:00,17.547917689400002,7.63829570162
 04/22  14:00:00,17.547917689400002,6.6592347504
 04/22  15:00:00,17.547917689400002,6.406090185040001
 04/22  16:00:00,6.49282427446,0.0
 04/22  17:00:00,6.49282427446,0.0
 04/22  18:00:00,6.49282427446,0.0
 04/22  19:00:00,8.34656931093,6.89131241
 04/22  20:00:00,16.1420284085,13.837212083199999
 04/22  21:00:00,16.3428810703,17.6054503556
 04/22  22:00:00,16.4762858599,20.4322243377
 04/22  23:00:00,16.5880162965,22.317236001100003
 04/22  24:00:00,16.6048309355,22.938367782199997
 04/23  01:00:00,16.765690073,25.7395596765
 04/23  02:00:00,16.8011097985,26.7930567825
 04/23  03:00:00,16.9238085774,28.7904138628
 04/23  04:00:00,16.9398625716,29.5214991277
 04/23  05:00:00,17.1605295644,33.3328792042
 04/23  06:00:00,11.2495060393,34.536372022100004
 04/23  07:00:00,8.362447581689999,35.7101605135
 04/23  08:00:00,8.1094891243,31.3402878594
 04/23  09:00:00,7.988826445730001,28.598287667199997
 04/23  10:00:00,7.873851499500001,26.7824048415
 04/23  11:00:00,7.8418595914499996,25.798081814499998
 04/23  12:00:00,7.564058663230001,20.8020482533
 04/23  13:00:00,7.3653842876699995,16.814775339100002
 04/23  14:00:00,7.13001460782,12.5940130376
 04/23  15:00:00,6.9711052336899995,9.27353316598
 04/23  16:00:00,6.80007180209,5.93793028367
 04/23  17:00:00,6.71674388518,4.34334471526
 04/23  18:00:00,6.761872961440001,5.347719032850001
 04/23  19:00:00,8.4995556828,10.0215929118
 04/23  20:00:00,16.1815849849,14.946323478
 04/23  21:00:00,16.3510445332,18.055339046300002
 04/23  22:00:00,16.5888399382,22.6201296731
 04/23  23:00:00,16.566098949100002,22.1148494265
 04/23  24:00:00,16.7605485393,25.921848261300003
 04/24  01:00:00,16.7898588666,26.4100445852
 04/24  02:00:00,17.0702296149,31.86254307
 04/24  03:00:00,17.0568396398,31.5433644275
 04/24  04:00:00,17.3028624723,36.3004520173
 04/24  05:00:00,17.2449733535,35.1310097749
 04/24  06:00:00,20.5222510227,52.577313905
 04/24  07:00:00,38.037990190900004,36.922508323
 04/24  08:00:00,57.5164630143,23.948111566999998
 04/24  09:00:00,69.4905118851,11.491675123599999
 04/24  10:00:00,69.4905118851,8.021268304360001
 04/24  11:00:00,69.4905118851,5.83527769772
 04/24  12:00:00,62.9976876107,4.58116847259
 04/24  13:00:00,69.4905118851,2.84764682027
 04/24  14:00:00,69.4905118851,1.49498912097
 04/24  15:00:00,69.4905118851,0.35908737170599997
 04/24  16:00:00,69.4905118851,0.154114179442
 04/24  17:00:00,20.490072501500002,0.0
 04/24  18:00:00,6.49282427446,0.0
 04/24  19:00:00,7.9799909411300005,0.0
 04/24  20:00:00,15.4158242745,0.0
 04/24  21:00:00,15.4158242745,0.0
 04/24  22:00:00,16.1942299412,14.536095154100002
 04/24  23:00:00,16.1985783212,14.7274004394
 04/24  24:00:00,16.7921513425,26.1317047123
 04/25  01:00:00,16.6031152887,22.579035812399997
 04/25  02:00:00,17.222617249200002,34.5067822607
 04/25  03:00:00,16.9056350983,28.4153775111
 04/25  04:00:00,17.5705214451,41.2229153717
 04/25  05:00:00,17.0818687421,31.8334683183
 04/25  06:00:00,20.5222510227,57.088491198199996
 04/25  07:00:00,38.037990190900004,34.839401207399995
 04/25  08:00:00,57.5164630143,18.176846672
 04/25  09:00:00,69.4905118851,8.25351285948
 04/25  10:00:00,69.4905118851,6.1638805407
 04/25  11:00:00,69.4905118851,4.0983320039999995
 04/25  12:00:00,62.9976876107,2.7110151761799997
 04/25  13:00:00,69.4905118851,1.1001123568200002
 04/25  14:00:00,69.4905118851,0.637937286657
 04/25  15:00:00,69.4905118851,0.890309101814
 04/25  16:00:00,69.4905118851,1.1838439565
 04/25  17:00:00,20.490072501500002,0.0
 04/25  18:00:00,6.49282427446,0.0
 04/25  19:00:00,7.9799909411300005,0.0
 04/25  20:00:00,15.4158242745,0.0
 04/25  21:00:00,15.4158242745,0.0
 04/25  22:00:00,15.4158242745,0.0
 04/25  23:00:00,15.726716831500001,5.8091571355400005
 04/25  24:00:00,15.7426478301,6.09670912477
 04/26  01:00:00,15.8066015163,7.30401539755
 04/26  02:00:00,16.1197433261,13.3889218833
 04/26  03:00:00,16.1123387808,13.249419265799999
 04/26  04:00:00,16.1306279834,13.878728415
 04/26  05:00:00,16.4615291926,19.898117477899998
 04/26  06:00:00,20.5222510227,28.8251152471
 04/26  07:00:00,38.037990190900004,20.5154656536
 04/26  08:00:00,57.5164630143,11.347070193099999
 04/26  09:00:00,69.4905118851,8.621181109430001
 04/26  10:00:00,69.4905118851,7.576403801410001
 04/26  11:00:00,69.4905118851,6.76683664919
 04/26  12:00:00,62.9976876107,6.43717423343
 04/26  13:00:00,69.4905118851,4.82179353819
 04/26  14:00:00,69.4905118851,3.59176116611
 04/26  15:00:00,69.4905118851,2.9236670622900003
 04/26  16:00:00,69.4905118851,2.84487171756
 04/26  17:00:00,20.490072501500002,0.0
 04/26  18:00:00,6.49282427446,0.0
 04/26  19:00:00,7.9799909411300005,0.0
 04/26  20:00:00,15.4158242745,0.0
 04/26  21:00:00,15.4158242745,0.0
 04/26  22:00:00,15.4158242745,0.0
 04/26  23:00:00,15.670794938,4.79609860909
 04/26  24:00:00,15.593705704100001,3.3732185031200004
 04/27  01:00:00,15.948561896800001,10.0866850672
 04/27  02:00:00,16.0819167581,12.817928173
 04/27  03:00:00,16.3937066595,18.759470899
 04/27  04:00:00,16.1144276857,13.4797253674
 04/27  05:00:00,16.3225675433,17.5112980964
 04/27  06:00:00,19.0350843561,25.942743427399996
 04/27  07:00:00,38.037990190900004,14.0228631025
 04/27  08:00:00,57.5164630143,9.26795848572
 04/27  09:00:00,69.4905118851,7.24890057916
 04/27  10:00:00,69.4905118851,5.68343230538
 04/27  11:00:00,69.4905118851,4.24671758445
 04/27  12:00:00,62.9976876107,2.36978238412
 04/27  13:00:00,69.4905118851,0.5683482882800001
 04/27  14:00:00,69.4905118851,0.0330421571919
 04/27  15:00:00,69.4905118851,0.259887668643
 04/27  16:00:00,69.4905118851,1.5494300610299998
 04/27  17:00:00,20.490072501500002,0.0
 04/27  18:00:00,6.49282427446,0.0
 04/27  19:00:00,7.9799909411300005,0.0
 04/27  20:00:00,15.4158242745,0.0
 04/27  21:00:00,15.596106468499999,3.42259836167
 04/27  22:00:00,15.7673593722,6.624274163659999
 04/27  23:00:00,15.9025576706,9.12899486139
 04/27  24:00:00,15.991516517300001,10.9675257127
 04/28  01:00:00,15.963863158099999,10.6189765111
 04/28  02:00:00,16.2947646833,16.9596181206
 04/28  03:00:00,16.2028072964,15.1505355133
 04/28  04:00:00,16.6073943824,22.8842679773
 04/28  05:00:00,16.396978623699997,18.9033788072
 04/28  06:00:00,19.0350843561,37.204432693
 04/28  07:00:00,38.037990190900004,23.897121013899998
 04/28  08:00:00,57.5164630143,15.768188526700001
 04/28  09:00:00,69.4905118851,9.49598895812
 04/28  10:00:00,69.4905118851,8.591776240569999
 04/28  11:00:00,69.4905118851,8.109925658139998
 04/28  12:00:00,62.9976876107,7.984563473300001
 04/28  13:00:00,69.4905118851,7.32628659957
 04/28  14:00:00,69.4905118851,7.11524278874
 04/28  15:00:00,69.4905118851,6.50358929148
 04/28  16:00:00,69.4905118851,5.877442058180001
 04/28  17:00:00,20.490072501500002,0.0
 04/28  18:00:00,6.49282427446,0.0
 04/28  19:00:00,8.24657476343,4.99823813022
 04/28  20:00:00,15.7904113772,7.02038455413
 04/28  21:00:00,15.837256688,7.87849904969
 04/28  22:00:00,16.1719957127,14.2035462669
 04/28  23:00:00,16.1283736034,13.489947553099999
 04/28  24:00:00,16.0659176156,12.331278708900001
 04/29  01:00:00,16.396625353,18.7405388691
 04/29  02:00:00,16.2730994741,16.320192141
 04/29  03:00:00,16.7282107374,25.0842342174
 04/29  04:00:00,16.483552864500002,20.4065212932
 04/29  05:00:00,17.0742838391,31.7849607176
 04/29  06:00:00,9.37646239733,26.7349289494
 04/29  07:00:00,17.547917689400002,43.7342353042
 04/29  08:00:00,18.5595173675,25.3212410993
 04/29  09:00:00,28.2564311586,12.220524420799999
 04/29  10:00:00,28.2564311586,8.85932863086
 04/29  11:00:00,28.2564311586,6.74018491288
 04/29  12:00:00,17.547917689400002,5.69169555255
 04/29  13:00:00,17.547917689400002,4.3835010402800005
 04/29  14:00:00,17.547917689400002,3.2395790298500002
 04/29  15:00:00,17.547917689400002,2.49262364155
 04/29  16:00:00,6.49282427446,0.0
 04/29  17:00:00,6.49282427446,0.0
 04/29  18:00:00,6.49282427446,0.0
 04/29  19:00:00,7.9799909411300005,0.0
 04/29  20:00:00,15.4158242745,0.0
 04/29  21:00:00,15.4158242745,0.0
 04/29  22:00:00,15.4158242745,0.0
 04/29  23:00:00,16.0181028923,11.2739729845
 04/29  24:00:00,16.2865583263,16.448274821400002
 04/30  01:00:00,16.4503120741,19.7502292524
 04/30  02:00:00,16.669348003299998,23.7151833683
 04/30  03:00:00,16.7747767237,26.085943374299998
 04/30  04:00:00,16.9533666763,29.159191956300003
 04/30  05:00:00,16.9888728401,30.281936612600003
 04/30  06:00:00,9.7672929924,33.957802241399996
 04/30  07:00:00,7.893409092000001,27.082923874400002
 04/30  08:00:00,7.45932709714,18.4407088504
 04/30  09:00:00,6.82170626737,6.40095798969
 04/30  10:00:00,6.49282427446,0.0
 04/30  11:00:00,6.49282427446,0.0
 04/30  12:00:00,6.49282427446,0.0
 04/30  13:00:00,6.49282427446,0.0
 04/30  14:00:00,6.49282427446,0.0
 04/30  15:00:00,6.49282427446,0.0
 04/30  16:00:00,6.49282427446,0.0
 04/30  17:00:00,6.49282427446,0.0
 04/30  18:00:00,6.49282427446,0.0
 04/30  19:00:00,7.9799909411300005,0.0
 04/30  20:00:00,15.4158242745,0.0
 04/30  21:00:00,15.4158242745,0.0
 04/30  22:00:00,15.4158242745,0.0
 04/30  23:00:00,15.6105738944,3.6602920606000002
 04/30  24:00:00,15.993386321300001,10.974774053099999
 05/01  01:00:00,16.103976859,13.360028625999998
 05/01  02:00:00,16.4993346985,20.5854601209
 05/01  03:00:00,16.333530566,17.7223254151
 05/01  04:00:00,16.7358234993,25.1109077292
 05/01  05:00:00,16.526778896,21.457860734300002
 05/01  06:00:00,19.0350843561,42.2496345995
 05/01  07:00:00,38.037990190900004,29.3982540211
 05/01  08:00:00,57.5164630143,19.3987382673
 05/01  09:00:00,69.4905118851,9.54938735236
 05/01  10:00:00,69.4905118851,7.11481326233
 05/01  11:00:00,69.4905118851,5.818551896030001
 05/01  12:00:00,62.9976876107,5.16978990149
 05/01  13:00:00,69.4905118851,3.8419114451699996
 05/01  14:00:00,69.4905118851,3.1377123252
 05/01  15:00:00,69.4905118851,2.7674400869999998
 05/01  16:00:00,69.4905118851,2.79368744985
 05/01  17:00:00,20.490072501500002,0.0
 05/01  18:00:00,6.49282427446,0.0
 05/01  19:00:00,6.49282427446,0.0
 05/01  20:00:00,15.4158242745,0.0
 05/01  21:00:00,15.772517826300001,6.6465185051999995
 05/01  22:00:00,15.8133606056,7.3940114019899985
 05/01  23:00:00,16.116897223,13.0990829305
 05/01  24:00:00,16.0939800966,12.623829261700001
 05/02  01:00:00,16.0485878358,11.777850638
 05/02  02:00:00,16.3717588964,17.8162527087
 05/02  03:00:00,16.2483319969,15.673443878699999
 05/02  04:00:00,16.6762344519,23.8910092321
 05/02  05:00:00,16.435546836,19.325061972100002
 05/02  06:00:00,19.0350843561,38.9167158495
 05/02  07:00:00,38.037990190900004,23.6700539621
 05/02  08:00:00,57.5164630143,10.6148506426
 05/02  09:00:00,69.4905118851,6.12069776304
 05/02  10:00:00,69.4905118851,3.9375286472800006
 05/02  11:00:00,69.4905118851,1.70798400932
 05/02  12:00:00,62.9976876107,0.383057219802
 05/02  13:00:00,69.4905118851,0.0
 05/02  14:00:00,69.4905118851,0.0
 05/02  15:00:00,69.4905118851,0.0
 05/02  16:00:00,69.4905118851,0.0
 05/02  17:00:00,20.490072501500002,0.0
 05/02  18:00:00,6.49282427446,0.0
 05/02  19:00:00,6.49282427446,0.0
 05/02  20:00:00,15.4158242745,0.0
 05/02  21:00:00,15.4158242745,0.0
 05/02  22:00:00,15.4158242745,0.0
 05/02  23:00:00,15.4158242745,0.0
 05/02  24:00:00,15.4158242745,0.0
 05/03  01:00:00,15.771210173,6.6156071573
 05/03  02:00:00,15.8603800634,8.28657595909
 05/03  03:00:00,15.868278079200001,8.427002650419999
 05/03  04:00:00,16.1751948237,14.1975430095
 05/03  05:00:00,16.0853183816,12.465554415
 05/03  06:00:00,19.0350843561,23.3010754175
 05/03  07:00:00,38.037990190900004,12.4711274632
 05/03  08:00:00,57.5164630143,7.622761571619999
 05/03  09:00:00,69.4905118851,5.685263530519999
 05/03  10:00:00,69.4905118851,4.15989079171
 05/03  11:00:00,69.4905118851,2.87409089081
 05/03  12:00:00,62.9976876107,2.51784751722
 05/03  13:00:00,69.4905118851,1.75466018157
 05/03  14:00:00,69.4905118851,1.6677124758500002
 05/03  15:00:00,69.4905118851,1.8194277832299999
 05/03  16:00:00,69.4905118851,2.2084752603299997
 05/03  17:00:00,20.490072501500002,0.0
 05/03  18:00:00,6.49282427446,0.0
 05/03  19:00:00,6.49282427446,0.0
 05/03  20:00:00,15.4158242745,0.0
 05/03  21:00:00,15.4158242745,0.0
 05/03  22:00:00,15.7608108266,6.45381187946
 05/03  23:00:00,15.841583625799998,7.971365349389999
 05/03  24:00:00,16.1349193916,13.4977474515
 05/04  01:00:00,16.0962371333,12.721102973499999
 05/04  02:00:00,16.0573053756,11.994135574000001
 05/04  03:00:00,16.2633779139,15.9177990629
 05/04  04:00:00,16.101699748199998,13.009080129900001
 05/04  05:00:00,16.4333189647,19.403761974000002
 05/04  06:00:00,17.547917689400002,27.1124809491
 05/04  07:00:00,38.037990190900004,14.819429426
 05/04  08:00:00,57.5164630143,8.185008866910001
 05/04  09:00:00,69.4905118851,6.1645340735500005
 05/04  10:00:00,69.4905118851,4.92135063715
 05/04  11:00:00,69.4905118851,3.66581842803
 05/04  12:00:00,62.9976876107,3.1451359610900003
 05/04  13:00:00,69.4905118851,1.8728151466900003
 05/04  14:00:00,69.4905118851,0.902950885556
 05/04  15:00:00,69.4905118851,0.20929574332800002
 05/04  16:00:00,69.4905118851,0.0338028489119
 05/04  17:00:00,20.490072501500002,0.0
 05/04  18:00:00,6.49282427446,0.0
 05/04  19:00:00,6.49282427446,0.0
 05/04  20:00:00,15.4158242745,0.0
 05/04  21:00:00,15.4158242745,0.0
 05/04  22:00:00,15.4158242745,0.0
 05/04  23:00:00,15.608098905,3.6259247696300005
 05/04  24:00:00,15.967348541300002,10.2963508946
 05/05  01:00:00,16.1267030516,13.2800399774
 05/05  02:00:00,16.2732603878,16.0021300949
 05/05  03:00:00,16.4784880718,19.9949406524
 05/05  04:00:00,16.5693415618,21.8663309196
 05/05  05:00:00,16.7846639131,25.9756096138
 05/05  06:00:00,17.547917689400002,39.9515823275
 05/05  07:00:00,38.037990190900004,27.5054701073
 05/05  08:00:00,57.5164630143,10.9619775544
 05/05  09:00:00,69.4905118851,5.73665079151
 05/05  10:00:00,69.4905118851,3.2901733854299997
 05/05  11:00:00,69.4905118851,1.1252735283700002
 05/05  12:00:00,62.9976876107,0.11904730974500001
 05/05  13:00:00,69.4905118851,0.0
 05/05  14:00:00,69.4905118851,0.0
 05/05  15:00:00,69.4905118851,0.0
 05/05  16:00:00,69.4905118851,0.0
 05/05  17:00:00,20.490072501500002,0.0
 05/05  18:00:00,6.49282427446,0.0
 05/05  19:00:00,6.49282427446,0.0
 05/05  20:00:00,15.4158242745,0.0
 05/05  21:00:00,15.4158242745,0.0
 05/05  22:00:00,15.4158242745,0.0
 05/05  23:00:00,15.4158242745,0.0
 05/05  24:00:00,15.4158242745,0.0
 05/06  01:00:00,15.4158242745,0.0
 05/06  02:00:00,15.4158242745,0.0
 05/06  03:00:00,15.4158242745,0.0
 05/06  04:00:00,15.4158242745,0.0
 05/06  05:00:00,15.4158242745,0.0
 05/06  06:00:00,6.8177181217900005,6.07813458084
 05/06  07:00:00,17.547917689400002,13.263311246099999
 05/06  08:00:00,18.5595173675,8.62571177045
 05/06  09:00:00,28.2564311586,5.73255938202
 05/06  10:00:00,28.2564311586,3.66644444394
 05/06  11:00:00,28.2564311586,2.10874812923
 05/06  12:00:00,17.547917689400002,2.00865598949
 05/06  13:00:00,17.547917689400002,1.29649036043
 05/06  14:00:00,17.547917689400002,0.42065442526600005
 05/06  15:00:00,17.547917689400002,0.00679814542076
 05/06  16:00:00,6.49282427446,0.0
 05/06  17:00:00,6.49282427446,0.0
 05/06  18:00:00,6.49282427446,0.0
 05/06  19:00:00,6.49282427446,0.0
 05/06  20:00:00,15.4158242745,0.0
 05/06  21:00:00,15.4158242745,0.0
 05/06  22:00:00,15.4158242745,0.0
 05/06  23:00:00,15.4158242745,0.0
 05/06  24:00:00,15.4158242745,0.0
 05/07  01:00:00,15.4158242745,0.0
 05/07  02:00:00,15.4158242745,0.0
 05/07  03:00:00,15.4158242745,0.0
 05/07  04:00:00,15.4158242745,0.0
 05/07  05:00:00,15.4158242745,0.0
 05/07  06:00:00,6.49282427446,0.0
 05/07  07:00:00,6.49282427446,0.0
 05/07  08:00:00,6.49282427446,0.0
 05/07  09:00:00,6.49282427446,0.0
 05/07  10:00:00,6.49282427446,0.0
 05/07  11:00:00,6.49282427446,0.0
 05/07  12:00:00,6.49282427446,0.0
 05/07  13:00:00,6.49282427446,0.0
 05/07  14:00:00,6.49282427446,0.0
 05/07  15:00:00,6.49282427446,0.0
 05/07  16:00:00,6.49282427446,0.0
 05/07  17:00:00,6.49282427446,0.0
 05/07  18:00:00,6.49282427446,0.0
 05/07  19:00:00,6.49282427446,0.0
 05/07  20:00:00,15.4158242745,0.0
 05/07  21:00:00,15.4158242745,0.0
 05/07  22:00:00,15.4158242745,0.0
 05/07  23:00:00,15.4158242745,0.0
 05/07  24:00:00,15.4158242745,0.0
 05/08  01:00:00,15.4158242745,0.0
 05/08  02:00:00,15.4158242745,0.0
 05/08  03:00:00,15.4158242745,0.0
 05/08  04:00:00,15.4158242745,0.0
 05/08  05:00:00,15.4158242745,0.0
 05/08  06:00:00,17.547917689400002,8.050741994520001
 05/08  07:00:00,38.037990190900004,4.93158762896
 05/08  08:00:00,57.5164630143,2.87352383505
 05/08  09:00:00,69.4905118851,1.0252739325700002
 05/08  10:00:00,69.4905118851,0.026808940194599996
 05/08  11:00:00,69.4905118851,0.0
 05/08  12:00:00,62.9976876107,0.0
 05/08  13:00:00,69.4905118851,0.0
 05/08  14:00:00,69.4905118851,0.0
 05/08  15:00:00,69.4905118851,0.0
 05/08  16:00:00,69.4905118851,0.0
 05/08  17:00:00,20.490072501500002,0.0
 05/08  18:00:00,6.49282427446,0.0
 05/08  19:00:00,6.49282427446,0.0
 05/08  20:00:00,15.4158242745,0.0
 05/08  21:00:00,15.4158242745,0.0
 05/08  22:00:00,15.4158242745,0.0
 05/08  23:00:00,15.4158242745,0.0
 05/08  24:00:00,15.4158242745,0.0
 05/09  01:00:00,15.4158242745,0.0
 05/09  02:00:00,15.4158242745,0.0
 05/09  03:00:00,15.4158242745,0.0
 05/09  04:00:00,15.4158242745,0.0
 05/09  05:00:00,15.4158242745,0.0
 05/09  06:00:00,17.547917689400002,11.1958172931
 05/09  07:00:00,38.037990190900004,6.45067669132
 05/09  08:00:00,57.5164630143,3.28902280028
 05/09  09:00:00,69.4905118851,0.8723911599070001
 05/09  10:00:00,69.4905118851,0.0
 05/09  11:00:00,69.4905118851,0.0
 05/09  12:00:00,62.9976876107,0.0
 05/09  13:00:00,69.4905118851,0.0
 05/09  14:00:00,69.4905118851,0.0
 05/09  15:00:00,69.4905118851,0.0
 05/09  16:00:00,69.4905118851,0.0
 05/09  17:00:00,20.490072501500002,0.0
 05/09  18:00:00,6.49282427446,0.0
 05/09  19:00:00,6.49282427446,0.0
 05/09  20:00:00,15.4158242745,0.0
 05/09  21:00:00,15.4158242745,0.0
 05/09  22:00:00,15.4158242745,0.0
 05/09  23:00:00,15.4158242745,0.0
 05/09  24:00:00,15.4158242745,0.0
 05/10  01:00:00,15.4158242745,0.0
 05/10  02:00:00,15.4158242745,0.0
 05/10  03:00:00,15.4158242745,0.0
 05/10  04:00:00,15.4158242745,0.0
 05/10  05:00:00,15.4158242745,0.0
 05/10  06:00:00,17.547917689400002,11.026995270999999
 05/10  07:00:00,38.037990190900004,7.15275625825
 05/10  08:00:00,57.5164630143,5.20443249325
 05/10  09:00:00,69.4905118851,4.0252355399
 05/10  10:00:00,69.4905118851,3.5008844402099997
 05/10  11:00:00,69.4905118851,2.82578107196
 05/10  12:00:00,62.9976876107,2.70435871528
 05/10  13:00:00,69.4905118851,1.9296625716299998
 05/10  14:00:00,69.4905118851,1.54797231741
 05/10  15:00:00,69.4905118851,1.3112267726
 05/10  16:00:00,69.4905118851,1.69359153407
 05/10  17:00:00,20.490072501500002,0.0
 05/10  18:00:00,6.49282427446,0.0
 05/10  19:00:00,6.49282427446,0.0
 05/10  20:00:00,15.4158242745,0.0
 05/10  21:00:00,15.4158242745,0.0
 05/10  22:00:00,15.4158242745,0.0
 05/10  23:00:00,15.4158242745,0.0
 05/10  24:00:00,15.4158242745,0.0
 05/11  01:00:00,15.579035496400001,3.0827147954500003
 05/11  02:00:00,15.5372919503,2.25259214513
 05/11  03:00:00,15.750596877000001,6.274717180569999
 05/11  04:00:00,15.7727807151,6.68956935964
 05/11  05:00:00,16.0167604373,11.2959502201
 05/11  06:00:00,17.547917689400002,16.7443865206
 05/11  07:00:00,38.037990190900004,9.42182964102
 05/11  08:00:00,57.5164630143,6.29176568762
 05/11  09:00:00,69.4905118851,4.2674773661400005
 05/11  10:00:00,69.4905118851,2.60770733539
 05/11  11:00:00,69.4905118851,0.9785183378010001
 05/11  12:00:00,62.9976876107,0.798068611831
 05/11  13:00:00,69.4905118851,0.058269175530900004
 05/11  14:00:00,69.4905118851,0.0
 05/11  15:00:00,69.4905118851,0.0
 05/11  16:00:00,69.4905118851,0.0
 05/11  17:00:00,20.490072501500002,0.0
 05/11  18:00:00,6.49282427446,0.0
 05/11  19:00:00,6.49282427446,0.0
 05/11  20:00:00,13.9286576078,0.0
 05/11  21:00:00,15.4158242745,0.0
 05/11  22:00:00,15.4158242745,0.0
 05/11  23:00:00,15.4158242745,0.0
 05/11  24:00:00,15.4158242745,0.0
 05/12  01:00:00,15.4158242745,0.0
 05/12  02:00:00,15.4158242745,0.0
 05/12  03:00:00,15.7832382516,6.873432481810001
 05/12  04:00:00,16.1239675203,13.2816610293
 05/12  05:00:00,16.2389478332,15.3624420184
 05/12  06:00:00,17.547917689400002,23.2946513378
 05/12  07:00:00,38.037990190900004,9.68671414572
 05/12  08:00:00,57.5164630143,6.05361145602
 05/12  09:00:00,69.4905118851,3.08483764412
 05/12  10:00:00,69.4905118851,0.881115752818
 05/12  11:00:00,69.4905118851,0.0055069312091699995
 05/12  12:00:00,62.9976876107,0.0
 05/12  13:00:00,69.4905118851,0.0
 05/12  14:00:00,69.4905118851,0.0
 05/12  15:00:00,69.4905118851,0.0
 05/12  16:00:00,69.4905118851,0.0
 05/12  17:00:00,20.490072501500002,0.0
 05/12  18:00:00,6.49282427446,0.0
 05/12  19:00:00,6.49282427446,0.0
 05/12  20:00:00,13.9286576078,0.0
 05/12  21:00:00,15.4158242745,0.0
 05/12  22:00:00,15.4158242745,0.0
 05/12  23:00:00,15.4158242745,0.0
 05/12  24:00:00,15.4158242745,0.0
 05/13  01:00:00,15.4158242745,0.0
 05/13  02:00:00,15.4158242745,0.0
 05/13  03:00:00,15.4158242745,0.0
 05/13  04:00:00,15.4158242745,0.0
 05/13  05:00:00,13.9286576078,0.0
 05/13  06:00:00,6.49282427446,0.0
 05/13  07:00:00,17.547917689400002,10.308609388899999
 05/13  08:00:00,18.5595173675,6.922747084289999
 05/13  09:00:00,28.2564311586,4.887542980819999
 05/13  10:00:00,28.2564311586,3.8245328819
 05/13  11:00:00,28.2564311586,2.95087548315
 05/13  12:00:00,17.547917689400002,2.8508936841000003
 05/13  13:00:00,17.547917689400002,2.0382292467
 05/13  14:00:00,17.547917689400002,0.424062432891
 05/13  15:00:00,17.547917689400002,0.0
 05/13  16:00:00,6.49282427446,0.0
 05/13  17:00:00,6.49282427446,0.0
 05/13  18:00:00,6.49282427446,0.0
 05/13  19:00:00,6.49282427446,0.0
 05/13  20:00:00,13.9286576078,0.0
 05/13  21:00:00,15.4158242745,0.0
 05/13  22:00:00,15.4158242745,0.0
 05/13  23:00:00,15.4158242745,0.0
 05/13  24:00:00,15.4158242745,0.0
 05/14  01:00:00,15.4158242745,0.0
 05/14  02:00:00,15.4158242745,0.0
 05/14  03:00:00,15.4158242745,0.0
 05/14  04:00:00,15.4158242745,0.0
 05/14  05:00:00,13.9286576078,0.0
 05/14  06:00:00,6.49282427446,0.0
 05/14  07:00:00,6.49282427446,0.0
 05/14  08:00:00,6.49282427446,0.0
 05/14  09:00:00,6.49282427446,0.0
 05/14  10:00:00,6.49282427446,0.0
 05/14  11:00:00,6.49282427446,0.0
 05/14  12:00:00,6.49282427446,0.0
 05/14  13:00:00,6.49282427446,0.0
 05/14  14:00:00,6.49282427446,0.0
 05/14  15:00:00,6.49282427446,0.0
 05/14  16:00:00,6.49282427446,0.0
 05/14  17:00:00,6.49282427446,0.0
 05/14  18:00:00,6.49282427446,0.0
 05/14  19:00:00,6.49282427446,0.0
 05/14  20:00:00,13.9286576078,0.0
 05/14  21:00:00,15.4158242745,0.0
 05/14  22:00:00,15.4158242745,0.0
 05/14  23:00:00,15.4158242745,0.0
 05/14  24:00:00,15.4158242745,0.0
 05/15  01:00:00,15.4158242745,0.0
 05/15  02:00:00,15.4158242745,0.0
 05/15  03:00:00,15.4158242745,0.0
 05/15  04:00:00,15.7794746512,6.795018634140001
 05/15  05:00:00,14.587350714000001,12.341779264100001
 05/15  06:00:00,17.547917689400002,17.9059134986
 05/15  07:00:00,38.037990190900004,8.95066713242
 05/15  08:00:00,57.5164630143,5.11470199595
 05/15  09:00:00,69.4905118851,2.1522620607599996
 05/15  10:00:00,69.4905118851,0.229259695328
 05/15  11:00:00,69.4905118851,0.0
 05/15  12:00:00,62.9976876107,0.0
 05/15  13:00:00,69.4905118851,0.0
 05/15  14:00:00,69.4905118851,0.0
 05/15  15:00:00,69.5401363159,0.0
 05/15  16:00:00,69.6539403458,0.0
 05/15  17:00:00,20.490072501500002,0.0
 05/15  18:00:00,6.49282427446,0.0
 05/15  19:00:00,6.49282427446,0.0
 05/15  20:00:00,13.9286576078,0.0
 05/15  21:00:00,15.4158242745,0.0
 05/15  22:00:00,15.4158242745,0.0
 05/15  23:00:00,15.4158242745,0.0
 05/15  24:00:00,15.4158242745,0.0
 05/16  01:00:00,15.4158242745,0.0
 05/16  02:00:00,15.4158242745,0.0
 05/16  03:00:00,15.4158242745,0.0
 05/16  04:00:00,15.4158242745,0.0
 05/16  05:00:00,13.9286576078,0.0
 05/16  06:00:00,17.547917689400002,6.073803904330001
 05/16  07:00:00,38.037990190900004,2.9667870012599997
 05/16  08:00:00,57.5164630143,0.32564860160799997
 05/16  09:00:00,69.4905118851,0.0
 05/16  10:00:00,69.4905118851,0.0
 05/16  11:00:00,69.4905118851,0.0
 05/16  12:00:00,62.9976876107,0.0
 05/16  13:00:00,69.5140524888,0.0
 05/16  14:00:00,69.5245543333,0.0
 05/16  15:00:00,69.4905118851,0.0
 05/16  16:00:00,69.4905118851,0.0
 05/16  17:00:00,20.490072501500002,0.0
 05/16  18:00:00,6.49282427446,0.0
 05/16  19:00:00,6.49282427446,0.0
 05/16  20:00:00,13.9286576078,0.0
 05/16  21:00:00,15.4158242745,0.0
 05/16  22:00:00,15.4158242745,0.0
 05/16  23:00:00,15.4158242745,0.0
 05/16  24:00:00,15.4158242745,0.0
 05/17  01:00:00,15.4158242745,0.0
 05/17  02:00:00,15.4158242745,0.0
 05/17  03:00:00,15.4158242745,0.0
 05/17  04:00:00,15.4158242745,0.0
 05/17  05:00:00,13.9286576078,0.0
 05/17  06:00:00,17.547917689400002,9.82563606278
 05/17  07:00:00,38.037990190900004,6.253999351749999
 05/17  08:00:00,57.5164630143,4.18029646916
 05/17  09:00:00,69.4905118851,2.7523365600400003
 05/17  10:00:00,69.4905118851,2.12034365135
 05/17  11:00:00,69.4905118851,1.50444886636
 05/17  12:00:00,62.9976876107,1.1796320163299998
 05/17  13:00:00,69.4905118851,0.139188274557
 05/17  14:00:00,69.4905118851,0.0
 05/17  15:00:00,69.4905118851,0.0
 05/17  16:00:00,69.4905118851,0.0
 05/17  17:00:00,20.490072501500002,0.0
 05/17  18:00:00,6.49282427446,0.0
 05/17  19:00:00,6.49282427446,0.0
 05/17  20:00:00,13.9286576078,0.0
 05/17  21:00:00,15.4158242745,0.0
 05/17  22:00:00,15.4158242745,0.0
 05/17  23:00:00,15.4158242745,0.0
 05/17  24:00:00,15.4158242745,0.0
 05/18  01:00:00,15.4158242745,0.0
 05/18  02:00:00,15.4158242745,0.0
 05/18  03:00:00,15.4158242745,0.0
 05/18  04:00:00,15.4158242745,0.0
 05/18  05:00:00,14.2017834245,5.1333916518
 05/18  06:00:00,17.547917689400002,14.842297455
 05/18  07:00:00,38.037990190900004,9.20184326219
 05/18  08:00:00,57.5164630143,6.699387457439999
 05/18  09:00:00,69.4905118851,4.635296754750001
 05/18  10:00:00,69.4905118851,3.6858740378300006
 05/18  11:00:00,69.4905118851,2.9933326183099997
 05/18  12:00:00,62.9976876107,2.4643280907099996
 05/18  13:00:00,69.4905118851,0.6722089476800001
 05/18  14:00:00,69.4905118851,0.120717908058
 05/18  15:00:00,69.4905118851,0.0
 05/18  16:00:00,69.4905118851,0.0
 05/18  17:00:00,20.490072501500002,0.0
 05/18  18:00:00,6.49282427446,0.0
 05/18  19:00:00,6.49282427446,0.0
 05/18  20:00:00,13.9286576078,0.0
 05/18  21:00:00,15.4158242745,0.0
 05/18  22:00:00,15.4158242745,0.0
 05/18  23:00:00,15.4158242745,0.0
 05/18  24:00:00,15.4158242745,0.0
 05/19  01:00:00,16.0352995874,11.610733240799998
 05/19  02:00:00,16.1008806132,12.790859082599999
 05/19  03:00:00,16.1474449549,13.5957478375
 05/19  04:00:00,16.5531442901,21.3267161293
 05/19  05:00:00,14.878944649500001,17.988031147
 05/19  06:00:00,17.547917689400002,29.210533725500003
 05/19  07:00:00,38.037990190900004,10.1694550029
 05/19  08:00:00,57.5164630143,6.18025745681
 05/19  09:00:00,69.4905118851,3.0538507509400006
 05/19  10:00:00,69.4905118851,0.7165112006380001
 05/19  11:00:00,69.4905118851,0.0
 05/19  12:00:00,62.9976876107,0.0
 05/19  13:00:00,69.4905118851,0.0
 05/19  14:00:00,69.4905118851,0.0
 05/19  15:00:00,69.4905118851,0.0
 05/19  16:00:00,69.4987636001,0.0
 05/19  17:00:00,20.490072501500002,0.0
 05/19  18:00:00,6.49282427446,0.0
 05/19  19:00:00,6.49282427446,0.0
 05/19  20:00:00,13.9286576078,0.0
 05/19  21:00:00,15.4158242745,0.0
 05/19  22:00:00,15.4158242745,0.0
 05/19  23:00:00,15.4158242745,0.0
 05/19  24:00:00,15.4158242745,0.0
 05/20  01:00:00,15.4158242745,0.0
 05/20  02:00:00,15.4158242745,0.0
 05/20  03:00:00,15.4158242745,0.0
 05/20  04:00:00,15.4158242745,0.0
 05/20  05:00:00,13.9286576078,0.0
 05/20  06:00:00,6.49282427446,0.0
 05/20  07:00:00,17.547917689400002,8.03360833286
 05/20  08:00:00,18.5595173675,5.04743404274
 05/20  09:00:00,28.2564311586,3.0588127793599997
 05/20  10:00:00,28.2564311586,2.01408096637
 05/20  11:00:00,28.2564311586,0.8995353392409999
 05/20  12:00:00,17.547917689400002,0.329504525334
 05/20  13:00:00,17.547917689400002,0.0
 05/20  14:00:00,17.547917689400002,0.0
 05/20  15:00:00,17.547917689400002,0.0
 05/20  16:00:00,6.49282427446,0.0
 05/20  17:00:00,6.49282427446,0.0
 05/20  18:00:00,6.49282427446,0.0
 05/20  19:00:00,6.49282427446,0.0
 05/20  20:00:00,13.9286576078,0.0
 05/20  21:00:00,15.4158242745,0.0
 05/20  22:00:00,15.4158242745,0.0
 05/20  23:00:00,15.4158242745,0.0
 05/20  24:00:00,15.4158242745,0.0
 05/21  01:00:00,15.4158242745,0.0
 05/21  02:00:00,15.4158242745,0.0
 05/21  03:00:00,15.4158242745,0.0
 05/21  04:00:00,15.4158242745,0.0
 05/21  05:00:00,13.9286576078,0.0
 05/21  06:00:00,6.49282427446,0.0
 05/21  07:00:00,6.49282427446,0.0
 05/21  08:00:00,6.49282427446,0.0
 05/21  09:00:00,6.49282427446,0.0
 05/21  10:00:00,6.49282427446,0.0
 05/21  11:00:00,6.49282427446,0.0
 05/21  12:00:00,6.49282427446,0.0
 05/21  13:00:00,6.49282427446,0.0
 05/21  14:00:00,6.49282427446,0.0
 05/21  15:00:00,6.49282427446,0.0
 05/21  16:00:00,6.49282427446,0.0
 05/21  17:00:00,6.49282427446,0.0
 05/21  18:00:00,6.49282427446,0.0
 05/21  19:00:00,6.49282427446,0.0
 05/21  20:00:00,12.4414909411,0.0
 05/21  21:00:00,15.4158242745,0.0
 05/21  22:00:00,15.4158242745,0.0
 05/21  23:00:00,15.4158242745,0.0
 05/21  24:00:00,15.4158242745,0.0
 05/22  01:00:00,15.4158242745,0.0
 05/22  02:00:00,15.4158242745,0.0
 05/22  03:00:00,15.4158242745,0.0
 05/22  04:00:00,15.4158242745,0.0
 05/22  05:00:00,13.9286576078,0.0
 05/22  06:00:00,17.547917689400002,9.427988834239999
 05/22  07:00:00,38.037990190900004,5.3283119358699995
 05/22  08:00:00,57.5164630143,2.48718070448
 05/22  09:00:00,69.4905118851,0.269654753568
 05/22  10:00:00,69.4905118851,0.0
 05/22  11:00:00,69.4905118851,0.0
 05/22  12:00:00,62.9976876107,0.0
 05/22  13:00:00,69.4905118851,0.0
 05/22  14:00:00,69.4905118851,0.0
 05/22  15:00:00,69.4905118851,0.0
 05/22  16:00:00,69.4905118851,0.0
 05/22  17:00:00,20.490072501500002,0.0
 05/22  18:00:00,6.49282427446,0.0
 05/22  19:00:00,6.49282427446,0.0
 05/22  20:00:00,12.4414909411,0.0
 05/22  21:00:00,15.4158242745,0.0
 05/22  22:00:00,15.4158242745,0.0
 05/22  23:00:00,15.4158242745,0.0
 05/22  24:00:00,15.4158242745,0.0
 05/23  01:00:00,15.4158242745,0.0
 05/23  02:00:00,15.4158242745,0.0
 05/23  03:00:00,15.4158242745,0.0
 05/23  04:00:00,15.4158242745,0.0
 05/23  05:00:00,13.9286576078,0.0
 05/23  06:00:00,17.547917689400002,8.46355333132
 05/23  07:00:00,38.037990190900004,5.532410544559999
 05/23  08:00:00,57.5164630143,3.6210642809699993
 05/23  09:00:00,69.4905118851,1.9676256936200003
 05/23  10:00:00,69.4905118851,1.47863521587
 05/23  11:00:00,69.4905118851,1.8763158784799998
 05/23  12:00:00,62.9976876107,2.7012597858099996
 05/23  13:00:00,69.4905118851,2.00131246481
 05/23  14:00:00,69.4905118851,1.39030312572
 05/23  15:00:00,69.4905118851,0.349394117281
 05/23  16:00:00,69.4905118851,0.340182864263
 05/23  17:00:00,20.490072501500002,0.0
 05/23  18:00:00,6.49282427446,0.0
 05/23  19:00:00,6.49282427446,0.0
 05/23  20:00:00,12.4414909411,0.0
 05/23  21:00:00,15.4158242745,0.0
 05/23  22:00:00,15.4158242745,0.0
 05/23  23:00:00,15.4158242745,0.0
 05/23  24:00:00,15.4158242745,0.0
 05/24  01:00:00,15.4158242745,0.0
 05/24  02:00:00,15.4158242745,0.0
 05/24  03:00:00,15.6419899607,4.2579903553
 05/24  04:00:00,15.6570878123,4.54249226582
 05/24  05:00:00,12.779710213800001,6.34611406774
 05/24  06:00:00,17.547917689400002,13.737159305599999
 05/24  07:00:00,38.037990190900004,8.734772812060001
 05/24  08:00:00,57.5164630143,6.26837892072
 05/24  09:00:00,69.4905118851,4.51310060879
 05/24  10:00:00,69.4905118851,3.44629543426
 05/24  11:00:00,69.4905118851,2.59246240584
 05/24  12:00:00,62.9976876107,2.29538013215
 05/24  13:00:00,69.4905118851,1.26560834382
 05/24  14:00:00,69.4905118851,0.688734264654
 05/24  15:00:00,69.4905118851,0.160918379212
 05/24  16:00:00,69.4905118851,0.132539003908
 05/24  17:00:00,20.490072501500002,0.0
 05/24  18:00:00,6.49282427446,0.0
 05/24  19:00:00,6.49282427446,0.0
 05/24  20:00:00,12.4414909411,0.0
 05/24  21:00:00,15.4158242745,0.0
 05/24  22:00:00,15.4158242745,0.0
 05/24  23:00:00,15.4158242745,0.0
 05/24  24:00:00,15.4158242745,0.0
 05/25  01:00:00,15.4158242745,0.0
 05/25  02:00:00,15.4158242745,0.0
 05/25  03:00:00,15.4158242745,0.0
 05/25  04:00:00,15.778426250399999,6.79573160882
 05/25  05:00:00,13.134858346500002,13.0299559051
 05/25  06:00:00,17.547917689400002,15.5113371124
 05/25  07:00:00,38.037990190900004,8.56660317894
 05/25  08:00:00,57.5164630143,5.22932968439
 05/25  09:00:00,69.4905118851,2.74118807865
 05/25  10:00:00,69.4905118851,0.9387264912309999
 05/25  11:00:00,69.4905118851,0.00909084758924
 05/25  12:00:00,62.9976876107,0.0
 05/25  13:00:00,69.4905118851,0.0
 05/25  14:00:00,69.4905118851,0.0
 05/25  15:00:00,69.4905118851,0.0
 05/25  16:00:00,69.4905118851,0.0
 05/25  17:00:00,20.490072501500002,0.0
 05/25  18:00:00,6.49282427446,0.0
 05/25  19:00:00,6.49282427446,0.0
 05/25  20:00:00,12.4414909411,0.0
 05/25  21:00:00,15.4158242745,0.0
 05/25  22:00:00,15.4158242745,0.0
 05/25  23:00:00,15.4158242745,0.0
 05/25  24:00:00,15.4158242745,0.0
 05/26  01:00:00,15.4158242745,0.0
 05/26  02:00:00,15.4158242745,0.0
 05/26  03:00:00,15.4158242745,0.0
 05/26  04:00:00,15.4158242745,0.0
 05/26  05:00:00,12.4414909411,0.0
 05/26  06:00:00,17.547917689400002,14.4036177852
 05/26  07:00:00,38.037990190900004,7.64859089752
 05/26  08:00:00,57.5164630143,4.646533246090001
 05/26  09:00:00,69.4905118851,2.44820687715
 05/26  10:00:00,69.4905118851,0.9566846843179999
 05/26  11:00:00,69.4905118851,0.038298739339699996
 05/26  12:00:00,62.9976876107,0.0
 05/26  13:00:00,69.4905118851,0.0
 05/26  14:00:00,69.4905118851,0.0
 05/26  15:00:00,69.4905118851,0.0
 05/26  16:00:00,69.4905118851,0.0
 05/26  17:00:00,20.490072501500002,0.0
 05/26  18:00:00,6.49282427446,0.0
 05/26  19:00:00,6.49282427446,0.0
 05/26  20:00:00,12.4414909411,0.0
 05/26  21:00:00,15.4158242745,0.0
 05/26  22:00:00,15.4158242745,0.0
 05/26  23:00:00,15.4158242745,0.0
 05/26  24:00:00,15.4158242745,0.0
 05/27  01:00:00,15.4158242745,0.0
 05/27  02:00:00,15.4158242745,0.0
 05/27  03:00:00,15.4158242745,0.0
 05/27  04:00:00,15.4158242745,0.0
 05/27  05:00:00,12.4414909411,0.0
 05/27  06:00:00,6.49282427446,0.0
 05/27  07:00:00,17.547917689400002,10.5199310528
 05/27  08:00:00,18.5595173675,7.5828229152999995
 05/27  09:00:00,28.2564311586,6.21355109881
 05/27  10:00:00,28.2564311586,5.424120630499999
 05/27  11:00:00,28.2564311586,4.58920536806
 05/27  12:00:00,17.547917689400002,4.52841055164
 05/27  13:00:00,17.547917689400002,4.0294673821
 05/27  14:00:00,17.547917689400002,3.5916947024300003
 05/27  15:00:00,17.547917689400002,3.00664189125
 05/27  16:00:00,6.49282427446,0.0
 05/27  17:00:00,6.49282427446,0.0
 05/27  18:00:00,6.49282427446,0.0
 05/27  19:00:00,6.49282427446,0.0
 05/27  20:00:00,12.4414909411,0.0
 05/27  21:00:00,15.4158242745,0.0
 05/27  22:00:00,15.4158242745,0.0
 05/27  23:00:00,15.4158242745,0.0
 05/27  24:00:00,15.4158242745,0.0
 05/28  01:00:00,15.4158242745,0.0
 05/28  02:00:00,15.4158242745,0.0
 05/28  03:00:00,15.4158242745,0.0
 05/28  04:00:00,15.4158242745,0.0
 05/28  05:00:00,12.4414909411,0.0
 05/28  06:00:00,6.49282427446,0.0
 05/28  07:00:00,6.49282427446,0.0
 05/28  08:00:00,6.49282427446,0.0
 05/28  09:00:00,6.49282427446,0.0
 05/28  10:00:00,6.49282427446,0.0
 05/28  11:00:00,6.49282427446,0.0
 05/28  12:00:00,6.49282427446,0.0
 05/28  13:00:00,6.49282427446,0.0
 05/28  14:00:00,6.49282427446,0.0
 05/28  15:00:00,6.49282427446,0.0
 05/28  16:00:00,6.49282427446,0.0
 05/28  17:00:00,6.49282427446,0.0
 05/28  18:00:00,6.49282427446,0.0
 05/28  19:00:00,6.49282427446,0.0
 05/28  20:00:00,12.4414909411,0.0
 05/28  21:00:00,15.4158242745,0.0
 05/28  22:00:00,15.4158242745,0.0
 05/28  23:00:00,15.4158242745,0.0
 05/28  24:00:00,15.4158242745,0.0
 05/29  01:00:00,15.4158242745,0.0
 05/29  02:00:00,15.4158242745,0.0
 05/29  03:00:00,15.4158242745,0.0
 05/29  04:00:00,15.6967383033,5.26840593833
 05/29  05:00:00,12.769649938499999,6.1503358518699995
 05/29  06:00:00,6.72757503206,4.412890550269999
 05/29  07:00:00,6.49282427446,0.0
 05/29  08:00:00,6.49282427446,0.0
 05/29  09:00:00,6.49282427446,0.0
 05/29  10:00:00,6.49282427446,0.0
 05/29  11:00:00,6.49282427446,0.0
 05/29  12:00:00,6.49282427446,0.0
 05/29  13:00:00,6.49282427446,0.0
 05/29  14:00:00,6.49282427446,0.0
 05/29  15:00:00,6.49282427446,0.0
 05/29  16:00:00,6.49282427446,0.0
 05/29  17:00:00,6.49282427446,0.0
 05/29  18:00:00,6.49282427446,0.0
 05/29  19:00:00,6.49282427446,0.0
 05/29  20:00:00,12.4414909411,0.0
 05/29  21:00:00,15.4158242745,0.0
 05/29  22:00:00,15.4158242745,0.0
 05/29  23:00:00,15.4158242745,0.0
 05/29  24:00:00,15.4158242745,0.0
 05/30  01:00:00,15.4158242745,0.0
 05/30  02:00:00,15.4158242745,0.0
 05/30  03:00:00,15.4158242745,0.0
 05/30  04:00:00,15.4158242745,0.0
 05/30  05:00:00,12.4414909411,0.0
 05/30  06:00:00,17.547917689400002,11.009116943499999
 05/30  07:00:00,38.037990190900004,5.825768695580001
 05/30  08:00:00,57.5164630143,2.39942909564
 05/30  09:00:00,69.4905118851,0.15800382515699998
 05/30  10:00:00,69.4905118851,0.0
 05/30  11:00:00,69.4905118851,0.0
 05/30  12:00:00,62.9976876107,0.0
 05/30  13:00:00,69.5308341604,0.0
 05/30  14:00:00,69.8671897983,0.0
 05/30  15:00:00,70.1314337121,0.0
 05/30  16:00:00,70.1666450207,0.0
 05/30  17:00:00,20.490072501500002,0.0
 05/30  18:00:00,6.49282427446,0.0
 05/30  19:00:00,6.49282427446,0.0
 05/30  20:00:00,12.4414909411,0.0
 05/30  21:00:00,15.4158242745,0.0
 05/30  22:00:00,15.4158242745,0.0
 05/30  23:00:00,15.4158242745,0.0
 05/30  24:00:00,15.4158242745,0.0
 05/31  01:00:00,15.4158242745,0.0
 05/31  02:00:00,15.4158242745,0.0
 05/31  03:00:00,15.4158242745,0.0
 05/31  04:00:00,15.4158242745,0.0
 05/31  05:00:00,12.4414909411,0.0
 05/31  06:00:00,17.547917689400002,5.50669670462
 05/31  07:00:00,38.037990190900004,2.33434346112
 05/31  08:00:00,57.5164630143,0.11583214353499999
 05/31  09:00:00,69.4905118851,0.0
 05/31  10:00:00,69.4905118851,0.0
 05/31  11:00:00,69.4905118851,0.0
 05/31  12:00:00,62.9976876107,0.0
 05/31  13:00:00,69.4905118851,0.0
 05/31  14:00:00,69.4905118851,0.0
 05/31  15:00:00,69.4905118851,0.0
 05/31  16:00:00,69.4905118851,0.0
 05/31  17:00:00,20.490072501500002,0.0
 05/31  18:00:00,6.49282427446,0.0
 05/31  19:00:00,6.49282427446,0.0
 05/31  20:00:00,12.4414909411,0.0
 05/31  21:00:00,15.4158242745,0.0
 05/31  22:00:00,15.4158242745,0.0
 05/31  23:00:00,15.4158242745,0.0
 05/31  24:00:00,15.4158242745,0.0
 06/01  01:00:00,15.4158242745,0.0
 06/01  02:00:00,15.4158242745,0.0
 06/01  03:00:00,15.4158242745,0.0
 06/01  04:00:00,15.4158242745,0.0
 06/01  05:00:00,12.4414909411,0.0
 06/01  06:00:00,17.547917689400002,1.39264311328
 06/01  07:00:00,38.037990190900004,0.0
 06/01  08:00:00,57.5164630143,0.0
 06/01  09:00:00,69.4905118851,0.0
 06/01  10:00:00,70.1115803913,0.0
 06/01  11:00:00,70.7603259644,0.0
 06/01  12:00:00,65.9655192437,0.0
 06/01  13:00:00,76.9597554329,0.0
 06/01  14:00:00,80.3144210189,0.0
 06/01  15:00:00,82.6319479847,0.0
 06/01  16:00:00,83.0997113012,0.0
 06/01  17:00:00,23.928527375999998,0.0
 06/01  18:00:00,11.996343915699999,0.0
 06/01  19:00:00,7.976204467660001,0.0
 06/01  20:00:00,12.4414909411,0.0
 06/01  21:00:00,15.4158242745,0.0
 06/01  22:00:00,15.4158242745,0.0
 06/01  23:00:00,15.4158242745,0.0
 06/01  24:00:00,15.4158242745,0.0
 06/02  01:00:00,15.4158242745,0.0
 06/02  02:00:00,15.4158242745,0.0
 06/02  03:00:00,15.4158242745,0.0
 06/02  04:00:00,15.4158242745,0.0
 06/02  05:00:00,12.4414909411,0.0
 06/02  06:00:00,17.547917689400002,0.0
 06/02  07:00:00,38.037990190900004,0.0
 06/02  08:00:00,57.5164630143,0.0
 06/02  09:00:00,69.4905118851,0.0
 06/02  10:00:00,69.5487738597,0.0
 06/02  11:00:00,69.7278950676,0.0
 06/02  12:00:00,63.258401363000004,0.0
 06/02  13:00:00,70.1304150071,0.0
 06/02  14:00:00,70.32131103,0.0
 06/02  15:00:00,70.4409007809,0.0
 06/02  16:00:00,70.66202729999999,0.0
 06/02  17:00:00,20.490072501500002,0.0
 06/02  18:00:00,6.49282427446,0.0
 06/02  19:00:00,6.49282427446,0.0
 06/02  20:00:00,10.954324274500001,0.0
 06/02  21:00:00,15.4158242745,0.0
 06/02  22:00:00,15.4158242745,0.0
 06/02  23:00:00,15.4158242745,0.0
 06/02  24:00:00,15.4158242745,0.0
 06/03  01:00:00,15.4158242745,0.0
 06/03  02:00:00,15.4158242745,0.0
 06/03  03:00:00,15.4158242745,0.0
 06/03  04:00:00,15.4158242745,0.0
 06/03  05:00:00,12.4414909411,0.0
 06/03  06:00:00,6.49282427446,0.0
 06/03  07:00:00,17.547917689400002,0.0
 06/03  08:00:00,18.5595173675,0.0
 06/03  09:00:00,28.369523270100004,0.0
 06/03  10:00:00,28.9083325046,0.0
 06/03  11:00:00,29.3412427511,0.0
 06/03  12:00:00,20.4512529775,0.0
 06/03  13:00:00,23.7199828631,0.0
 06/03  14:00:00,25.9110431946,0.0
 06/03  15:00:00,27.0037874006,0.0
 06/03  16:00:00,9.18069595121,0.0
 06/03  17:00:00,6.49282427446,0.0
 06/03  18:00:00,6.49282427446,0.0
 06/03  19:00:00,6.49282427446,0.0
 06/03  20:00:00,10.954324274500001,0.0
 06/03  21:00:00,15.4158242745,0.0
 06/03  22:00:00,15.4158242745,0.0
 06/03  23:00:00,15.4158242745,0.0
 06/03  24:00:00,15.4158242745,0.0
 06/04  01:00:00,15.4158242745,0.0
 06/04  02:00:00,15.4158242745,0.0
 06/04  03:00:00,15.4158242745,0.0
 06/04  04:00:00,15.4158242745,0.0
 06/04  05:00:00,12.4414909411,0.0
 06/04  06:00:00,6.49282427446,0.0
 06/04  07:00:00,6.49282427446,0.0
 06/04  08:00:00,6.49282427446,0.0
 06/04  09:00:00,6.49282427446,0.0
 06/04  10:00:00,6.49282427446,0.0
 06/04  11:00:00,6.49282427446,0.0
 06/04  12:00:00,6.49282427446,0.0
 06/04  13:00:00,6.49282427446,0.0
 06/04  14:00:00,6.49282427446,0.0
 06/04  15:00:00,6.49282427446,0.0
 06/04  16:00:00,6.49282427446,0.0
 06/04  17:00:00,6.49282427446,0.0
 06/04  18:00:00,6.49282427446,0.0
 06/04  19:00:00,6.49282427446,0.0
 06/04  20:00:00,10.954324274500001,0.0
 06/04  21:00:00,15.4158242745,0.0
 06/04  22:00:00,15.4158242745,0.0
 06/04  23:00:00,15.4158242745,0.0
 06/04  24:00:00,15.4158242745,0.0
 06/05  01:00:00,15.4158242745,0.0
 06/05  02:00:00,15.4158242745,0.0
 06/05  03:00:00,15.4158242745,0.0
 06/05  04:00:00,15.4158242745,0.0
 06/05  05:00:00,12.4414909411,0.0
 06/05  06:00:00,17.547917689400002,4.61607057511
 06/05  07:00:00,38.037990190900004,1.500362719
 06/05  08:00:00,57.5164630143,0.0
 06/05  09:00:00,69.4905118851,0.0
 06/05  10:00:00,69.4905118851,0.0
 06/05  11:00:00,69.4905118851,0.0
 06/05  12:00:00,62.9976876107,0.0
 06/05  13:00:00,69.7109759071,0.0
 06/05  14:00:00,69.9273869105,0.0
 06/05  15:00:00,70.02480303189999,0.0
 06/05  16:00:00,70.0316887262,0.0
 06/05  17:00:00,20.490072501500002,0.0
 06/05  18:00:00,6.49282427446,0.0
 06/05  19:00:00,6.49282427446,0.0
 06/05  20:00:00,10.954324274500001,0.0
 06/05  21:00:00,15.4158242745,0.0
 06/05  22:00:00,15.4158242745,0.0
 06/05  23:00:00,15.4158242745,0.0
 06/05  24:00:00,15.4158242745,0.0
 06/06  01:00:00,15.4158242745,0.0
 06/06  02:00:00,15.4158242745,0.0
 06/06  03:00:00,15.4158242745,0.0
 06/06  04:00:00,15.4158242745,0.0
 06/06  05:00:00,12.4414909411,0.0
 06/06  06:00:00,17.547917689400002,6.31783323556
 06/06  07:00:00,38.037990190900004,1.9712519126199999
 06/06  08:00:00,57.5164630143,0.0
 06/06  09:00:00,69.4905118851,0.0
 06/06  10:00:00,69.4905118851,0.0
 06/06  11:00:00,69.5190444798,0.0
 06/06  12:00:00,63.2052126027,0.0
 06/06  13:00:00,70.01478538069999,0.0
 06/06  14:00:00,70.2324584171,0.0
 06/06  15:00:00,70.36977260350001,0.0
 06/06  16:00:00,70.3818116267,0.0
 06/06  17:00:00,20.490072501500002,0.0
 06/06  18:00:00,6.49282427446,0.0
 06/06  19:00:00,6.49282427446,0.0
 06/06  20:00:00,10.954324274500001,0.0
 06/06  21:00:00,15.4158242745,0.0
 06/06  22:00:00,15.4158242745,0.0
 06/06  23:00:00,15.4158242745,0.0
 06/06  24:00:00,15.4158242745,0.0
 06/07  01:00:00,15.4158242745,0.0
 06/07  02:00:00,15.4158242745,0.0
 06/07  03:00:00,15.4158242745,0.0
 06/07  04:00:00,15.4158242745,0.0
 06/07  05:00:00,12.4414909411,0.0
 06/07  06:00:00,17.547917689400002,2.8176438163
 06/07  07:00:00,38.037990190900004,0.176134738721
 06/07  08:00:00,57.5164630143,0.0
 06/07  09:00:00,69.4905118851,0.0
 06/07  10:00:00,69.4905118851,0.0
 06/07  11:00:00,69.8550881299,0.0
 06/07  12:00:00,63.6730105479,0.0
 06/07  13:00:00,70.57774381819999,0.0
 06/07  14:00:00,72.3219694716,0.0
 06/07  15:00:00,74.0860341524,0.0
 06/07  16:00:00,74.7223766087,0.0
 06/07  17:00:00,20.490072501500002,0.0
 06/07  18:00:00,6.49282427446,0.0
 06/07  19:00:00,6.49282427446,0.0
 06/07  20:00:00,10.954324274500001,0.0
 06/07  21:00:00,15.4158242745,0.0
 06/07  22:00:00,15.4158242745,0.0
 06/07  23:00:00,15.4158242745,0.0
 06/07  24:00:00,15.4158242745,0.0
 06/08  01:00:00,15.4158242745,0.0
 06/08  02:00:00,15.4158242745,0.0
 06/08  03:00:00,15.4158242745,0.0
 06/08  04:00:00,15.4158242745,0.0
 06/08  05:00:00,12.4414909411,0.0
 06/08  06:00:00,17.547917689400002,0.187282828505
 06/08  07:00:00,38.037990190900004,0.0
 06/08  08:00:00,57.5164630143,0.0
 06/08  09:00:00,69.6651905079,0.0
 06/08  10:00:00,70.2156254183,0.0
 06/08  11:00:00,70.5845333607,0.0
 06/08  12:00:00,65.4103830517,0.0
 06/08  13:00:00,75.6828536157,0.0
 06/08  14:00:00,77.440786476,0.0
 06/08  15:00:00,78.2057995897,0.0
 06/08  16:00:00,78.6705343501,0.0
 06/08  17:00:00,21.7540234308,0.0
 06/08  18:00:00,7.18393390815,0.0
 06/08  19:00:00,6.49282427446,0.0
 06/08  20:00:00,10.954324274500001,0.0
 06/08  21:00:00,15.4158242745,0.0
 06/08  22:00:00,15.4158242745,0.0
 06/08  23:00:00,15.4158242745,0.0
 06/08  24:00:00,15.4158242745,0.0
 06/09  01:00:00,15.4158242745,0.0
 06/09  02:00:00,15.4158242745,0.0
 06/09  03:00:00,15.4158242745,0.0
 06/09  04:00:00,15.4158242745,0.0
 06/09  05:00:00,12.4414909411,0.0
 06/09  06:00:00,17.547917689400002,0.0
 06/09  07:00:00,38.037990190900004,0.0
 06/09  08:00:00,57.5164630143,0.0
 06/09  09:00:00,69.9689603603,0.0
 06/09  10:00:00,70.524389641,0.0
 06/09  11:00:00,71.5620475096,0.0
 06/09  12:00:00,67.9567087605,0.0
 06/09  13:00:00,77.5342848233,0.0
 06/09  14:00:00,79.5955376368,0.0
 06/09  15:00:00,80.6854192804,0.0
 06/09  16:00:00,81.1781280884,0.0
 06/09  17:00:00,23.4244846187,0.0
 06/09  18:00:00,9.369086561389999,0.0
 06/09  19:00:00,6.49282427446,0.0
 06/09  20:00:00,10.954324274500001,0.0
 06/09  21:00:00,15.4158242745,0.0
 06/09  22:00:00,15.4158242745,0.0
 06/09  23:00:00,15.4158242745,0.0
 06/09  24:00:00,15.4158242745,0.0
 06/10  01:00:00,15.4158242745,0.0
 06/10  02:00:00,15.4158242745,0.0
 06/10  03:00:00,15.4158242745,0.0
 06/10  04:00:00,15.4158242745,0.0
 06/10  05:00:00,12.4414909411,0.0
 06/10  06:00:00,6.49282427446,0.0
 06/10  07:00:00,17.547917689400002,0.0
 06/10  08:00:00,18.5595173675,0.0
 06/10  09:00:00,28.2564311586,0.0
 06/10  10:00:00,28.4266911798,0.0
 06/10  11:00:00,28.7502170054,0.0
 06/10  12:00:00,18.0019641552,0.0
 06/10  13:00:00,18.2468581065,0.0
 06/10  14:00:00,18.4245668106,0.0
 06/10  15:00:00,18.9036432766,0.0
 06/10  16:00:00,6.49282427446,0.0
 06/10  17:00:00,6.49282427446,0.0
 06/10  18:00:00,6.49282427446,0.0
 06/10  19:00:00,6.49282427446,0.0
 06/10  20:00:00,10.954324274500001,0.0
 06/10  21:00:00,15.4158242745,0.0
 06/10  22:00:00,15.4158242745,0.0
 06/10  23:00:00,15.4158242745,0.0
 06/10  24:00:00,15.4158242745,0.0
 06/11  01:00:00,15.4158242745,0.0
 06/11  02:00:00,15.4158242745,0.0
 06/11  03:00:00,15.4158242745,0.0
 06/11  04:00:00,15.4158242745,0.0
 06/11  05:00:00,12.4414909411,0.0
 06/11  06:00:00,6.49282427446,0.0
 06/11  07:00:00,6.49282427446,0.0
 06/11  08:00:00,6.49282427446,0.0
 06/11  09:00:00,6.49282427446,0.0
 06/11  10:00:00,6.49282427446,0.0
 06/11  11:00:00,6.49282427446,0.0
 06/11  12:00:00,6.49282427446,0.0
 06/11  13:00:00,6.49282427446,0.0
 06/11  14:00:00,6.49282427446,0.0
 06/11  15:00:00,6.49282427446,0.0
 06/11  16:00:00,6.49282427446,0.0
 06/11  17:00:00,6.49282427446,0.0
 06/11  18:00:00,6.49282427446,0.0
 06/11  19:00:00,6.49282427446,0.0
 06/11  20:00:00,10.954324274500001,0.0
 06/11  21:00:00,15.4158242745,0.0
 06/11  22:00:00,15.4158242745,0.0
 06/11  23:00:00,15.4158242745,0.0
 06/11  24:00:00,15.4158242745,0.0
 06/12  01:00:00,15.4158242745,0.0
 06/12  02:00:00,15.4158242745,0.0
 06/12  03:00:00,15.4158242745,0.0
 06/12  04:00:00,15.4158242745,0.0
 06/12  05:00:00,12.4414909411,0.0
 06/12  06:00:00,17.547917689400002,0.022838975456500002
 06/12  07:00:00,38.037990190900004,0.0
 06/12  08:00:00,57.5164630143,0.0
 06/12  09:00:00,69.7519835608,0.0
 06/12  10:00:00,70.3291854483,0.0
 06/12  11:00:00,70.66273663850001,0.0
 06/12  12:00:00,65.4700617646,0.0
 06/12  13:00:00,74.5249435302,0.0
 06/12  14:00:00,75.9116031105,0.0
 06/12  15:00:00,76.3920725383,0.0
 06/12  16:00:00,75.6940168239,0.0
 06/12  17:00:00,20.490072501500002,0.0
 06/12  18:00:00,6.49282427446,0.0
 06/12  19:00:00,6.49282427446,0.0
 06/12  20:00:00,10.954324274500001,0.0
 06/12  21:00:00,15.4158242745,0.0
 06/12  22:00:00,15.4158242745,0.0
 06/12  23:00:00,15.4158242745,0.0
 06/12  24:00:00,15.4158242745,0.0
 06/13  01:00:00,15.4158242745,0.0
 06/13  02:00:00,15.4158242745,0.0
 06/13  03:00:00,15.4158242745,0.0
 06/13  04:00:00,15.4158242745,0.0
 06/13  05:00:00,12.4414909411,0.0
 06/13  06:00:00,17.547917689400002,0.0
 06/13  07:00:00,38.037990190900004,0.0
 06/13  08:00:00,57.5164630143,0.0
 06/13  09:00:00,69.4994967111,0.0
 06/13  10:00:00,69.8668095629,0.0
 06/13  11:00:00,70.3083410084,0.0
 06/13  12:00:00,63.899089053699996,0.0
 06/13  13:00:00,70.5661028291,0.0
 06/13  14:00:00,70.680475059,0.0
 06/13  15:00:00,70.8103170815,0.0
 06/13  16:00:00,70.7362204506,0.0
 06/13  17:00:00,20.490072501500002,0.0
 06/13  18:00:00,6.49282427446,0.0
 06/13  19:00:00,6.49282427446,0.0
 06/13  20:00:00,10.954324274500001,0.0
 06/13  21:00:00,15.4158242745,0.0
 06/13  22:00:00,15.4158242745,0.0
 06/13  23:00:00,15.4158242745,0.0
 06/13  24:00:00,15.4158242745,0.0
 06/14  01:00:00,15.4158242745,0.0
 06/14  02:00:00,15.4158242745,0.0
 06/14  03:00:00,15.4158242745,0.0
 06/14  04:00:00,15.4158242745,0.0
 06/14  05:00:00,12.4414909411,0.0
 06/14  06:00:00,17.547917689400002,3.43004070018
 06/14  07:00:00,38.037990190900004,0.570560993374
 06/14  08:00:00,57.5164630143,0.0
 06/14  09:00:00,69.4905118851,0.0
 06/14  10:00:00,69.4905118851,0.0
 06/14  11:00:00,69.4905118851,0.0
 06/14  12:00:00,62.9976876107,0.0
 06/14  13:00:00,69.6644896434,0.0
 06/14  14:00:00,69.7748902031,0.0
 06/14  15:00:00,69.9414194319,0.0
 06/14  16:00:00,69.9133837995,0.0
 06/14  17:00:00,20.490072501500002,0.0
 06/14  18:00:00,6.49282427446,0.0
 06/14  19:00:00,6.49282427446,0.0
 06/14  20:00:00,10.954324274500001,0.0
 06/14  21:00:00,15.4158242745,0.0
 06/14  22:00:00,15.4158242745,0.0
 06/14  23:00:00,15.4158242745,0.0
 06/14  24:00:00,15.4158242745,0.0
 06/15  01:00:00,15.4158242745,0.0
 06/15  02:00:00,15.4158242745,0.0
 06/15  03:00:00,15.4158242745,0.0
 06/15  04:00:00,15.4158242745,0.0
 06/15  05:00:00,12.4414909411,0.0
 06/15  06:00:00,17.547917689400002,4.51600370188
 06/15  07:00:00,38.037990190900004,0.990115277262
 06/15  08:00:00,57.5164630143,0.0
 06/15  09:00:00,69.4905118851,0.0
 06/15  10:00:00,69.4905118851,0.0
 06/15  11:00:00,69.8687579993,0.0
 06/15  12:00:00,63.67102411649999,0.0
 06/15  13:00:00,70.5314326045,0.0
 06/15  14:00:00,71.5192758594,0.0
 06/15  15:00:00,73.2107055793,0.0
 06/15  16:00:00,73.4120640751,0.0
 06/15  17:00:00,20.490072501500002,0.0
 06/15  18:00:00,6.49282427446,0.0
 06/15  19:00:00,6.49282427446,0.0
 06/15  20:00:00,10.954324274500001,0.0
 06/15  21:00:00,15.4158242745,0.0
 06/15  22:00:00,15.4158242745,0.0
 06/15  23:00:00,15.4158242745,0.0
 06/15  24:00:00,15.4158242745,0.0
 06/16  01:00:00,15.4158242745,0.0
 06/16  02:00:00,15.4158242745,0.0
 06/16  03:00:00,15.4158242745,0.0
 06/16  04:00:00,15.4158242745,0.0
 06/16  05:00:00,12.4414909411,0.0
 06/16  06:00:00,17.547917689400002,4.25609633095
 06/16  07:00:00,38.037990190900004,0.710141138853
 06/16  08:00:00,57.5164630143,0.0
 06/16  09:00:00,69.4905118851,0.0
 06/16  10:00:00,69.4905118851,0.0
 06/16  11:00:00,69.7288122481,0.0
 06/16  12:00:00,63.4329525288,0.0
 06/16  13:00:00,70.1565885903,0.0
 06/16  14:00:00,70.3174284464,0.0
 06/16  15:00:00,70.4453496127,0.0
 06/16  16:00:00,70.48321269899999,0.0
 06/16  17:00:00,20.490072501500002,0.0
 06/16  18:00:00,6.49282427446,0.0
 06/16  19:00:00,6.49282427446,0.0
 06/16  20:00:00,10.954324274500001,0.0
 06/16  21:00:00,15.4158242745,0.0
 06/16  22:00:00,15.4158242745,0.0
 06/16  23:00:00,15.4158242745,0.0
 06/16  24:00:00,15.4158242745,0.0
 06/17  01:00:00,15.4158242745,0.0
 06/17  02:00:00,15.4158242745,0.0
 06/17  03:00:00,15.4158242745,0.0
 06/17  04:00:00,15.4158242745,0.0
 06/17  05:00:00,12.4414909411,0.0
 06/17  06:00:00,6.49282427446,0.0
 06/17  07:00:00,17.547917689400002,1.0756117413500002
 06/17  08:00:00,18.5595173675,0.0
 06/17  09:00:00,28.2564311586,0.0
 06/17  10:00:00,28.2564311586,0.0
 06/17  11:00:00,28.2564311586,0.0
 06/17  12:00:00,17.547917689400002,0.0
 06/17  13:00:00,17.547917689400002,0.0
 06/17  14:00:00,17.547917689400002,0.0
 06/17  15:00:00,17.547917689400002,0.0
 06/17  16:00:00,6.49282427446,0.0
 06/17  17:00:00,6.49282427446,0.0
 06/17  18:00:00,6.49282427446,0.0
 06/17  19:00:00,6.49282427446,0.0
 06/17  20:00:00,10.954324274500001,0.0
 06/17  21:00:00,15.4158242745,0.0
 06/17  22:00:00,15.4158242745,0.0
 06/17  23:00:00,15.4158242745,0.0
 06/17  24:00:00,15.4158242745,0.0
 06/18  01:00:00,15.4158242745,0.0
 06/18  02:00:00,15.4158242745,0.0
 06/18  03:00:00,15.4158242745,0.0
 06/18  04:00:00,15.4158242745,0.0
 06/18  05:00:00,12.4414909411,0.0
 06/18  06:00:00,6.49282427446,0.0
 06/18  07:00:00,6.49282427446,0.0
 06/18  08:00:00,6.49282427446,0.0
 06/18  09:00:00,6.49282427446,0.0
 06/18  10:00:00,6.49282427446,0.0
 06/18  11:00:00,6.49282427446,0.0
 06/18  12:00:00,6.49282427446,0.0
 06/18  13:00:00,6.49282427446,0.0
 06/18  14:00:00,6.49282427446,0.0
 06/18  15:00:00,6.49282427446,0.0
 06/18  16:00:00,6.49282427446,0.0
 06/18  17:00:00,6.49282427446,0.0
 06/18  18:00:00,6.49282427446,0.0
 06/18  19:00:00,6.49282427446,0.0
 06/18  20:00:00,10.954324274500001,0.0
 06/18  21:00:00,15.4158242745,0.0
 06/18  22:00:00,15.4158242745,0.0
 06/18  23:00:00,15.4158242745,0.0
 06/18  24:00:00,15.4158242745,0.0
 06/19  01:00:00,15.4158242745,0.0
 06/19  02:00:00,15.4158242745,0.0
 06/19  03:00:00,15.4158242745,0.0
 06/19  04:00:00,15.4158242745,0.0
 06/19  05:00:00,12.4414909411,0.0
 06/19  06:00:00,17.547917689400002,0.0
 06/19  07:00:00,38.037990190900004,0.0
 06/19  08:00:00,57.5164630143,0.0
 06/19  09:00:00,69.7934485617,0.0
 06/19  10:00:00,70.0422148985,0.0
 06/19  11:00:00,70.28728762680001,0.0
 06/19  12:00:00,64.0096382518,0.0
 06/19  13:00:00,71.8547045743,0.0
 06/19  14:00:00,75.77265815439999,0.0
 06/19  15:00:00,77.6310494049,0.0
 06/19  16:00:00,77.9159915252,0.0
 06/19  17:00:00,20.490072501500002,0.0
 06/19  18:00:00,6.49282427446,0.0
 06/19  19:00:00,6.49282427446,0.0
 06/19  20:00:00,10.954324274500001,0.0
 06/19  21:00:00,15.4158242745,0.0
 06/19  22:00:00,15.4158242745,0.0
 06/19  23:00:00,15.4158242745,0.0
 06/19  24:00:00,15.4158242745,0.0
 06/20  01:00:00,15.4158242745,0.0
 06/20  02:00:00,15.4158242745,0.0
 06/20  03:00:00,15.4158242745,0.0
 06/20  04:00:00,15.4158242745,0.0
 06/20  05:00:00,12.4414909411,0.0
 06/20  06:00:00,17.547917689400002,0.0
 06/20  07:00:00,38.037990190900004,0.0
 06/20  08:00:00,57.8831899625,0.0
 06/20  09:00:00,70.6183834528,0.0
 06/20  10:00:00,72.4072083544,0.0
 06/20  11:00:00,77.0978766707,0.0
 06/20  12:00:00,73.33963649520001,0.0
 06/20  13:00:00,82.7074399027,0.0
 06/20  14:00:00,83.128035783,0.0
 06/20  15:00:00,83.2466205219,0.0
 06/20  16:00:00,83.3178712191,0.0
 06/20  17:00:00,24.3350182754,0.0
 06/20  18:00:00,10.3647518927,0.0
 06/20  19:00:00,9.51032805049,0.0
 06/20  20:00:00,10.954324274500001,0.0
 06/20  21:00:00,15.4158242745,0.0
 06/20  22:00:00,15.4158242745,0.0
 06/20  23:00:00,15.4158242745,0.0
 06/20  24:00:00,15.4158242745,0.0
 06/21  01:00:00,15.4158242745,0.0
 06/21  02:00:00,15.4158242745,0.0
 06/21  03:00:00,15.4158242745,0.0
 06/21  04:00:00,15.4158242745,0.0
 06/21  05:00:00,12.4414909411,0.0
 06/21  06:00:00,17.547917689400002,0.0
 06/21  07:00:00,38.040501130900005,0.0
 06/21  08:00:00,58.3096370976,0.0
 06/21  09:00:00,70.8854613875,0.0
 06/21  10:00:00,74.2167422329,0.0
 06/21  11:00:00,78.2785516121,0.0
 06/21  12:00:00,74.2255459883,0.0
 06/21  13:00:00,82.6447790754,0.0
 06/21  14:00:00,83.77714091189999,0.0
 06/21  15:00:00,84.57278168020001,0.0
 06/21  16:00:00,84.4351154323,0.0
 06/21  17:00:00,26.7548503529,0.0
 06/21  18:00:00,10.7023881539,0.0
 06/21  19:00:00,7.0430431776399995,0.0
 06/21  20:00:00,9.467157607799999,0.0
 06/21  21:00:00,15.4158242745,0.0
 06/21  22:00:00,15.4158242745,0.0
 06/21  23:00:00,15.4158242745,0.0
 06/21  24:00:00,15.4158242745,0.0
 06/22  01:00:00,15.4158242745,0.0
 06/22  02:00:00,15.4158242745,0.0
 06/22  03:00:00,15.4158242745,0.0
 06/22  04:00:00,15.4158242745,0.0
 06/22  05:00:00,12.4414909411,0.0
 06/22  06:00:00,17.547917689400002,0.0
 06/22  07:00:00,38.037990190900004,0.0
 06/22  08:00:00,58.1176132961,0.0
 06/22  09:00:00,70.7531987217,0.0
 06/22  10:00:00,73.5287991839,0.0
 06/22  11:00:00,78.5366651413,0.0
 06/22  12:00:00,74.8731430813,0.0
 06/22  13:00:00,84.0809413889,0.0
 06/22  14:00:00,84.8095027981,0.0
 06/22  15:00:00,84.9783786032,0.0
 06/22  16:00:00,84.7686508374,0.0
 06/22  17:00:00,26.9304618021,0.0
 06/22  18:00:00,11.871653361199998,0.0
 06/22  19:00:00,9.912830542530001,0.0
 06/22  20:00:00,9.467157607799999,0.0
 06/22  21:00:00,15.4158242745,0.0
 06/22  22:00:00,15.4158242745,0.0
 06/22  23:00:00,15.4158242745,0.0
 06/22  24:00:00,15.4158242745,0.0
 06/23  01:00:00,15.4158242745,0.0
 06/23  02:00:00,15.4158242745,0.0
 06/23  03:00:00,15.4158242745,0.0
 06/23  04:00:00,15.4158242745,0.0
 06/23  05:00:00,12.4414909411,0.0
 06/23  06:00:00,17.547917689400002,0.0
 06/23  07:00:00,38.037990190900004,0.0
 06/23  08:00:00,57.9958835472,0.0
 06/23  09:00:00,70.6325209833,0.0
 06/23  10:00:00,72.288934078,0.0
 06/23  11:00:00,76.4157260616,0.0
 06/23  12:00:00,72.0748131114,0.0
 06/23  13:00:00,81.1605654462,0.0
 06/23  14:00:00,82.2757562538,0.0
 06/23  15:00:00,82.8651494035,0.0
 06/23  16:00:00,83.1033733129,0.0
 06/23  17:00:00,26.2907626478,0.0
 06/23  18:00:00,10.998756434,0.0
 06/23  19:00:00,8.71479098273,0.0
 06/23  20:00:00,9.62176190101,0.0
 06/23  21:00:00,15.4158242745,0.0
 06/23  22:00:00,15.4158242745,0.0
 06/23  23:00:00,15.4158242745,0.0
 06/23  24:00:00,15.4158242745,0.0
 06/24  01:00:00,15.4158242745,0.0
 06/24  02:00:00,15.4158242745,0.0
 06/24  03:00:00,15.4158242745,0.0
 06/24  04:00:00,15.4158242745,0.0
 06/24  05:00:00,12.4414909411,0.0
 06/24  06:00:00,6.49282427446,0.0
 06/24  07:00:00,17.547917689400002,0.0
 06/24  08:00:00,18.5595173675,0.0
 06/24  09:00:00,28.3695778295,0.0
 06/24  10:00:00,28.9723051661,0.0
 06/24  11:00:00,30.039360678,0.0
 06/24  12:00:00,22.1726549658,0.0
 06/24  13:00:00,24.8394344278,0.0
 06/24  14:00:00,26.174868888200002,0.0
 06/24  15:00:00,27.029138038600003,0.0
 06/24  16:00:00,9.65447735214,0.0
 06/24  17:00:00,11.7470357967,0.0
 06/24  18:00:00,10.7316797732,0.0
 06/24  19:00:00,7.176529884419999,0.0
 06/24  20:00:00,9.467157607799999,0.0
 06/24  21:00:00,15.4158242745,0.0
 06/24  22:00:00,15.4158242745,0.0
 06/24  23:00:00,15.4158242745,0.0
 06/24  24:00:00,15.4158242745,0.0
 06/25  01:00:00,15.4158242745,0.0
 06/25  02:00:00,15.4158242745,0.0
 06/25  03:00:00,15.4158242745,0.0
 06/25  04:00:00,15.4158242745,0.0
 06/25  05:00:00,12.4414909411,0.0
 06/25  06:00:00,6.49282427446,0.0
 06/25  07:00:00,6.49282427446,0.0
 06/25  08:00:00,6.49282427446,0.0
 06/25  09:00:00,6.49282427446,0.0
 06/25  10:00:00,6.49282427446,0.0
 06/25  11:00:00,6.49282427446,0.0
 06/25  12:00:00,6.49282427446,0.0
 06/25  13:00:00,9.90105728346,0.0
 06/25  14:00:00,13.0708948292,0.0
 06/25  15:00:00,12.4544291173,0.0
 06/25  16:00:00,16.0089149262,0.0
 06/25  17:00:00,12.9645743641,0.0
 06/25  18:00:00,11.1420646431,0.0
 06/25  19:00:00,9.44027998965,0.0
 06/25  20:00:00,9.467157607799999,0.0
 06/25  21:00:00,15.4158242745,0.0
 06/25  22:00:00,15.4158242745,0.0
 06/25  23:00:00,15.4158242745,0.0
 06/25  24:00:00,15.4158242745,0.0
 06/26  01:00:00,15.4158242745,0.0
 06/26  02:00:00,15.4158242745,0.0
 06/26  03:00:00,15.4158242745,0.0
 06/26  04:00:00,15.4158242745,0.0
 06/26  05:00:00,12.4414909411,0.0
 06/26  06:00:00,17.547917689400002,0.0
 06/26  07:00:00,38.0975245445,0.0
 06/26  08:00:00,58.2951638121,0.0
 06/26  09:00:00,70.3335479178,0.0
 06/26  10:00:00,70.1698771566,0.0
 06/26  11:00:00,70.3058937667,0.0
 06/26  12:00:00,64.0935344774,0.0
 06/26  13:00:00,71.925591842,0.0
 06/26  14:00:00,77.0589464435,0.0
 06/26  15:00:00,80.2157919669,0.0
 06/26  16:00:00,81.2687128294,0.0
 06/26  17:00:00,20.490072501500002,0.0
 06/26  18:00:00,6.49282427446,0.0
 06/26  19:00:00,6.49282427446,0.0
 06/26  20:00:00,9.467157607799999,0.0
 06/26  21:00:00,15.4158242745,0.0
 06/26  22:00:00,15.4158242745,0.0
 06/26  23:00:00,15.4158242745,0.0
 06/26  24:00:00,15.4158242745,0.0
 06/27  01:00:00,15.4158242745,0.0
 06/27  02:00:00,15.4158242745,0.0
 06/27  03:00:00,15.4158242745,0.0
 06/27  04:00:00,15.4158242745,0.0
 06/27  05:00:00,12.4414909411,0.0
 06/27  06:00:00,17.547917689400002,0.0015106430937599999
 06/27  07:00:00,38.037990190900004,0.0
 06/27  08:00:00,57.5164630143,0.0
 06/27  09:00:00,70.0065448323,0.0
 06/27  10:00:00,70.5046722499,0.0
 06/27  11:00:00,72.059081205,0.0
 06/27  12:00:00,68.7662619728,0.0
 06/27  13:00:00,77.8294335536,0.0
 06/27  14:00:00,79.1906579475,0.0
 06/27  15:00:00,79.8272348982,0.0
 06/27  16:00:00,79.7398834841,0.0
 06/27  17:00:00,22.9281831666,0.0
 06/27  18:00:00,6.49282427446,0.0
 06/27  19:00:00,6.49282427446,0.0
 06/27  20:00:00,9.467157607799999,0.0
 06/27  21:00:00,15.4158242745,0.0
 06/27  22:00:00,15.4158242745,0.0
 06/27  23:00:00,15.4158242745,0.0
 06/27  24:00:00,15.4158242745,0.0
 06/28  01:00:00,15.4158242745,0.0
 06/28  02:00:00,15.4158242745,0.0
 06/28  03:00:00,15.4158242745,0.0
 06/28  04:00:00,15.4158242745,0.0
 06/28  05:00:00,12.4414909411,0.0
 06/28  06:00:00,17.547917689400002,0.307227245295
 06/28  07:00:00,38.037990190900004,0.0
 06/28  08:00:00,57.5164630143,0.0
 06/28  09:00:00,69.7311317083,0.0
 06/28  10:00:00,70.309362377,0.0
 06/28  11:00:00,70.5474421184,0.0
 06/28  12:00:00,64.07853652840001,0.0
 06/28  13:00:00,71.9990683971,0.0
 06/28  14:00:00,76.2952013458,0.0
 06/28  15:00:00,78.9783315037,0.0
 06/28  16:00:00,79.45074155420001,0.0
 06/28  17:00:00,21.8248548666,0.0
 06/28  18:00:00,7.1737929215600005,0.0
 06/28  19:00:00,6.49282427446,0.0
 06/28  20:00:00,9.467157607799999,0.0
 06/28  21:00:00,15.4158242745,0.0
 06/28  22:00:00,15.4158242745,0.0
 06/28  23:00:00,15.4158242745,0.0
 06/28  24:00:00,15.4158242745,0.0
 06/29  01:00:00,15.4158242745,0.0
 06/29  02:00:00,15.4158242745,0.0
 06/29  03:00:00,15.4158242745,0.0
 06/29  04:00:00,15.4158242745,0.0
 06/29  05:00:00,12.4414909411,0.0
 06/29  06:00:00,17.547917689400002,0.0
 06/29  07:00:00,38.037990190900004,0.0
 06/29  08:00:00,57.5816712076,0.0
 06/29  09:00:00,70.3028700909,0.0
 06/29  10:00:00,70.8258443997,0.0
 06/29  11:00:00,75.4431724573,0.0
 06/29  12:00:00,73.38929339239999,0.0
 06/29  13:00:00,83.9838167615,0.0
 06/29  14:00:00,86.37588594530001,0.0
 06/29  15:00:00,87.50983206139999,0.0
 06/29  16:00:00,87.46124059200001,0.0
 06/29  17:00:00,29.8496714344,0.0
 06/29  18:00:00,12.9305039361,0.0
 06/29  19:00:00,10.152353871699999,0.0
 06/29  20:00:00,9.467157607799999,0.0
 06/29  21:00:00,15.4158242745,0.0
 06/29  22:00:00,15.4158242745,0.0
 06/29  23:00:00,15.4158242745,0.0
 06/29  24:00:00,15.4158242745,0.0
 06/30  01:00:00,15.4158242745,0.0
 06/30  02:00:00,15.4158242745,0.0
 06/30  03:00:00,15.4158242745,0.0
 06/30  04:00:00,15.4158242745,0.0
 06/30  05:00:00,12.4414909411,0.0
 06/30  06:00:00,17.547917689400002,0.0
 06/30  07:00:00,38.3399723035,0.0
 06/30  08:00:00,58.687090785500004,0.0
 06/30  09:00:00,72.18473434159999,0.0
 06/30  10:00:00,77.3070171335,0.0
 06/30  11:00:00,81.0252007886,0.0
 06/30  12:00:00,76.1463763325,0.0
 06/30  13:00:00,84.8697986836,0.0
 06/30  14:00:00,86.53292335559999,0.0
 06/30  15:00:00,87.1758102706,0.0
 06/30  16:00:00,86.73765244049999,0.0
 06/30  17:00:00,29.2309049962,0.0
 06/30  18:00:00,13.067302163299999,0.0
 06/30  19:00:00,13.4363990182,0.0
 06/30  20:00:00,10.930541113599999,0.0
 06/30  21:00:00,15.4158242745,0.0
 06/30  22:00:00,15.4158242745,0.0
 06/30  23:00:00,15.4158242745,0.0
 06/30  24:00:00,15.4158242745,0.0
 07/01  01:00:00,15.4158242745,0.0
 07/01  02:00:00,15.4158242745,0.0
 07/01  03:00:00,15.4158242745,0.0
 07/01  04:00:00,15.4158242745,0.0
 07/01  05:00:00,12.4414909411,0.0
 07/01  06:00:00,6.49282427446,0.0
 07/01  07:00:00,17.547917689400002,0.0
 07/01  08:00:00,18.5595173675,0.0
 07/01  09:00:00,28.560917997199997,0.0
 07/01  10:00:00,28.741812321199998,0.0
 07/01  11:00:00,28.9028274796,0.0
 07/01  12:00:00,18.1097063903,0.0
 07/01  13:00:00,18.2473404377,0.0
 07/01  14:00:00,18.3397590069,0.0
 07/01  15:00:00,18.3997772204,0.0
 07/01  16:00:00,6.49282427446,0.0
 07/01  17:00:00,6.49282427446,0.0
 07/01  18:00:00,6.49282427446,0.0
 07/01  19:00:00,6.49282427446,0.0
 07/01  20:00:00,9.467157607799999,0.0
 07/01  21:00:00,15.4158242745,0.0
 07/01  22:00:00,15.4158242745,0.0
 07/01  23:00:00,15.4158242745,0.0
 07/01  24:00:00,15.4158242745,0.0
 07/02  01:00:00,15.4158242745,0.0
 07/02  02:00:00,15.4158242745,0.0
 07/02  03:00:00,15.4158242745,0.0
 07/02  04:00:00,15.4158242745,0.0
 07/02  05:00:00,12.4414909411,0.0
 07/02  06:00:00,6.49282427446,0.0
 07/02  07:00:00,6.49282427446,0.0
 07/02  08:00:00,6.49282427446,0.0
 07/02  09:00:00,6.49282427446,0.0
 07/02  10:00:00,6.49282427446,0.0
 07/02  11:00:00,6.49282427446,0.0
 07/02  12:00:00,6.49282427446,0.0
 07/02  13:00:00,6.49282427446,0.0
 07/02  14:00:00,6.49282427446,0.0
 07/02  15:00:00,6.49282427446,0.0
 07/02  16:00:00,6.49282427446,0.0
 07/02  17:00:00,6.49282427446,0.0
 07/02  18:00:00,6.49282427446,0.0
 07/02  19:00:00,6.49282427446,0.0
 07/02  20:00:00,9.467157607799999,0.0
 07/02  21:00:00,15.4158242745,0.0
 07/02  22:00:00,15.4158242745,0.0
 07/02  23:00:00,15.4158242745,0.0
 07/02  24:00:00,15.4158242745,0.0
 07/03  01:00:00,15.4158242745,0.0
 07/03  02:00:00,15.4158242745,0.0
 07/03  03:00:00,15.4158242745,0.0
 07/03  04:00:00,15.4158242745,0.0
 07/03  05:00:00,12.4414909411,0.0
 07/03  06:00:00,17.547917689400002,0.0
 07/03  07:00:00,38.0423721074,0.0
 07/03  08:00:00,58.045817517299994,0.0
 07/03  09:00:00,70.336183201,0.0
 07/03  10:00:00,70.6306999681,0.0
 07/03  11:00:00,71.29500525569999,0.0
 07/03  12:00:00,69.8317896821,0.0
 07/03  13:00:00,80.7666590425,0.0
 07/03  14:00:00,82.572308243,0.0
 07/03  15:00:00,83.4051478139,0.0
 07/03  16:00:00,83.4461311117,0.0
 07/03  17:00:00,23.906426987899998,0.0
 07/03  18:00:00,6.49282427446,0.0
 07/03  19:00:00,6.49282427446,0.0
 07/03  20:00:00,9.467157607799999,0.0
 07/03  21:00:00,15.4158242745,0.0
 07/03  22:00:00,15.4158242745,0.0
 07/03  23:00:00,15.4158242745,0.0
 07/03  24:00:00,15.4158242745,0.0
 07/04  01:00:00,15.4158242745,0.0
 07/04  02:00:00,15.4158242745,0.0
 07/04  03:00:00,15.4158242745,0.0
 07/04  04:00:00,15.4158242745,0.0
 07/04  05:00:00,12.4414909411,0.0
 07/04  06:00:00,6.49282427446,0.0
 07/04  07:00:00,6.49282427446,0.0
 07/04  08:00:00,6.49282427446,0.0
 07/04  09:00:00,6.49282427446,0.0
 07/04  10:00:00,6.49282427446,0.0
 07/04  11:00:00,6.49282427446,0.0
 07/04  12:00:00,6.49282427446,0.0
 07/04  13:00:00,12.9230564158,0.0
 07/04  14:00:00,14.3033643844,0.0
 07/04  15:00:00,14.638024218699998,0.0
 07/04  16:00:00,15.2186385352,0.0
 07/04  17:00:00,13.8229825857,0.0
 07/04  18:00:00,13.662691542000001,0.0
 07/04  19:00:00,10.5574127822,0.0
 07/04  20:00:00,11.9869876189,0.0
 07/04  21:00:00,15.4158242745,0.0
 07/04  22:00:00,15.4158242745,0.0
 07/04  23:00:00,15.4158242745,0.0
 07/04  24:00:00,15.4158242745,0.0
 07/05  01:00:00,15.4158242745,0.0
 07/05  02:00:00,15.4158242745,0.0
 07/05  03:00:00,15.4158242745,0.0
 07/05  04:00:00,15.4158242745,0.0
 07/05  05:00:00,12.4414909411,0.0
 07/05  06:00:00,17.547917689400002,0.0
 07/05  07:00:00,38.037990190900004,0.0
 07/05  08:00:00,57.847729112799996,0.0
 07/05  09:00:00,70.1850846517,0.0
 07/05  10:00:00,70.4041086604,0.0
 07/05  11:00:00,70.66946260590001,0.0
 07/05  12:00:00,65.3647811461,0.0
 07/05  13:00:00,74.97542985529999,0.0
 07/05  14:00:00,77.1612825898,0.0
 07/05  15:00:00,78.7078632007,0.0
 07/05  16:00:00,79.18706093979999,0.0
 07/05  17:00:00,23.269067305100002,0.0
 07/05  18:00:00,10.6364807057,0.0
 07/05  19:00:00,8.76107781183,0.0
 07/05  20:00:00,9.81690744128,0.0
 07/05  21:00:00,15.4158242745,0.0
 07/05  22:00:00,15.4158242745,0.0
 07/05  23:00:00,15.4158242745,0.0
 07/05  24:00:00,15.4158242745,0.0
 07/06  01:00:00,15.4158242745,0.0
 07/06  02:00:00,15.4158242745,0.0
 07/06  03:00:00,15.4158242745,0.0
 07/06  04:00:00,15.4158242745,0.0
 07/06  05:00:00,12.4414909411,0.0
 07/06  06:00:00,17.547917689400002,0.0
 07/06  07:00:00,38.037990190900004,0.0
 07/06  08:00:00,57.7219728128,0.0
 07/06  09:00:00,70.2523306141,0.0
 07/06  10:00:00,70.6066421307,0.0
 07/06  11:00:00,71.6494305245,0.0
 07/06  12:00:00,68.858166241,0.0
 07/06  13:00:00,78.2578480578,0.0
 07/06  14:00:00,79.8079814633,0.0
 07/06  15:00:00,80.8442433254,0.0
 07/06  16:00:00,81.7310511837,0.0
 07/06  17:00:00,25.5441932837,0.0
 07/06  18:00:00,10.4621318512,0.0
 07/06  19:00:00,8.96652061507,0.0
 07/06  20:00:00,9.83312949441,0.0
 07/06  21:00:00,15.4158242745,0.0
 07/06  22:00:00,15.4158242745,0.0
 07/06  23:00:00,15.4158242745,0.0
 07/06  24:00:00,15.4158242745,0.0
 07/07  01:00:00,15.4158242745,0.0
 07/07  02:00:00,15.4158242745,0.0
 07/07  03:00:00,15.4158242745,0.0
 07/07  04:00:00,15.4158242745,0.0
 07/07  05:00:00,12.4414909411,0.0
 07/07  06:00:00,17.547917689400002,0.0
 07/07  07:00:00,42.1125730273,0.0
 07/07  08:00:00,65.85278846140001,0.0
 07/07  09:00:00,80.751641603,0.0
 07/07  10:00:00,84.22085439,0.0
 07/07  11:00:00,88.4817682301,0.0
 07/07  12:00:00,83.9375018129,0.0
 07/07  13:00:00,91.709262985,0.0
 07/07  14:00:00,92.0351206366,0.0
 07/07  15:00:00,92.7516985658,0.0
 07/07  16:00:00,92.9947670472,0.0
 07/07  17:00:00,35.2317594632,0.0
 07/07  18:00:00,17.792739811700002,0.0
 07/07  19:00:00,19.3186040792,0.0
 07/07  20:00:00,16.3958259089,0.0
 07/07  21:00:00,15.4158242745,0.0
 07/07  22:00:00,15.4158242745,0.0
 07/07  23:00:00,15.4158242745,0.0
 07/07  24:00:00,15.4158242745,0.0
 07/08  01:00:00,15.4158242745,0.0
 07/08  02:00:00,15.4158242745,0.0
 07/08  03:00:00,15.4158242745,0.0
 07/08  04:00:00,15.4158242745,0.0
 07/08  05:00:00,12.4414909411,0.0
 07/08  06:00:00,6.49282427446,0.0
 07/08  07:00:00,17.547917689400002,0.0
 07/08  08:00:00,21.751682938400002,0.0
 07/08  09:00:00,36.1538066675,0.0
 07/08  10:00:00,38.9692710528,0.0
 07/08  11:00:00,38.096103564699995,0.0
 07/08  12:00:00,24.0447953715,0.0
 07/08  13:00:00,21.2523960654,0.0
 07/08  14:00:00,20.5163660219,0.0
 07/08  15:00:00,22.0454822717,0.0
 07/08  16:00:00,6.49282427446,0.0
 07/08  17:00:00,6.49282427446,0.0
 07/08  18:00:00,6.49282427446,0.0
 07/08  19:00:00,6.49282427446,0.0
 07/08  20:00:00,10.954324274500001,0.0
 07/08  21:00:00,15.4158242745,0.0
 07/08  22:00:00,15.4158242745,0.0
 07/08  23:00:00,15.4158242745,0.0
 07/08  24:00:00,15.4158242745,0.0
 07/09  01:00:00,15.4158242745,0.0
 07/09  02:00:00,15.4158242745,0.0
 07/09  03:00:00,15.4158242745,0.0
 07/09  04:00:00,15.4158242745,0.0
 07/09  05:00:00,13.9286576078,0.0
 07/09  06:00:00,6.49282427446,0.0
 07/09  07:00:00,6.49282427446,0.0
 07/09  08:00:00,6.49282427446,0.0
 07/09  09:00:00,6.49282427446,0.0
 07/09  10:00:00,6.49282427446,0.0
 07/09  11:00:00,6.49282427446,0.0
 07/09  12:00:00,15.415407468699998,0.0
 07/09  13:00:00,14.6188636777,0.0
 07/09  14:00:00,19.199946409000002,0.0
 07/09  15:00:00,16.6638112729,0.0
 07/09  16:00:00,20.038976623299998,0.0
 07/09  17:00:00,16.0086579653,0.0
 07/09  18:00:00,18.4670179301,0.0
 07/09  19:00:00,11.8824511759,0.0
 07/09  20:00:00,12.6277089004,0.0
 07/09  21:00:00,15.4158242745,0.0
 07/09  22:00:00,15.4158242745,0.0
 07/09  23:00:00,15.4158242745,0.0
 07/09  24:00:00,15.4158242745,0.0
 07/10  01:00:00,15.4158242745,0.0
 07/10  02:00:00,15.4158242745,0.0
 07/10  03:00:00,15.4158242745,0.0
 07/10  04:00:00,15.4158242745,0.0
 07/10  05:00:00,13.9286576078,0.0
 07/10  06:00:00,17.547917689400002,0.0
 07/10  07:00:00,38.5661077485,0.0
 07/10  08:00:00,58.800920033500006,0.0
 07/10  09:00:00,73.8479018041,0.0
 07/10  10:00:00,79.519762589,0.0
 07/10  11:00:00,83.7134992406,0.0
 07/10  12:00:00,79.1439534286,0.0
 07/10  13:00:00,87.6104095668,0.0
 07/10  14:00:00,88.3373236806,0.0
 07/10  15:00:00,88.7766976856,0.0
 07/10  16:00:00,89.0534381298,0.0
 07/10  17:00:00,30.6709290799,0.0
 07/10  18:00:00,10.971516449700001,0.0
 07/10  19:00:00,8.12434192339,0.0
 07/10  20:00:00,10.954324274500001,0.0
 07/10  21:00:00,15.4158242745,0.0
 07/10  22:00:00,15.4158242745,0.0
 07/10  23:00:00,15.4158242745,0.0
 07/10  24:00:00,15.4158242745,0.0
 07/11  01:00:00,15.4158242745,0.0
 07/11  02:00:00,15.4158242745,0.0
 07/11  03:00:00,15.4158242745,0.0
 07/11  04:00:00,15.4158242745,0.0
 07/11  05:00:00,13.9286576078,0.0
 07/11  06:00:00,17.547917689400002,0.0
 07/11  07:00:00,38.2022206681,0.0
 07/11  08:00:00,58.1230905933,0.0
 07/11  09:00:00,70.3772667283,0.0
 07/11  10:00:00,70.6490258359,0.0
 07/11  11:00:00,71.549019472,0.0
 07/11  12:00:00,68.6775421829,0.0
 07/11  13:00:00,78.1124122563,0.0
 07/11  14:00:00,79.78824383439999,0.0
 07/11  15:00:00,80.48739392350001,0.0
 07/11  16:00:00,80.6636218343,0.0
 07/11  17:00:00,23.6687398079,0.0
 07/11  18:00:00,10.7775910996,0.0
 07/11  19:00:00,7.538739038130001,0.0
 07/11  20:00:00,10.954324274500001,0.0
 07/11  21:00:00,15.4158242745,0.0
 07/11  22:00:00,15.4158242745,0.0
 07/11  23:00:00,15.4158242745,0.0
 07/11  24:00:00,15.4158242745,0.0
 07/12  01:00:00,15.4158242745,0.0
 07/12  02:00:00,15.4158242745,0.0
 07/12  03:00:00,15.4158242745,0.0
 07/12  04:00:00,15.4158242745,0.0
 07/12  05:00:00,13.9286576078,0.0
 07/12  06:00:00,17.547917689400002,0.0
 07/12  07:00:00,38.3413760598,0.0
 07/12  08:00:00,58.217635898000005,0.0
 07/12  09:00:00,70.3975078272,0.0
 07/12  10:00:00,70.6192328189,0.0
 07/12  11:00:00,70.9016497302,0.0
 07/12  12:00:00,65.4895847499,0.0
 07/12  13:00:00,76.9950530144,0.0
 07/12  14:00:00,78.8843435864,0.0
 07/12  15:00:00,78.8982374835,0.0
 07/12  16:00:00,78.8108942082,0.0
 07/12  17:00:00,23.2225461785,0.0
 07/12  18:00:00,9.302121569019999,0.0
 07/12  19:00:00,8.18285638365,0.0
 07/12  20:00:00,10.954324274500001,0.0
 07/12  21:00:00,15.4158242745,0.0
 07/12  22:00:00,15.4158242745,0.0
 07/12  23:00:00,15.4158242745,0.0
 07/12  24:00:00,15.4158242745,0.0
 07/13  01:00:00,15.4158242745,0.0
 07/13  02:00:00,15.4158242745,0.0
 07/13  03:00:00,15.4158242745,0.0
 07/13  04:00:00,15.4158242745,0.0
 07/13  05:00:00,13.9286576078,0.0
 07/13  06:00:00,17.547917689400002,0.0
 07/13  07:00:00,38.037990190900004,0.0
 07/13  08:00:00,57.9152829724,0.0
 07/13  09:00:00,70.4802297661,0.0
 07/13  10:00:00,71.16235329999999,0.0
 07/13  11:00:00,75.52535375859999,0.0
 07/13  12:00:00,71.4183815814,0.0
 07/13  13:00:00,79.168279529,0.0
 07/13  14:00:00,80.1243031099,0.0
 07/13  15:00:00,81.7620955018,0.0
 07/13  16:00:00,82.2275541591,0.0
 07/13  17:00:00,26.8538333413,0.0
 07/13  18:00:00,10.793487884500001,0.0
 07/13  19:00:00,9.832695955850001,0.0
 07/13  20:00:00,11.8385543923,0.0
 07/13  21:00:00,15.4158242745,0.0
 07/13  22:00:00,15.4158242745,0.0
 07/13  23:00:00,15.4158242745,0.0
 07/13  24:00:00,15.4158242745,0.0
 07/14  01:00:00,15.4158242745,0.0
 07/14  02:00:00,15.4158242745,0.0
 07/14  03:00:00,15.4158242745,0.0
 07/14  04:00:00,15.4158242745,0.0
 07/14  05:00:00,13.9286576078,0.0
 07/14  06:00:00,17.547917689400002,0.0
 07/14  07:00:00,38.037990190900004,0.0
 07/14  08:00:00,57.7143373992,0.0
 07/14  09:00:00,70.2792021834,0.0
 07/14  10:00:00,70.63774961680001,0.0
 07/14  11:00:00,73.0734739967,0.0
 07/14  12:00:00,69.5718426534,0.0
 07/14  13:00:00,78.4419838638,0.0
 07/14  14:00:00,79.9457442312,0.0
 07/14  15:00:00,80.96729335479999,0.0
 07/14  16:00:00,81.5749765334,0.0
 07/14  17:00:00,26.667414997199998,0.0
 07/14  18:00:00,10.7949179009,0.0
 07/14  19:00:00,10.8317869083,0.0
 07/14  20:00:00,11.5933749298,0.0
 07/14  21:00:00,15.4158242745,0.0
 07/14  22:00:00,15.4158242745,0.0
 07/14  23:00:00,15.4158242745,0.0
 07/14  24:00:00,15.4158242745,0.0
 07/15  01:00:00,15.4158242745,0.0
 07/15  02:00:00,15.4158242745,0.0
 07/15  03:00:00,15.4158242745,0.0
 07/15  04:00:00,15.4158242745,0.0
 07/15  05:00:00,13.9286576078,0.0
 07/15  06:00:00,6.49282427446,0.0
 07/15  07:00:00,17.547917689400002,0.0
 07/15  08:00:00,18.596789724100002,0.0
 07/15  09:00:00,28.7779986711,0.0
 07/15  10:00:00,29.140825388099998,0.0
 07/15  11:00:00,30.4181859154,0.0
 07/15  12:00:00,21.5665774617,0.0
 07/15  13:00:00,23.354904928000003,0.0
 07/15  14:00:00,24.7827451769,0.0
 07/15  15:00:00,25.2943899114,0.0
 07/15  16:00:00,9.180990019500001,0.0
 07/15  17:00:00,8.30405054735,0.0
 07/15  18:00:00,6.49282427446,0.0
 07/15  19:00:00,6.49282427446,0.0
 07/15  20:00:00,10.954324274500001,0.0
 07/15  21:00:00,15.4158242745,0.0
 07/15  22:00:00,15.4158242745,0.0
 07/15  23:00:00,15.4158242745,0.0
 07/15  24:00:00,15.4158242745,0.0
 07/16  01:00:00,15.4158242745,0.0
 07/16  02:00:00,15.4158242745,0.0
 07/16  03:00:00,15.4158242745,0.0
 07/16  04:00:00,15.4158242745,0.0
 07/16  05:00:00,13.9286576078,0.0
 07/16  06:00:00,6.49282427446,0.0
 07/16  07:00:00,6.49282427446,0.0
 07/16  08:00:00,6.49282427446,0.0
 07/16  09:00:00,6.49282427446,0.0
 07/16  10:00:00,6.49282427446,0.0
 07/16  11:00:00,6.49282427446,0.0
 07/16  12:00:00,6.49282427446,0.0
 07/16  13:00:00,6.49282427446,0.0
 07/16  14:00:00,10.031913496900001,0.0
 07/16  15:00:00,10.3438143599,0.0
 07/16  16:00:00,12.7772914391,0.0
 07/16  17:00:00,11.5252908576,0.0
 07/16  18:00:00,10.6664715464,0.0
 07/16  19:00:00,8.025812699169999,0.0
 07/16  20:00:00,11.085799608299999,0.0
 07/16  21:00:00,15.4158242745,0.0
 07/16  22:00:00,15.4158242745,0.0
 07/16  23:00:00,15.4158242745,0.0
 07/16  24:00:00,15.4158242745,0.0
 07/17  01:00:00,15.4158242745,0.0
 07/17  02:00:00,15.4158242745,0.0
 07/17  03:00:00,15.4158242745,0.0
 07/17  04:00:00,15.4158242745,0.0
 07/17  05:00:00,13.9286576078,0.0
 07/17  06:00:00,17.547917689400002,0.0
 07/17  07:00:00,38.9662424733,0.0
 07/17  08:00:00,58.9648806779,0.0
 07/17  09:00:00,74.84320725399999,0.0
 07/17  10:00:00,79.91263551770001,0.0
 07/17  11:00:00,83.55426860760001,0.0
 07/17  12:00:00,79.2981263856,0.0
 07/17  13:00:00,88.7715072124,0.0
 07/17  14:00:00,90.9609383387,0.0
 07/17  15:00:00,92.7684110223,0.0
 07/17  16:00:00,93.3440367924,0.0
 07/17  17:00:00,35.7322941015,0.0
 07/17  18:00:00,17.9316980926,0.0
 07/17  19:00:00,17.9527210018,0.0
 07/17  20:00:00,15.3597050352,0.0
 07/17  21:00:00,15.4158242745,0.0
 07/17  22:00:00,15.4158242745,0.0
 07/17  23:00:00,15.4158242745,0.0
 07/17  24:00:00,15.4158242745,0.0
 07/18  01:00:00,15.4158242745,0.0
 07/18  02:00:00,15.4158242745,0.0
 07/18  03:00:00,15.4158242745,0.0
 07/18  04:00:00,15.4158242745,0.0
 07/18  05:00:00,13.9286576078,0.0
 07/18  06:00:00,17.547917689400002,0.0
 07/18  07:00:00,39.4299087437,0.0
 07/18  08:00:00,58.817355763100004,0.0
 07/18  09:00:00,70.9444693113,0.0
 07/18  10:00:00,72.4522196128,0.0
 07/18  11:00:00,75.5244223425,0.0
 07/18  12:00:00,71.0909300975,0.0
 07/18  13:00:00,78.6850190623,0.0
 07/18  14:00:00,78.9983022716,0.0
 07/18  15:00:00,81.6189221247,0.0
 07/18  16:00:00,83.3870415387,0.0
 07/18  17:00:00,26.4143934692,0.0
 07/18  18:00:00,10.9699277835,0.0
 07/18  19:00:00,7.145999269269999,0.0
 07/18  20:00:00,10.954324274500001,0.0
 07/18  21:00:00,15.4158242745,0.0
 07/18  22:00:00,15.4158242745,0.0
 07/18  23:00:00,15.4158242745,0.0
 07/18  24:00:00,15.4158242745,0.0
 07/19  01:00:00,15.4158242745,0.0
 07/19  02:00:00,15.4158242745,0.0
 07/19  03:00:00,15.4158242745,0.0
 07/19  04:00:00,15.4158242745,0.0
 07/19  05:00:00,13.9286576078,0.0
 07/19  06:00:00,17.547917689400002,0.0
 07/19  07:00:00,39.0221292398,0.0
 07/19  08:00:00,58.655595817,0.0
 07/19  09:00:00,70.8389163226,0.0
 07/19  10:00:00,70.982864562,0.0
 07/19  11:00:00,73.2749448248,0.0
 07/19  12:00:00,69.6687429981,0.0
 07/19  13:00:00,79.2760836853,0.0
 07/19  14:00:00,80.1829640612,0.0
 07/19  15:00:00,82.3863320528,0.0
 07/19  16:00:00,83.2567863222,0.0
 07/19  17:00:00,24.114289983899997,0.0
 07/19  18:00:00,9.92863274303,0.0
 07/19  19:00:00,9.83615829426,0.0
 07/19  20:00:00,10.954324274500001,0.0
 07/19  21:00:00,15.4158242745,0.0
 07/19  22:00:00,15.4158242745,0.0
 07/19  23:00:00,15.4158242745,0.0
 07/19  24:00:00,15.4158242745,0.0
 07/20  01:00:00,15.4158242745,0.0
 07/20  02:00:00,15.4158242745,0.0
 07/20  03:00:00,15.4158242745,0.0
 07/20  04:00:00,15.4158242745,0.0
 07/20  05:00:00,13.9286576078,0.0
 07/20  06:00:00,17.547917689400002,0.0
 07/20  07:00:00,38.9860955368,0.0
 07/20  08:00:00,58.7005682696,0.0
 07/20  09:00:00,70.8901645055,0.0
 07/20  10:00:00,71.7386630807,0.0
 07/20  11:00:00,76.62382294140001,0.0
 07/20  12:00:00,73.9500312999,0.0
 07/20  13:00:00,83.9194322525,0.0
 07/20  14:00:00,85.6627545629,0.0
 07/20  15:00:00,87.5580377012,0.0
 07/20  16:00:00,88.8366848363,0.0
 07/20  17:00:00,31.6246235569,0.0
 07/20  18:00:00,12.568029960899999,0.0
 07/20  19:00:00,9.297265210689998,0.0
 07/20  20:00:00,10.954324274500001,0.0
 07/20  21:00:00,15.4158242745,0.0
 07/20  22:00:00,15.4158242745,0.0
 07/20  23:00:00,15.4158242745,0.0
 07/20  24:00:00,15.4158242745,0.0
 07/21  01:00:00,15.4158242745,0.0
 07/21  02:00:00,15.4158242745,0.0
 07/21  03:00:00,15.4158242745,0.0
 07/21  04:00:00,15.4158242745,0.0
 07/21  05:00:00,13.9286576078,0.0
 07/21  06:00:00,17.547917689400002,0.0
 07/21  07:00:00,39.6145133633,0.0
 07/21  08:00:00,62.0302474681,0.0
 07/21  09:00:00,80.4132713173,0.0
 07/21  10:00:00,84.21822014600001,0.0
 07/21  11:00:00,87.6700740213,0.0
 07/21  12:00:00,83.92343782520001,0.0
 07/21  13:00:00,93.71175849120002,0.0
 07/21  14:00:00,94.9454969416,0.0
 07/21  15:00:00,94.8141836794,0.0
 07/21  16:00:00,95.0193618399,0.0
 07/21  17:00:00,36.3242528416,0.0
 07/21  18:00:00,15.3041744237,0.0
 07/21  19:00:00,13.095835818800001,0.0
 07/21  20:00:00,12.339385282,0.0
 07/21  21:00:00,15.4158242745,0.0
 07/21  22:00:00,15.4158242745,0.0
 07/21  23:00:00,15.4158242745,0.0
 07/21  24:00:00,15.4158242745,0.0
 07/22  01:00:00,15.4158242745,0.0
 07/22  02:00:00,15.4158242745,0.0
 07/22  03:00:00,15.4158242745,0.0
 07/22  04:00:00,15.4158242745,0.0
 07/22  05:00:00,15.4158242745,0.0
 07/22  06:00:00,6.49282427446,0.0
 07/22  07:00:00,17.547917689400002,0.0
 07/22  08:00:00,21.0415017405,0.0
 07/22  09:00:00,36.4296812781,0.0
 07/22  10:00:00,41.018763461700004,0.0
 07/22  11:00:00,44.528615706000004,0.0
 07/22  12:00:00,36.494789000000004,0.0
 07/22  13:00:00,39.068010804800004,0.0
 07/22  14:00:00,40.6507993553,0.0
 07/22  15:00:00,41.1933693043,0.0
 07/22  16:00:00,24.363929191300002,0.0
 07/22  17:00:00,19.9023980486,0.0
 07/22  18:00:00,22.0952994557,0.0
 07/22  19:00:00,14.6760124101,0.0
 07/22  20:00:00,14.4266139046,0.0
 07/22  21:00:00,15.4158242745,0.0
 07/22  22:00:00,15.4158242745,0.0
 07/22  23:00:00,15.4158242745,0.0
 07/22  24:00:00,15.4158242745,0.0
 07/23  01:00:00,15.4158242745,0.0
 07/23  02:00:00,15.4158242745,0.0
 07/23  03:00:00,15.4158242745,0.0
 07/23  04:00:00,15.4158242745,0.0
 07/23  05:00:00,15.4158242745,0.0
 07/23  06:00:00,6.49282427446,0.0
 07/23  07:00:00,6.49282427446,0.0
 07/23  08:00:00,6.49282427446,0.0
 07/23  09:00:00,6.49282427446,0.0
 07/23  10:00:00,6.49282427446,0.0
 07/23  11:00:00,11.1633512306,0.0
 07/23  12:00:00,14.2113132879,0.0
 07/23  13:00:00,10.4224997309,0.0
 07/23  14:00:00,7.76027508229,0.0
 07/23  15:00:00,10.2991446077,0.0
 07/23  16:00:00,14.1986320256,0.0
 07/23  17:00:00,14.142587622999999,0.0
 07/23  18:00:00,14.030416088099999,0.0
 07/23  19:00:00,13.7501436592,0.0
 07/23  20:00:00,12.6694050746,0.0
 07/23  21:00:00,15.4158242745,0.0
 07/23  22:00:00,15.4158242745,0.0
 07/23  23:00:00,15.4158242745,0.0
 07/23  24:00:00,15.4158242745,0.0
 07/24  01:00:00,15.4158242745,0.0
 07/24  02:00:00,15.4158242745,0.0
 07/24  03:00:00,15.4158242745,0.0
 07/24  04:00:00,15.4158242745,0.0
 07/24  05:00:00,15.4158242745,0.0
 07/24  06:00:00,17.547917689400002,0.0
 07/24  07:00:00,39.2793608597,0.0
 07/24  08:00:00,59.2019302979,0.0
 07/24  09:00:00,74.54964464470001,0.0
 07/24  10:00:00,80.3464550358,0.0
 07/24  11:00:00,83.9915840323,0.0
 07/24  12:00:00,79.578291915,0.0
 07/24  13:00:00,87.89084114149999,0.0
 07/24  14:00:00,88.5563035025,0.0
 07/24  15:00:00,88.3221493551,0.0
 07/24  16:00:00,88.406222815,0.0
 07/24  17:00:00,30.1752049028,0.0
 07/24  18:00:00,12.0138817419,0.0
 07/24  19:00:00,6.49282427446,0.0
 07/24  20:00:00,10.954324274500001,0.0
 07/24  21:00:00,15.4158242745,0.0
 07/24  22:00:00,15.4158242745,0.0
 07/24  23:00:00,15.4158242745,0.0
 07/24  24:00:00,15.4158242745,0.0
 07/25  01:00:00,15.4158242745,0.0
 07/25  02:00:00,15.4158242745,0.0
 07/25  03:00:00,15.4158242745,0.0
 07/25  04:00:00,15.4158242745,0.0
 07/25  05:00:00,15.4158242745,0.0
 07/25  06:00:00,17.547917689400002,0.0
 07/25  07:00:00,38.670524576,0.0
 07/25  08:00:00,58.5024914384,0.0
 07/25  09:00:00,70.6320964549,0.0
 07/25  10:00:00,70.7229380533,0.0
 07/25  11:00:00,70.8557591942,0.0
 07/25  12:00:00,65.713653926,0.0
 07/25  13:00:00,75.6533987105,0.0
 07/25  14:00:00,77.3694974376,0.0
 07/25  15:00:00,76.7460964235,0.0
 07/25  16:00:00,76.314354513,0.0
 07/25  17:00:00,20.490072501500002,0.0
 07/25  18:00:00,6.49282427446,0.0
 07/25  19:00:00,6.49282427446,0.0
 07/25  20:00:00,12.4414909411,0.0
 07/25  21:00:00,15.4158242745,0.0
 07/25  22:00:00,15.4158242745,0.0
 07/25  23:00:00,15.4158242745,0.0
 07/25  24:00:00,15.4158242745,0.0
 07/26  01:00:00,15.4158242745,0.0
 07/26  02:00:00,15.4158242745,0.0
 07/26  03:00:00,15.4158242745,0.0
 07/26  04:00:00,15.4158242745,0.0
 07/26  05:00:00,15.4158242745,0.0
 07/26  06:00:00,17.547917689400002,0.0
 07/26  07:00:00,38.0631087282,0.0
 07/26  08:00:00,57.9820398623,0.0
 07/26  09:00:00,70.3150570082,0.0
 07/26  10:00:00,70.5724453038,0.0
 07/26  11:00:00,70.8663876409,0.0
 07/26  12:00:00,64.4882245535,0.0
 07/26  13:00:00,71.13333817430001,0.0
 07/26  14:00:00,71.4069998906,0.0
 07/26  15:00:00,75.5021259659,0.0
 07/26  16:00:00,77.5682680836,0.0
 07/26  17:00:00,20.490072501500002,0.0
 07/26  18:00:00,8.04975865131,0.0
 07/26  19:00:00,6.49282427446,0.0
 07/26  20:00:00,12.4414909411,0.0
 07/26  21:00:00,15.4158242745,0.0
 07/26  22:00:00,15.4158242745,0.0
 07/26  23:00:00,15.4158242745,0.0
 07/26  24:00:00,15.4158242745,0.0
 07/27  01:00:00,15.4158242745,0.0
 07/27  02:00:00,15.4158242745,0.0
 07/27  03:00:00,15.4158242745,0.0
 07/27  04:00:00,15.4158242745,0.0
 07/27  05:00:00,15.4158242745,0.0
 07/27  06:00:00,17.547917689400002,0.0
 07/27  07:00:00,38.037990190900004,0.0
 07/27  08:00:00,57.6836315372,0.0
 07/27  09:00:00,70.2368337519,0.0
 07/27  10:00:00,70.5231615556,0.0
 07/27  11:00:00,70.8049847258,0.0
 07/27  12:00:00,64.3968198901,0.0
 07/27  13:00:00,71.0458854463,0.0
 07/27  14:00:00,71.50787771680001,0.0
 07/27  15:00:00,75.60199567640001,0.0
 07/27  16:00:00,75.8067163627,0.0
 07/27  17:00:00,20.490072501500002,0.0
 07/27  18:00:00,6.49282427446,0.0
 07/27  19:00:00,6.49282427446,0.0
 07/27  20:00:00,12.4414909411,0.0
 07/27  21:00:00,15.4158242745,0.0
 07/27  22:00:00,15.4158242745,0.0
 07/27  23:00:00,15.4158242745,0.0
 07/27  24:00:00,15.4158242745,0.0
 07/28  01:00:00,15.4158242745,0.0
 07/28  02:00:00,15.4158242745,0.0
 07/28  03:00:00,15.4158242745,0.0
 07/28  04:00:00,15.4158242745,0.0
 07/28  05:00:00,15.4158242745,0.0
 07/28  06:00:00,17.547917689400002,0.0
 07/28  07:00:00,38.5172719637,0.0
 07/28  08:00:00,58.5412579287,0.0
 07/28  09:00:00,70.727835375,0.0
 07/28  10:00:00,70.9380793155,0.0
 07/28  11:00:00,73.8807976134,0.0
 07/28  12:00:00,71.3944379955,0.0
 07/28  13:00:00,82.2993268466,0.0
 07/28  14:00:00,82.2856084201,0.0
 07/28  15:00:00,80.3371908553,0.0
 07/28  16:00:00,79.3114762862,0.0
 07/28  17:00:00,23.4694453303,0.0
 07/28  18:00:00,10.1842522659,0.0
 07/28  19:00:00,9.53065436568,0.0
 07/28  20:00:00,12.4414909411,0.0
 07/28  21:00:00,15.4158242745,0.0
 07/28  22:00:00,15.4158242745,0.0
 07/28  23:00:00,15.4158242745,0.0
 07/28  24:00:00,15.4158242745,0.0
 07/29  01:00:00,15.4158242745,0.0
 07/29  02:00:00,15.4158242745,0.0
 07/29  03:00:00,15.4158242745,0.0
 07/29  04:00:00,15.4158242745,0.0
 07/29  05:00:00,15.4158242745,0.0
 07/29  06:00:00,6.49282427446,0.0
 07/29  07:00:00,17.547917689400002,0.0
 07/29  08:00:00,18.7819511202,0.0
 07/29  09:00:00,29.0258985498,0.0
 07/29  10:00:00,29.3397916616,0.0
 07/29  11:00:00,32.0046748371,0.0
 07/29  12:00:00,25.0694669162,0.0
 07/29  13:00:00,27.802755726799997,0.0
 07/29  14:00:00,29.055865879099997,0.0
 07/29  15:00:00,29.7218359107,0.0
 07/29  16:00:00,14.866656893499998,0.0
 07/29  17:00:00,13.266821558599998,0.0
 07/29  18:00:00,14.611133481800001,0.0
 07/29  19:00:00,11.2027110978,0.0
 07/29  20:00:00,12.4414909411,0.0
 07/29  21:00:00,15.4158242745,0.0
 07/29  22:00:00,15.4158242745,0.0
 07/29  23:00:00,15.4158242745,0.0
 07/29  24:00:00,15.4158242745,0.0
 07/30  01:00:00,15.4158242745,0.0
 07/30  02:00:00,15.4158242745,0.0
 07/30  03:00:00,15.4158242745,0.0
 07/30  04:00:00,15.4158242745,0.0
 07/30  05:00:00,15.4158242745,0.0
 07/30  06:00:00,6.49282427446,0.0
 07/30  07:00:00,6.49282427446,0.0
 07/30  08:00:00,6.49282427446,0.0
 07/30  09:00:00,6.49282427446,0.0
 07/30  10:00:00,6.49282427446,0.0
 07/30  11:00:00,6.49282427446,0.0
 07/30  12:00:00,10.256729069,0.0
 07/30  13:00:00,14.6632464475,0.0
 07/30  14:00:00,17.4877322187,0.0
 07/30  15:00:00,19.4147688372,0.0
 07/30  16:00:00,18.5841023666,0.0
 07/30  17:00:00,18.8881490582,0.0
 07/30  18:00:00,17.0912400194,0.0
 07/30  19:00:00,15.373141414100001,0.0
 07/30  20:00:00,15.1690525945,0.0
 07/30  21:00:00,15.4158242745,0.0
 07/30  22:00:00,15.4158242745,0.0
 07/30  23:00:00,15.4158242745,0.0
 07/30  24:00:00,15.4158242745,0.0
 07/31  01:00:00,15.4158242745,0.0
 07/31  02:00:00,15.4158242745,0.0
 07/31  03:00:00,15.4158242745,0.0
 07/31  04:00:00,15.4158242745,0.0
 07/31  05:00:00,15.4158242745,0.0
 07/31  06:00:00,17.547917689400002,0.0
 07/31  07:00:00,39.7227201419,0.0
 07/31  08:00:00,61.124075204099995,0.0
 07/31  09:00:00,79.47958703729999,0.0
 07/31  10:00:00,83.9341161034,0.0
 07/31  11:00:00,87.88165134360001,0.0
 07/31  12:00:00,84.2170809858,0.0
 07/31  13:00:00,93.40362220360001,0.0
 07/31  14:00:00,94.61126399209999,0.0
 07/31  15:00:00,95.4578022477,0.0
 07/31  16:00:00,95.3325700593,0.0
 07/31  17:00:00,35.8506415223,0.0
 07/31  18:00:00,17.0632073829,0.0
 07/31  19:00:00,18.2288902895,0.0
 07/31  20:00:00,17.1851367876,0.0
 07/31  21:00:00,15.4158242745,0.0
 07/31  22:00:00,15.4158242745,0.0
 07/31  23:00:00,15.4158242745,0.0
 07/31  24:00:00,15.4158242745,0.0
 08/01  01:00:00,15.4158242745,0.0
 08/01  02:00:00,15.4158242745,0.0
 08/01  03:00:00,15.4158242745,0.0
 08/01  04:00:00,15.4158242745,0.0
 08/01  05:00:00,15.4158242745,0.0
 08/01  06:00:00,17.547917689400002,0.0
 08/01  07:00:00,38.8278394027,0.0
 08/01  08:00:00,58.787099591499995,0.0
 08/01  09:00:00,72.6678722502,0.0
 08/01  10:00:00,78.5048627893,0.0
 08/01  11:00:00,78.6617540655,0.0
 08/01  12:00:00,71.7455005082,0.0
 08/01  13:00:00,75.6172652155,0.0
 08/01  14:00:00,73.6227264545,0.0
 08/01  15:00:00,76.8526721839,0.0
 08/01  16:00:00,78.03813814979999,0.0
 08/01  17:00:00,20.490072501500002,0.0
 08/01  18:00:00,6.49282427446,0.0
 08/01  19:00:00,6.49282427446,0.0
 08/01  20:00:00,12.4414909411,0.0
 08/01  21:00:00,15.4158242745,0.0
 08/01  22:00:00,15.4158242745,0.0
 08/01  23:00:00,15.4158242745,0.0
 08/01  24:00:00,15.4158242745,0.0
 08/02  01:00:00,15.4158242745,0.0
 08/02  02:00:00,15.4158242745,0.0
 08/02  03:00:00,15.4158242745,0.0
 08/02  04:00:00,15.4158242745,0.0
 08/02  05:00:00,15.4158242745,0.0
 08/02  06:00:00,19.0350843561,0.0
 08/02  07:00:00,38.1680125921,0.0
 08/02  08:00:00,57.967332545699996,0.0
 08/02  09:00:00,70.2009440049,0.0
 08/02  10:00:00,70.5986349372,0.0
 08/02  11:00:00,71.2120525245,0.0
 08/02  12:00:00,69.1586193861,0.0
 08/02  13:00:00,80.0364851973,0.0
 08/02  14:00:00,82.9163189369,0.0
 08/02  15:00:00,83.7289848677,0.0
 08/02  16:00:00,84.1627678038,0.0
 08/02  17:00:00,28.0100852693,0.0
 08/02  18:00:00,11.2176465908,0.0
 08/02  19:00:00,8.887981897769999,0.0
 08/02  20:00:00,12.4414909411,0.0
 08/02  21:00:00,15.4158242745,0.0
 08/02  22:00:00,15.4158242745,0.0
 08/02  23:00:00,15.4158242745,0.0
 08/02  24:00:00,15.4158242745,0.0
 08/03  01:00:00,15.4158242745,0.0
 08/03  02:00:00,15.4158242745,0.0
 08/03  03:00:00,15.4158242745,0.0
 08/03  04:00:00,15.4158242745,0.0
 08/03  05:00:00,15.4158242745,0.0
 08/03  06:00:00,19.0350843561,0.0
 08/03  07:00:00,39.1415431062,0.0
 08/03  08:00:00,58.835243776400006,0.0
 08/03  09:00:00,71.7548755241,0.0
 08/03  10:00:00,77.8136747512,0.0
 08/03  11:00:00,82.42915219460001,0.0
 08/03  12:00:00,78.56605307630001,0.0
 08/03  13:00:00,88.8723836933,0.0
 08/03  14:00:00,91.9972928869,0.0
 08/03  15:00:00,94.2676193192,0.0
 08/03  16:00:00,94.6400125291,0.0
 08/03  17:00:00,36.3095746591,0.0
 08/03  18:00:00,16.3443732747,0.0
 08/03  19:00:00,11.100382144300001,0.0
 08/03  20:00:00,12.4414909411,0.0
 08/03  21:00:00,15.4158242745,0.0
 08/03  22:00:00,15.4158242745,0.0
 08/03  23:00:00,15.4158242745,0.0
 08/03  24:00:00,15.4158242745,0.0
 08/04  01:00:00,15.4158242745,0.0
 08/04  02:00:00,15.4158242745,0.0
 08/04  03:00:00,15.4158242745,0.0
 08/04  04:00:00,15.4158242745,0.0
 08/04  05:00:00,15.4158242745,0.0
 08/04  06:00:00,19.0350843561,0.0
 08/04  07:00:00,39.0356985911,0.0
 08/04  08:00:00,58.8667849696,0.0
 08/04  09:00:00,71.3276920491,0.0
 08/04  10:00:00,76.5290571955,0.0
 08/04  11:00:00,77.47902074390001,0.0
 08/04  12:00:00,70.7225457247,0.0
 08/04  13:00:00,77.9691318924,0.0
 08/04  14:00:00,77.95683699770001,0.0
 08/04  15:00:00,78.432506647,0.0
 08/04  16:00:00,77.5267731244,0.0
 08/04  17:00:00,20.490072501500002,0.0
 08/04  18:00:00,6.49282427446,0.0
 08/04  19:00:00,6.49282427446,0.0
 08/04  20:00:00,13.9286576078,0.0
 08/04  21:00:00,15.4158242745,0.0
 08/04  22:00:00,15.4158242745,0.0
 08/04  23:00:00,15.4158242745,0.0
 08/04  24:00:00,15.4158242745,0.0
 08/05  01:00:00,15.4158242745,0.0
 08/05  02:00:00,15.4158242745,0.0
 08/05  03:00:00,15.4158242745,0.0
 08/05  04:00:00,15.4158242745,0.0
 08/05  05:00:00,15.4158242745,0.0
 08/05  06:00:00,7.9799909411300005,0.0
 08/05  07:00:00,17.547917689400002,0.0
 08/05  08:00:00,18.5595173675,0.0
 08/05  09:00:00,28.3876761834,0.0
 08/05  10:00:00,28.6836788278,0.0
 08/05  11:00:00,28.8822629044,0.0
 08/05  12:00:00,18.2213161789,0.0
 08/05  13:00:00,18.4100766979,0.0
 08/05  14:00:00,18.6303511933,0.0
 08/05  15:00:00,18.718572844300002,0.0
 08/05  16:00:00,6.49282427446,0.0
 08/05  17:00:00,6.49282427446,0.0
 08/05  18:00:00,6.49282427446,0.0
 08/05  19:00:00,6.49282427446,0.0
 08/05  20:00:00,13.9286576078,0.0
 08/05  21:00:00,15.4158242745,0.0
 08/05  22:00:00,15.4158242745,0.0
 08/05  23:00:00,15.4158242745,0.0
 08/05  24:00:00,15.4158242745,0.0
 08/06  01:00:00,15.4158242745,0.0
 08/06  02:00:00,15.4158242745,0.0
 08/06  03:00:00,15.4158242745,0.0
 08/06  04:00:00,15.4158242745,0.0
 08/06  05:00:00,15.4158242745,0.0
 08/06  06:00:00,7.9799909411300005,0.0
 08/06  07:00:00,6.49282427446,0.0
 08/06  08:00:00,6.49282427446,0.0
 08/06  09:00:00,6.49282427446,0.0
 08/06  10:00:00,6.49282427446,0.0
 08/06  11:00:00,6.49282427446,0.0
 08/06  12:00:00,6.49282427446,0.0
 08/06  13:00:00,6.49282427446,0.0
 08/06  14:00:00,6.49282427446,0.0
 08/06  15:00:00,6.49282427446,0.0
 08/06  16:00:00,6.49282427446,0.0
 08/06  17:00:00,6.49282427446,0.0
 08/06  18:00:00,6.49282427446,0.0
 08/06  19:00:00,6.49282427446,0.0
 08/06  20:00:00,13.9286576078,0.0
 08/06  21:00:00,15.4158242745,0.0
 08/06  22:00:00,15.4158242745,0.0
 08/06  23:00:00,15.4158242745,0.0
 08/06  24:00:00,15.4158242745,0.0
 08/07  01:00:00,15.4158242745,0.0
 08/07  02:00:00,15.4158242745,0.0
 08/07  03:00:00,15.4158242745,0.0
 08/07  04:00:00,15.4158242745,0.0
 08/07  05:00:00,15.4158242745,0.0
 08/07  06:00:00,19.0350843561,0.0
 08/07  07:00:00,38.037990190900004,0.0
 08/07  08:00:00,57.5164630143,0.0
 08/07  09:00:00,69.7703844801,0.0
 08/07  10:00:00,70.0551211315,0.0
 08/07  11:00:00,70.4364317773,0.0
 08/07  12:00:00,64.161245572,0.0
 08/07  13:00:00,70.9926968931,0.0
 08/07  14:00:00,71.2603680425,0.0
 08/07  15:00:00,71.4359644846,0.0
 08/07  16:00:00,71.5593930319,0.0
 08/07  17:00:00,20.490072501500002,0.0
 08/07  18:00:00,6.49282427446,0.0
 08/07  19:00:00,6.49282427446,0.0
 08/07  20:00:00,13.9286576078,0.0
 08/07  21:00:00,15.4158242745,0.0
 08/07  22:00:00,15.4158242745,0.0
 08/07  23:00:00,15.4158242745,0.0
 08/07  24:00:00,15.4158242745,0.0
 08/08  01:00:00,15.4158242745,0.0
 08/08  02:00:00,15.4158242745,0.0
 08/08  03:00:00,15.4158242745,0.0
 08/08  04:00:00,15.4158242745,0.0
 08/08  05:00:00,15.4158242745,0.0
 08/08  06:00:00,19.0350843561,0.0
 08/08  07:00:00,38.037990190900004,0.0
 08/08  08:00:00,57.8991328071,0.0
 08/08  09:00:00,70.3800455684,0.0
 08/08  10:00:00,70.8163796816,0.0
 08/08  11:00:00,71.5463894759,0.0
 08/08  12:00:00,68.56597965510001,0.0
 08/08  13:00:00,78.8524584791,0.0
 08/08  14:00:00,81.0580999433,0.0
 08/08  15:00:00,82.1028114756,0.0
 08/08  16:00:00,81.75716011680001,0.0
 08/08  17:00:00,23.8720134394,0.0
 08/08  18:00:00,8.94029867517,0.0
 08/08  19:00:00,6.49282427446,0.0
 08/08  20:00:00,13.9286576078,0.0
 08/08  21:00:00,15.4158242745,0.0
 08/08  22:00:00,15.4158242745,0.0
 08/08  23:00:00,15.4158242745,0.0
 08/08  24:00:00,15.4158242745,0.0
 08/09  01:00:00,15.4158242745,0.0
 08/09  02:00:00,15.4158242745,0.0
 08/09  03:00:00,15.4158242745,0.0
 08/09  04:00:00,15.4158242745,0.0
 08/09  05:00:00,15.4158242745,0.0
 08/09  06:00:00,19.0350843561,0.0
 08/09  07:00:00,38.5520967697,0.0
 08/09  08:00:00,58.56685415810001,0.0
 08/09  09:00:00,70.99700787319999,0.0
 08/09  10:00:00,71.3267531176,0.0
 08/09  11:00:00,74.1953607759,0.0
 08/09  12:00:00,70.569726,0.0
 08/09  13:00:00,80.2234664638,0.0
 08/09  14:00:00,81.5140388315,0.0
 08/09  15:00:00,81.75771349109999,0.0
 08/09  16:00:00,81.4011415662,0.0
 08/09  17:00:00,24.2919655981,0.0
 08/09  18:00:00,9.29399991197,0.0
 08/09  19:00:00,7.88845410142,0.0
 08/09  20:00:00,13.9286576078,0.0
 08/09  21:00:00,15.4158242745,0.0
 08/09  22:00:00,15.4158242745,0.0
 08/09  23:00:00,15.4158242745,0.0
 08/09  24:00:00,15.4158242745,0.0
 08/10  01:00:00,15.4158242745,0.0
 08/10  02:00:00,15.4158242745,0.0
 08/10  03:00:00,15.4158242745,0.0
 08/10  04:00:00,15.4158242745,0.0
 08/10  05:00:00,15.4158242745,0.0
 08/10  06:00:00,19.0350843561,0.0
 08/10  07:00:00,38.037990190900004,0.0
 08/10  08:00:00,57.5283474554,0.0
 08/10  09:00:00,69.7371150392,0.0
 08/10  10:00:00,69.8782570586,0.0
 08/10  11:00:00,69.9524373948,0.0
 08/10  12:00:00,63.4544479259,0.0
 08/10  13:00:00,70.0735824778,0.0
 08/10  14:00:00,70.13719211829999,0.0
 08/10  15:00:00,70.1916681822,0.0
 08/10  16:00:00,70.22810319770001,0.0
 08/10  17:00:00,20.490072501500002,0.0
 08/10  18:00:00,6.49282427446,0.0
 08/10  19:00:00,6.49282427446,0.0
 08/10  20:00:00,13.9286576078,0.0
 08/10  21:00:00,15.4158242745,0.0
 08/10  22:00:00,15.4158242745,0.0
 08/10  23:00:00,15.4158242745,0.0
 08/10  24:00:00,15.4158242745,0.0
 08/11  01:00:00,15.4158242745,0.0
 08/11  02:00:00,15.4158242745,0.0
 08/11  03:00:00,15.4158242745,0.0
 08/11  04:00:00,15.4158242745,0.0
 08/11  05:00:00,15.4158242745,0.0
 08/11  06:00:00,19.0350843561,0.0
 08/11  07:00:00,38.037990190900004,0.0
 08/11  08:00:00,57.5164630143,0.0
 08/11  09:00:00,69.4905118851,0.0
 08/11  10:00:00,69.5681872866,0.0
 08/11  11:00:00,69.8553874405,0.0
 08/11  12:00:00,63.407637943100006,0.0
 08/11  13:00:00,69.9279836261,0.0
 08/11  14:00:00,69.956798917,0.0
 08/11  15:00:00,69.9738929766,0.0
 08/11  16:00:00,69.9266923261,0.0
 08/11  17:00:00,20.490072501500002,0.0
 08/11  18:00:00,6.49282427446,0.0
 08/11  19:00:00,6.49282427446,0.0
 08/11  20:00:00,13.9286576078,0.0
 08/11  21:00:00,15.4158242745,0.0
 08/11  22:00:00,15.4158242745,0.0
 08/11  23:00:00,15.4158242745,0.0
 08/11  24:00:00,15.4158242745,0.0
 08/12  01:00:00,15.4158242745,0.0
 08/12  02:00:00,15.4158242745,0.0
 08/12  03:00:00,15.4158242745,0.0
 08/12  04:00:00,15.4158242745,0.0
 08/12  05:00:00,15.4158242745,0.0
 08/12  06:00:00,9.467157607799999,0.0
 08/12  07:00:00,17.547917689400002,1.235064287
 08/12  08:00:00,18.5595173675,0.0160532089779
 08/12  09:00:00,28.2564311586,0.0
 08/12  10:00:00,28.2564311586,0.0
 08/12  11:00:00,28.2564311586,0.0
 08/12  12:00:00,17.547917689400002,0.0
 08/12  13:00:00,17.547917689400002,0.0
 08/12  14:00:00,17.6390989923,0.0
 08/12  15:00:00,17.7383676486,0.0
 08/12  16:00:00,6.49282427446,0.0
 08/12  17:00:00,6.49282427446,0.0
 08/12  18:00:00,6.49282427446,0.0
 08/12  19:00:00,6.49282427446,0.0
 08/12  20:00:00,15.4158242745,0.0
 08/12  21:00:00,15.4158242745,0.0
 08/12  22:00:00,15.4158242745,0.0
 08/12  23:00:00,15.4158242745,0.0
 08/12  24:00:00,15.4158242745,0.0
 08/13  01:00:00,15.4158242745,0.0
 08/13  02:00:00,15.4158242745,0.0
 08/13  03:00:00,15.4158242745,0.0
 08/13  04:00:00,15.4158242745,0.0
 08/13  05:00:00,15.4158242745,0.0
 08/13  06:00:00,9.467157607799999,0.0
 08/13  07:00:00,6.49282427446,0.0
 08/13  08:00:00,6.49282427446,0.0
 08/13  09:00:00,6.49282427446,0.0
 08/13  10:00:00,6.49282427446,0.0
 08/13  11:00:00,6.49282427446,0.0
 08/13  12:00:00,6.49282427446,0.0
 08/13  13:00:00,6.49282427446,0.0
 08/13  14:00:00,6.49282427446,0.0
 08/13  15:00:00,6.49282427446,0.0
 08/13  16:00:00,6.49282427446,0.0
 08/13  17:00:00,6.49282427446,0.0
 08/13  18:00:00,6.49282427446,0.0
 08/13  19:00:00,6.49282427446,0.0
 08/13  20:00:00,15.4158242745,0.0
 08/13  21:00:00,15.4158242745,0.0
 08/13  22:00:00,15.4158242745,0.0
 08/13  23:00:00,15.4158242745,0.0
 08/13  24:00:00,15.4158242745,0.0
 08/14  01:00:00,15.4158242745,0.0
 08/14  02:00:00,15.4158242745,0.0
 08/14  03:00:00,15.4158242745,0.0
 08/14  04:00:00,15.4158242745,0.0
 08/14  05:00:00,15.4158242745,0.0
 08/14  06:00:00,20.5222510227,0.0
 08/14  07:00:00,38.037990190900004,0.0
 08/14  08:00:00,57.5164630143,0.0
 08/14  09:00:00,69.5614595418,0.0
 08/14  10:00:00,69.99765342,0.0
 08/14  11:00:00,70.2543411581,0.0
 08/14  12:00:00,63.8712092125,0.0
 08/14  13:00:00,70.6552743924,0.0
 08/14  14:00:00,70.81537225310001,0.0
 08/14  15:00:00,70.9649034089,0.0
 08/14  16:00:00,71.026137584,0.0
 08/14  17:00:00,20.490072501500002,0.0
 08/14  18:00:00,6.49282427446,0.0
 08/14  19:00:00,6.49282427446,0.0
 08/14  20:00:00,15.4158242745,0.0
 08/14  21:00:00,15.4158242745,0.0
 08/14  22:00:00,15.4158242745,0.0
 08/14  23:00:00,15.4158242745,0.0
 08/14  24:00:00,15.4158242745,0.0
 08/15  01:00:00,15.4158242745,0.0
 08/15  02:00:00,15.4158242745,0.0
 08/15  03:00:00,15.4158242745,0.0
 08/15  04:00:00,15.4158242745,0.0
 08/15  05:00:00,15.4158242745,0.0
 08/15  06:00:00,20.5222510227,0.602201581359
 08/15  07:00:00,38.037990190900004,0.0
 08/15  08:00:00,57.5164630143,0.0
 08/15  09:00:00,69.5974715646,0.0
 08/15  10:00:00,70.07374916090001,0.0
 08/15  11:00:00,70.393854134,0.0
 08/15  12:00:00,64.06294821670001,0.0
 08/15  13:00:00,70.8591397429,0.0
 08/15  14:00:00,71.0144217723,0.0
 08/15  15:00:00,71.1554546545,0.0
 08/15  16:00:00,71.2053628527,0.0
 08/15  17:00:00,20.490072501500002,0.0
 08/15  18:00:00,6.49282427446,0.0
 08/15  19:00:00,6.49282427446,0.0
 08/15  20:00:00,15.4158242745,0.0
 08/15  21:00:00,15.4158242745,0.0
 08/15  22:00:00,15.4158242745,0.0
 08/15  23:00:00,15.4158242745,0.0
 08/15  24:00:00,15.4158242745,0.0
 08/16  01:00:00,15.4158242745,0.0
 08/16  02:00:00,15.4158242745,0.0
 08/16  03:00:00,15.4158242745,0.0
 08/16  04:00:00,15.4158242745,0.0
 08/16  05:00:00,15.4158242745,0.0
 08/16  06:00:00,20.5222510227,0.0
 08/16  07:00:00,38.037990190900004,0.0
 08/16  08:00:00,57.5164630143,0.0
 08/16  09:00:00,69.8915763368,0.0
 08/16  10:00:00,70.3516747191,0.0
 08/16  11:00:00,70.7575900493,0.0
 08/16  12:00:00,64.5393406745,0.0
 08/16  13:00:00,71.2889029887,0.0
 08/16  14:00:00,72.89206530189999,0.0
 08/16  15:00:00,74.0983148573,0.0
 08/16  16:00:00,74.5306838197,0.0
 08/16  17:00:00,21.9776188877,0.0
 08/16  18:00:00,6.63654576234,0.0
 08/16  19:00:00,6.49282427446,0.0
 08/16  20:00:00,15.4158242745,0.0
 08/16  21:00:00,15.4158242745,0.0
 08/16  22:00:00,15.4158242745,0.0
 08/16  23:00:00,15.4158242745,0.0
 08/16  24:00:00,15.4158242745,0.0
 08/17  01:00:00,15.4158242745,0.0
 08/17  02:00:00,15.4158242745,0.0
 08/17  03:00:00,15.4158242745,0.0
 08/17  04:00:00,15.4158242745,0.0
 08/17  05:00:00,15.4158242745,0.0
 08/17  06:00:00,20.5222510227,0.0
 08/17  07:00:00,38.3491142806,0.0
 08/17  08:00:00,58.3363526686,0.0
 08/17  09:00:00,70.7459041885,0.0
 08/17  10:00:00,71.1156327656,0.0
 08/17  11:00:00,71.31719398109999,0.0
 08/17  12:00:00,68.2550814184,0.0
 08/17  13:00:00,79.4459402401,0.0
 08/17  14:00:00,79.9278948753,0.0
 08/17  15:00:00,80.5584504891,0.0
 08/17  16:00:00,81.403890659,0.0
 08/17  17:00:00,24.0562100037,0.0
 08/17  18:00:00,9.33287176294,0.0
 08/17  19:00:00,6.49282427446,0.0
 08/17  20:00:00,15.4158242745,0.0
 08/17  21:00:00,15.4158242745,0.0
 08/17  22:00:00,15.4158242745,0.0
 08/17  23:00:00,15.4158242745,0.0
 08/17  24:00:00,15.4158242745,0.0
 08/18  01:00:00,15.4158242745,0.0
 08/18  02:00:00,15.4158242745,0.0
 08/18  03:00:00,15.4158242745,0.0
 08/18  04:00:00,15.4158242745,0.0
 08/18  05:00:00,15.4158242745,0.0
 08/18  06:00:00,20.5222510227,0.0
 08/18  07:00:00,38.1907931279,0.0
 08/18  08:00:00,58.1116469833,0.0
 08/18  09:00:00,70.316552445,0.0
 08/18  10:00:00,70.3663972154,0.0
 08/18  11:00:00,70.3543291639,0.0
 08/18  12:00:00,63.9338559596,0.0
 08/18  13:00:00,70.8429629523,0.0
 08/18  14:00:00,71.63942353899999,0.0
 08/18  15:00:00,76.894448688,0.0
 08/18  16:00:00,78.4433030325,0.0
 08/18  17:00:00,20.490072501500002,0.0
 08/18  18:00:00,6.49282427446,0.0
 08/18  19:00:00,6.49282427446,0.0
 08/18  20:00:00,15.4158242745,0.0
 08/18  21:00:00,15.4158242745,0.0
 08/18  22:00:00,15.4158242745,0.0
 08/18  23:00:00,15.4158242745,0.0
 08/18  24:00:00,15.4158242745,0.0
 08/19  01:00:00,15.4158242745,0.0
 08/19  02:00:00,15.4158242745,0.0
 08/19  03:00:00,15.4158242745,0.0
 08/19  04:00:00,15.4158242745,0.0
 08/19  05:00:00,15.4158242745,0.0
 08/19  06:00:00,9.467157607799999,0.0
 08/19  07:00:00,17.547917689400002,0.0
 08/19  08:00:00,18.5595173675,0.0
 08/19  09:00:00,28.2564311586,0.0
 08/19  10:00:00,28.2564311586,0.0
 08/19  11:00:00,28.380310641599998,0.0
 08/19  12:00:00,17.7630638537,0.0
 08/19  13:00:00,17.8850601921,0.0
 08/19  14:00:00,17.9122676617,0.0
 08/19  15:00:00,17.8468460101,0.0
 08/19  16:00:00,6.49282427446,0.0
 08/19  17:00:00,6.49282427446,0.0
 08/19  18:00:00,6.49282427446,0.0
 08/19  19:00:00,6.49282427446,0.0
 08/19  20:00:00,15.4158242745,0.0
 08/19  21:00:00,15.4158242745,0.0
 08/19  22:00:00,15.4158242745,0.0
 08/19  23:00:00,15.4158242745,0.0
 08/19  24:00:00,15.4158242745,0.0
 08/20  01:00:00,15.4158242745,0.0
 08/20  02:00:00,15.4158242745,0.0
 08/20  03:00:00,15.4158242745,0.0
 08/20  04:00:00,15.4158242745,0.0
 08/20  05:00:00,15.4158242745,0.0
 08/20  06:00:00,9.467157607799999,0.0
 08/20  07:00:00,6.49282427446,0.0
 08/20  08:00:00,6.49282427446,0.0
 08/20  09:00:00,6.49282427446,0.0
 08/20  10:00:00,6.49282427446,0.0
 08/20  11:00:00,6.49282427446,0.0
 08/20  12:00:00,6.49282427446,0.0
 08/20  13:00:00,6.49282427446,0.0
 08/20  14:00:00,6.49282427446,0.0
 08/20  15:00:00,6.49282427446,0.0
 08/20  16:00:00,6.49282427446,0.0
 08/20  17:00:00,6.49282427446,0.0
 08/20  18:00:00,6.49282427446,0.0
 08/20  19:00:00,7.9799909411300005,0.0
 08/20  20:00:00,15.4158242745,0.0
 08/20  21:00:00,15.4158242745,0.0
 08/20  22:00:00,15.4158242745,0.0
 08/20  23:00:00,15.4158242745,0.0
 08/20  24:00:00,15.4158242745,0.0
 08/21  01:00:00,15.4158242745,0.0
 08/21  02:00:00,15.4158242745,0.0
 08/21  03:00:00,15.4158242745,0.0
 08/21  04:00:00,15.4158242745,0.0
 08/21  05:00:00,15.4158242745,0.0
 08/21  06:00:00,20.5222510227,0.0
 08/21  07:00:00,38.037990190900004,0.0
 08/21  08:00:00,57.5164630143,0.0
 08/21  09:00:00,69.5174250514,0.0
 08/21  10:00:00,69.834391951,0.0
 08/21  11:00:00,70.1048073569,0.0
 08/21  12:00:00,63.7900146001,0.0
 08/21  13:00:00,70.6137375258,0.0
 08/21  14:00:00,70.9014229738,0.0
 08/21  15:00:00,71.161447454,0.0
 08/21  16:00:00,71.247041576,0.0
 08/21  17:00:00,20.490072501500002,0.0
 08/21  18:00:00,6.49282427446,0.0
 08/21  19:00:00,7.9799909411300005,0.0
 08/21  20:00:00,15.4158242745,0.0
 08/21  21:00:00,15.4158242745,0.0
 08/21  22:00:00,15.4158242745,0.0
 08/21  23:00:00,15.4158242745,0.0
 08/21  24:00:00,15.4158242745,0.0
 08/22  01:00:00,15.4158242745,0.0
 08/22  02:00:00,15.4158242745,0.0
 08/22  03:00:00,15.4158242745,0.0
 08/22  04:00:00,15.4158242745,0.0
 08/22  05:00:00,15.4158242745,0.0
 08/22  06:00:00,22.0094176894,0.0
 08/22  07:00:00,38.037990190900004,0.0
 08/22  08:00:00,57.7370658511,0.0
 08/22  09:00:00,70.3379771039,0.0
 08/22  10:00:00,70.82480752949999,0.0
 08/22  11:00:00,71.2674220392,0.0
 08/22  12:00:00,68.3558043205,0.0
 08/22  13:00:00,79.7243768662,0.0
 08/22  14:00:00,81.4032647042,0.0
 08/22  15:00:00,82.6142617175,0.0
 08/22  16:00:00,82.8837730317,0.0
 08/22  17:00:00,24.6896210982,0.0
 08/22  18:00:00,10.0309448263,0.0
 08/22  19:00:00,9.72448580037,0.0
 08/22  20:00:00,15.4158242745,0.0
 08/22  21:00:00,15.4158242745,0.0
 08/22  22:00:00,15.4158242745,0.0
 08/22  23:00:00,15.4158242745,0.0
 08/22  24:00:00,15.4158242745,0.0
 08/23  01:00:00,15.4158242745,0.0
 08/23  02:00:00,15.4158242745,0.0
 08/23  03:00:00,15.4158242745,0.0
 08/23  04:00:00,15.4158242745,0.0
 08/23  05:00:00,15.4158242745,0.0
 08/23  06:00:00,22.0094176894,0.0
 08/23  07:00:00,38.2110215756,0.0
 08/23  08:00:00,58.3701509549,0.0
 08/23  09:00:00,70.9522227129,0.0
 08/23  10:00:00,73.805124417,0.0
 08/23  11:00:00,79.3179824541,0.0
 08/23  12:00:00,74.19181529939999,0.0
 08/23  13:00:00,81.71746692159999,0.0
 08/23  14:00:00,81.5252286484,0.0
 08/23  15:00:00,79.7213917472,0.0
 08/23  16:00:00,76.8465706402,0.0
 08/23  17:00:00,20.490072501500002,0.0
 08/23  18:00:00,6.49282427446,0.0
 08/23  19:00:00,7.9799909411300005,0.0
 08/23  20:00:00,15.4158242745,0.0
 08/23  21:00:00,15.4158242745,0.0
 08/23  22:00:00,15.4158242745,0.0
 08/23  23:00:00,15.4158242745,0.0
 08/23  24:00:00,15.4158242745,0.0
 08/24  01:00:00,15.4158242745,0.0
 08/24  02:00:00,15.4158242745,0.0
 08/24  03:00:00,15.4158242745,0.0
 08/24  04:00:00,15.4158242745,0.0
 08/24  05:00:00,15.4158242745,0.0
 08/24  06:00:00,22.0094176894,0.0
 08/24  07:00:00,38.6346910758,0.0
 08/24  08:00:00,58.4382088297,0.0
 08/24  09:00:00,70.6168822933,0.0
 08/24  10:00:00,70.695235596,0.0
 08/24  11:00:00,70.8064476339,0.0
 08/24  12:00:00,64.43649397189999,0.0
 08/24  13:00:00,71.30725939989999,0.0
 08/24  14:00:00,73.5839481854,0.0
 08/24  15:00:00,78.0298379133,0.0
 08/24  16:00:00,77.84545646800001,0.0
 08/24  17:00:00,20.490072501500002,0.0
 08/24  18:00:00,6.49282427446,0.0
 08/24  19:00:00,7.9799909411300005,0.0
 08/24  20:00:00,15.4158242745,0.0
 08/24  21:00:00,15.4158242745,0.0
 08/24  22:00:00,15.4158242745,0.0
 08/24  23:00:00,15.4158242745,0.0
 08/24  24:00:00,15.4158242745,0.0
 08/25  01:00:00,15.4158242745,0.0
 08/25  02:00:00,15.4158242745,0.0
 08/25  03:00:00,15.4158242745,0.0
 08/25  04:00:00,15.4158242745,0.0
 08/25  05:00:00,15.4158242745,0.0
 08/25  06:00:00,22.0094176894,0.0
 08/25  07:00:00,38.501748522,0.0
 08/25  08:00:00,58.2395026783,0.0
 08/25  09:00:00,70.2963934226,0.0
 08/25  10:00:00,70.3793411425,0.0
 08/25  11:00:00,70.7289719017,0.0
 08/25  12:00:00,64.5557407009,0.0
 08/25  13:00:00,74.4108855962,0.0
 08/25  14:00:00,71.3749572735,0.0
 08/25  15:00:00,70.730943794,0.0
 08/25  16:00:00,71.0428876811,0.0
 08/25  17:00:00,20.490072501500002,0.0
 08/25  18:00:00,6.49282427446,0.0
 08/25  19:00:00,7.9799909411300005,0.0
 08/25  20:00:00,15.4158242745,0.0
 08/25  21:00:00,15.4158242745,0.0
 08/25  22:00:00,15.4158242745,0.0
 08/25  23:00:00,15.4158242745,0.0
 08/25  24:00:00,15.4158242745,0.0
 08/26  01:00:00,15.4158242745,0.0
 08/26  02:00:00,15.4158242745,0.0
 08/26  03:00:00,15.4158242745,0.0
 08/26  04:00:00,15.4158242745,0.0
 08/26  05:00:00,15.4158242745,0.0
 08/26  06:00:00,10.954324274500001,0.0
 08/26  07:00:00,17.547917689400002,0.0
 08/26  08:00:00,18.891952352,0.0
 08/26  09:00:00,29.0000122008,0.0
 08/26  10:00:00,29.2764393198,0.0
 08/26  11:00:00,29.7065370161,0.0
 08/26  12:00:00,22.904057773,0.0
 08/26  13:00:00,26.6718287963,0.0
 08/26  14:00:00,29.1897628536,0.0
 08/26  15:00:00,30.6714648692,0.0
 08/26  16:00:00,13.2872799568,0.0
 08/26  17:00:00,13.6965625416,0.0
 08/26  18:00:00,11.2103031102,0.0
 08/26  19:00:00,12.9578792452,0.0
 08/26  20:00:00,15.4158242745,0.0
 08/26  21:00:00,15.4158242745,0.0
 08/26  22:00:00,15.4158242745,0.0
 08/26  23:00:00,15.4158242745,0.0
 08/26  24:00:00,15.4158242745,0.0
 08/27  01:00:00,15.4158242745,0.0
 08/27  02:00:00,15.4158242745,0.0
 08/27  03:00:00,15.4158242745,0.0
 08/27  04:00:00,15.4158242745,0.0
 08/27  05:00:00,15.4158242745,0.0
 08/27  06:00:00,10.954324274500001,0.0
 08/27  07:00:00,6.49282427446,0.0
 08/27  08:00:00,6.49282427446,0.0
 08/27  09:00:00,6.49282427446,0.0
 08/27  10:00:00,6.49282427446,0.0
 08/27  11:00:00,6.49282427446,0.0
 08/27  12:00:00,6.49282427446,0.0
 08/27  13:00:00,6.49282427446,0.0
 08/27  14:00:00,6.49282427446,0.0
 08/27  15:00:00,6.49282427446,0.0
 08/27  16:00:00,6.49282427446,0.0
 08/27  17:00:00,6.49282427446,0.0
 08/27  18:00:00,6.49282427446,0.0
 08/27  19:00:00,9.467157607799999,0.0
 08/27  20:00:00,15.4158242745,0.0
 08/27  21:00:00,15.4158242745,0.0
 08/27  22:00:00,15.4158242745,0.0
 08/27  23:00:00,15.4158242745,0.0
 08/27  24:00:00,15.4158242745,0.0
 08/28  01:00:00,15.4158242745,0.0
 08/28  02:00:00,15.4158242745,0.0
 08/28  03:00:00,15.4158242745,0.0
 08/28  04:00:00,15.4158242745,0.0
 08/28  05:00:00,15.4158242745,0.0
 08/28  06:00:00,22.0094176894,0.0
 08/28  07:00:00,38.3171985413,0.0
 08/28  08:00:00,58.070523037600005,0.0
 08/28  09:00:00,70.2233218361,0.0
 08/28  10:00:00,70.2879420731,0.0
 08/28  11:00:00,70.3180619317,0.0
 08/28  12:00:00,63.8395239044,0.0
 08/28  13:00:00,70.5726797881,0.0
 08/28  14:00:00,70.751041175,0.0
 08/28  15:00:00,70.9930745937,0.0
 08/28  16:00:00,71.1909549202,0.0
 08/28  17:00:00,20.490072501500002,0.0
 08/28  18:00:00,6.49282427446,0.0
 08/28  19:00:00,9.467157607799999,0.0
 08/28  20:00:00,15.4158242745,0.0
 08/28  21:00:00,15.4158242745,0.0
 08/28  22:00:00,15.4158242745,0.0
 08/28  23:00:00,15.4158242745,0.0
 08/28  24:00:00,15.4158242745,0.0
 08/29  01:00:00,15.4158242745,0.0
 08/29  02:00:00,15.4158242745,0.0
 08/29  03:00:00,15.4158242745,0.0
 08/29  04:00:00,15.4158242745,0.0
 08/29  05:00:00,15.4158242745,0.0
 08/29  06:00:00,22.0094176894,0.0
 08/29  07:00:00,38.037990190900004,0.0
 08/29  08:00:00,57.5164630143,0.0
 08/29  09:00:00,69.6497996482,0.0
 08/29  10:00:00,70.04575156109999,0.0
 08/29  11:00:00,70.3063616326,0.0
 08/29  12:00:00,63.9870330813,0.0
 08/29  13:00:00,70.873179994,0.0
 08/29  14:00:00,71.1682875083,0.0
 08/29  15:00:00,71.3493091462,0.0
 08/29  16:00:00,71.35412521319999,0.0
 08/29  17:00:00,20.490072501500002,0.0
 08/29  18:00:00,6.49282427446,0.0
 08/29  19:00:00,9.467157607799999,0.0
 08/29  20:00:00,15.4158242745,0.0
 08/29  21:00:00,15.4158242745,0.0
 08/29  22:00:00,15.4158242745,0.0
 08/29  23:00:00,15.4158242745,0.0
 08/29  24:00:00,15.4158242745,0.0
 08/30  01:00:00,15.4158242745,0.0
 08/30  02:00:00,15.4158242745,0.0
 08/30  03:00:00,15.4158242745,0.0
 08/30  04:00:00,15.4158242745,0.0
 08/30  05:00:00,15.4158242745,0.0
 08/30  06:00:00,22.0094176894,0.0
 08/30  07:00:00,38.037990190900004,0.0
 08/30  08:00:00,57.586736485100005,0.0
 08/30  09:00:00,70.1488314601,0.0
 08/30  10:00:00,70.571447228,0.0
 08/30  11:00:00,70.97334363520001,0.0
 08/30  12:00:00,64.7626470674,0.0
 08/30  13:00:00,74.28557519520001,0.0
 08/30  14:00:00,78.7259029305,0.0
 08/30  15:00:00,80.5898613124,0.0
 08/30  16:00:00,80.3596118743,0.0
 08/30  17:00:00,22.8141716025,0.0
 08/30  18:00:00,6.49282427446,0.0
 08/30  19:00:00,9.467157607799999,0.0
 08/30  20:00:00,15.4158242745,0.0
 08/30  21:00:00,15.4158242745,0.0
 08/30  22:00:00,15.4158242745,0.0
 08/30  23:00:00,15.4158242745,0.0
 08/30  24:00:00,15.4158242745,0.0
 08/31  01:00:00,15.4158242745,0.0
 08/31  02:00:00,15.4158242745,0.0
 08/31  03:00:00,15.4158242745,0.0
 08/31  04:00:00,15.4158242745,0.0
 08/31  05:00:00,15.4158242745,0.0
 08/31  06:00:00,22.0094176894,0.0
 08/31  07:00:00,38.037990190900004,0.0
 08/31  08:00:00,57.5801556722,0.0
 08/31  09:00:00,70.1289742175,0.0
 08/31  10:00:00,70.5661081419,0.0
 08/31  11:00:00,71.003745302,0.0
 08/31  12:00:00,64.822828944,0.0
 08/31  13:00:00,75.3289692724,0.0
 08/31  14:00:00,78.703987068,0.0
 08/31  15:00:00,79.9665935125,0.0
 08/31  16:00:00,79.8080990709,0.0
 08/31  17:00:00,22.8214600988,0.0
 08/31  18:00:00,7.73453523781,0.0
 08/31  19:00:00,9.467157607799999,0.0
 08/31  20:00:00,15.4158242745,0.0
 08/31  21:00:00,15.4158242745,0.0
 08/31  22:00:00,15.4158242745,0.0
 08/31  23:00:00,15.4158242745,0.0
 08/31  24:00:00,15.4158242745,0.0
 09/01  01:00:00,15.4158242745,0.0
 09/01  02:00:00,15.4158242745,0.0
 09/01  03:00:00,15.4158242745,0.0
 09/01  04:00:00,15.4158242745,0.0
 09/01  05:00:00,15.4158242745,0.0
 09/01  06:00:00,22.0094176894,0.0
 09/01  07:00:00,39.063191928,0.0
 09/01  08:00:00,58.865810762799995,0.0
 09/01  09:00:00,71.19592982409999,0.0
 09/01  10:00:00,74.4701230184,0.0
 09/01  11:00:00,78.0720704316,0.0
 09/01  12:00:00,72.3517300282,0.0
 09/01  13:00:00,82.0353975205,0.0
 09/01  14:00:00,86.1264329748,0.0
 09/01  15:00:00,89.3540917692,0.0
 09/01  16:00:00,90.5268334123,0.0
 09/01  17:00:00,31.885032275900002,0.0
 09/01  18:00:00,12.728178180499999,0.0
 09/01  19:00:00,12.364898766400001,0.0
 09/01  20:00:00,15.4158242745,0.0
 09/01  21:00:00,15.4158242745,0.0
 09/01  22:00:00,15.4158242745,0.0
 09/01  23:00:00,15.4158242745,0.0
 09/01  24:00:00,15.4158242745,0.0
 09/02  01:00:00,15.4158242745,0.0
 09/02  02:00:00,15.4158242745,0.0
 09/02  03:00:00,15.4158242745,0.0
 09/02  04:00:00,15.4158242745,0.0
 09/02  05:00:00,15.4158242745,0.0
 09/02  06:00:00,12.4414909411,0.0
 09/02  07:00:00,17.547917689400002,0.0
 09/02  08:00:00,19.217386253,0.0
 09/02  09:00:00,29.5451842775,0.0
 09/02  10:00:00,31.3059833514,0.0
 09/02  11:00:00,38.2004883368,0.0
 09/02  12:00:00,32.045442957,0.0
 09/02  13:00:00,35.5788475565,0.0
 09/02  14:00:00,37.9998037909,0.0
 09/02  15:00:00,38.9393296262,0.0
 09/02  16:00:00,21.4835966675,0.0
 09/02  17:00:00,17.8943484944,0.0
 09/02  18:00:00,17.989740602,0.0
 09/02  19:00:00,15.483882437,0.0
 09/02  20:00:00,15.4158242745,0.0
 09/02  21:00:00,15.4158242745,0.0
 09/02  22:00:00,15.4158242745,0.0
 09/02  23:00:00,15.4158242745,0.0
 09/02  24:00:00,15.4158242745,0.0
 09/03  01:00:00,15.4158242745,0.0
 09/03  02:00:00,15.4158242745,0.0
 09/03  03:00:00,15.4158242745,0.0
 09/03  04:00:00,15.4158242745,0.0
 09/03  05:00:00,15.4158242745,0.0
 09/03  06:00:00,12.4414909411,0.0
 09/03  07:00:00,6.49282427446,0.0
 09/03  08:00:00,6.49282427446,0.0
 09/03  09:00:00,6.49282427446,0.0
 09/03  10:00:00,6.49282427446,0.0
 09/03  11:00:00,6.49282427446,0.0
 09/03  12:00:00,6.49282427446,0.0
 09/03  13:00:00,6.49282427446,0.0
 09/03  14:00:00,6.49282427446,0.0
 09/03  15:00:00,14.1833732558,0.0
 09/03  16:00:00,14.511969323299999,0.0
 09/03  17:00:00,11.160394251,0.0
 09/03  18:00:00,10.8041918776,0.0
 09/03  19:00:00,10.954324274500001,0.0
 09/03  20:00:00,15.4158242745,0.0
 09/03  21:00:00,15.4158242745,0.0
 09/03  22:00:00,15.4158242745,0.0
 09/03  23:00:00,15.4158242745,0.0
 09/03  24:00:00,15.4158242745,0.0
 09/04  01:00:00,15.4158242745,0.0
 09/04  02:00:00,15.4158242745,0.0
 09/04  03:00:00,15.4158242745,0.0
 09/04  04:00:00,15.4158242745,0.0
 09/04  05:00:00,15.4158242745,0.0
 09/04  06:00:00,12.4414909411,0.0
 09/04  07:00:00,6.49282427446,0.0
 09/04  08:00:00,6.49282427446,0.0
 09/04  09:00:00,6.49282427446,0.0
 09/04  10:00:00,6.49282427446,0.0
 09/04  11:00:00,6.49282427446,0.0
 09/04  12:00:00,6.49282427446,0.0
 09/04  13:00:00,6.49282427446,0.0
 09/04  14:00:00,6.49282427446,0.0
 09/04  15:00:00,6.49282427446,0.0
 09/04  16:00:00,6.49282427446,0.0
 09/04  17:00:00,6.49282427446,0.0
 09/04  18:00:00,6.49282427446,0.0
 09/04  19:00:00,10.954324274500001,0.0
 09/04  20:00:00,15.4158242745,0.0
 09/04  21:00:00,15.4158242745,0.0
 09/04  22:00:00,15.4158242745,0.0
 09/04  23:00:00,15.4158242745,0.0
 09/04  24:00:00,15.4158242745,0.0
 09/05  01:00:00,15.4158242745,0.0
 09/05  02:00:00,15.4158242745,0.0
 09/05  03:00:00,15.4158242745,0.0
 09/05  04:00:00,15.4158242745,0.0
 09/05  05:00:00,15.4158242745,0.0
 09/05  06:00:00,23.4965843561,3.46062621371
 09/05  07:00:00,38.037990190900004,1.27940762502
 09/05  08:00:00,57.5164630143,0.0
 09/05  09:00:00,69.4905118851,0.0
 09/05  10:00:00,69.4905118851,0.0
 09/05  11:00:00,69.7541099438,0.0
 09/05  12:00:00,63.5149840454,0.0
 09/05  13:00:00,70.3026569509,0.0
 09/05  14:00:00,70.5280828462,0.0
 09/05  15:00:00,70.70343051479999,0.0
 09/05  16:00:00,70.6923286048,0.0
 09/05  17:00:00,20.490072501500002,0.0
 09/05  18:00:00,6.49282427446,0.0
 09/05  19:00:00,10.954324274500001,0.0
 09/05  20:00:00,15.4158242745,0.0
 09/05  21:00:00,15.4158242745,0.0
 09/05  22:00:00,15.4158242745,0.0
 09/05  23:00:00,15.4158242745,0.0
 09/05  24:00:00,15.4158242745,0.0
 09/06  01:00:00,15.4158242745,0.0
 09/06  02:00:00,15.4158242745,0.0
 09/06  03:00:00,15.4158242745,0.0
 09/06  04:00:00,15.4158242745,0.0
 09/06  05:00:00,15.4158242745,0.0
 09/06  06:00:00,23.4965843561,5.16811240448
 09/06  07:00:00,38.037990190900004,2.4428555106200003
 09/06  08:00:00,57.5164630143,0.143990837062
 09/06  09:00:00,69.4905118851,0.0
 09/06  10:00:00,69.4905118851,0.0
 09/06  11:00:00,69.75194919409999,0.0
 09/06  12:00:00,63.5800963089,0.0
 09/06  13:00:00,70.4434310614,0.0
 09/06  14:00:00,70.6863898691,0.0
 09/06  15:00:00,70.9060154439,0.0
 09/06  16:00:00,70.9714507534,0.0
 09/06  17:00:00,20.490072501500002,0.0
 09/06  18:00:00,6.49282427446,0.0
 09/06  19:00:00,10.954324274500001,0.0
 09/06  20:00:00,15.4158242745,0.0
 09/06  21:00:00,15.4158242745,0.0
 09/06  22:00:00,15.4158242745,0.0
 09/06  23:00:00,15.4158242745,0.0
 09/06  24:00:00,15.4158242745,0.0
 09/07  01:00:00,15.4158242745,0.0
 09/07  02:00:00,15.4158242745,0.0
 09/07  03:00:00,15.4158242745,0.0
 09/07  04:00:00,15.4158242745,0.0
 09/07  05:00:00,15.4158242745,0.0
 09/07  06:00:00,23.4965843561,0.0
 09/07  07:00:00,38.037990190900004,0.0
 09/07  08:00:00,57.5164630143,0.0
 09/07  09:00:00,69.74307591729999,0.0
 09/07  10:00:00,70.5299444484,0.0
 09/07  11:00:00,71.0858049598,0.0
 09/07  12:00:00,66.6793886153,0.0
 09/07  13:00:00,78.1684765322,0.0
 09/07  14:00:00,80.7641960615,0.0
 09/07  15:00:00,82.34187403930001,0.0
 09/07  16:00:00,82.1388345205,0.0
 09/07  17:00:00,22.7826752263,0.0
 09/07  18:00:00,6.49282427446,0.0
 09/07  19:00:00,10.954324274500001,0.0
 09/07  20:00:00,15.4158242745,0.0
 09/07  21:00:00,15.4158242745,0.0
 09/07  22:00:00,15.4158242745,0.0
 09/07  23:00:00,15.4158242745,0.0
 09/07  24:00:00,15.4158242745,0.0
 09/08  01:00:00,15.4158242745,0.0
 09/08  02:00:00,15.4158242745,0.0
 09/08  03:00:00,15.4158242745,0.0
 09/08  04:00:00,15.4158242745,0.0
 09/08  05:00:00,15.4158242745,0.0
 09/08  06:00:00,23.4965843561,0.0
 09/08  07:00:00,38.037990190900004,0.0
 09/08  08:00:00,57.72803040229999,0.0
 09/08  09:00:00,70.306498488,0.0
 09/08  10:00:00,70.72530505520001,0.0
 09/08  11:00:00,71.11975280770001,0.0
 09/08  12:00:00,67.6281413278,0.0
 09/08  13:00:00,79.2179716658,0.0
 09/08  14:00:00,82.3112283812,0.0
 09/08  15:00:00,83.9909964071,0.0
 09/08  16:00:00,84.39052411189999,0.0
 09/08  17:00:00,24.9643419345,0.0
 09/08  18:00:00,9.93532124588,0.0
 09/08  19:00:00,12.4414909411,0.0
 09/08  20:00:00,15.4158242745,0.0
 09/08  21:00:00,15.4158242745,0.0
 09/08  22:00:00,15.4158242745,0.0
 09/08  23:00:00,15.4158242745,0.0
 09/08  24:00:00,15.4158242745,0.0
 09/09  01:00:00,15.4158242745,0.0
 09/09  02:00:00,15.4158242745,0.0
 09/09  03:00:00,15.4158242745,0.0
 09/09  04:00:00,15.4158242745,0.0
 09/09  05:00:00,15.4158242745,0.0
 09/09  06:00:00,12.4414909411,0.0
 09/09  07:00:00,17.547917689400002,0.0
 09/09  08:00:00,18.5595173675,0.0
 09/09  09:00:00,28.6896327798,0.0
 09/09  10:00:00,29.232752318400003,0.0
 09/09  11:00:00,29.5994171481,0.0
 09/09  12:00:00,20.8100192004,0.0
 09/09  13:00:00,23.079348769099997,0.0
 09/09  14:00:00,24.9070499648,0.0
 09/09  15:00:00,26.050698888899998,0.0
 09/09  16:00:00,6.49282427446,0.0
 09/09  17:00:00,6.49282427446,0.0
 09/09  18:00:00,6.49282427446,0.0
 09/09  19:00:00,12.4414909411,0.0
 09/09  20:00:00,15.4158242745,0.0
 09/09  21:00:00,15.4158242745,0.0
 09/09  22:00:00,15.4158242745,0.0
 09/09  23:00:00,15.4158242745,0.0
 09/09  24:00:00,15.4158242745,0.0
 09/10  01:00:00,15.4158242745,0.0
 09/10  02:00:00,15.4158242745,0.0
 09/10  03:00:00,15.4158242745,0.0
 09/10  04:00:00,15.4158242745,0.0
 09/10  05:00:00,15.4158242745,0.0
 09/10  06:00:00,12.4414909411,0.0
 09/10  07:00:00,6.49282427446,0.0
 09/10  08:00:00,6.49282427446,0.0
 09/10  09:00:00,6.49282427446,0.0
 09/10  10:00:00,6.49282427446,0.0
 09/10  11:00:00,6.49282427446,0.0
 09/10  12:00:00,6.49282427446,0.0
 09/10  13:00:00,6.49282427446,0.0
 09/10  14:00:00,10.0160836969,0.0
 09/10  15:00:00,13.1826213195,0.0
 09/10  16:00:00,12.3283259752,0.0
 09/10  17:00:00,11.7076297848,0.0
 09/10  18:00:00,10.255862479400001,0.0
 09/10  19:00:00,12.4414909411,0.0
 09/10  20:00:00,15.4158242745,0.0
 09/10  21:00:00,15.4158242745,0.0
 09/10  22:00:00,15.4158242745,0.0
 09/10  23:00:00,15.4158242745,0.0
 09/10  24:00:00,15.4158242745,0.0
 09/11  01:00:00,15.4158242745,0.0
 09/11  02:00:00,15.4158242745,0.0
 09/11  03:00:00,15.4158242745,0.0
 09/11  04:00:00,15.4158242745,0.0
 09/11  05:00:00,15.4158242745,0.0
 09/11  06:00:00,23.4965843561,0.0
 09/11  07:00:00,38.8154157177,0.0
 09/11  08:00:00,58.8587514384,0.0
 09/11  09:00:00,71.8837596426,0.0
 09/11  10:00:00,77.3512469092,0.0
 09/11  11:00:00,81.3786825466,0.0
 09/11  12:00:00,78.4876868648,0.0
 09/11  13:00:00,89.10862382239999,0.0
 09/11  14:00:00,91.3442907304,0.0
 09/11  15:00:00,92.4346240684,0.0
 09/11  16:00:00,92.06315764700001,0.0
 09/11  17:00:00,31.7936719533,0.0
 09/11  18:00:00,11.9858979353,0.0
 09/11  19:00:00,13.8312684995,0.0
 09/11  20:00:00,15.4158242745,0.0
 09/11  21:00:00,15.4158242745,0.0
 09/11  22:00:00,15.4158242745,0.0
 09/11  23:00:00,15.4158242745,0.0
 09/11  24:00:00,15.4158242745,0.0
 09/12  01:00:00,15.4158242745,0.0
 09/12  02:00:00,15.4158242745,0.0
 09/12  03:00:00,15.4158242745,0.0
 09/12  04:00:00,15.4158242745,0.0
 09/12  05:00:00,15.4158242745,0.0
 09/12  06:00:00,24.983751022699998,0.0
 09/12  07:00:00,38.037990190900004,0.0
 09/12  08:00:00,57.5164630143,0.0
 09/12  09:00:00,69.50101307930001,0.0
 09/12  10:00:00,69.80990315689999,0.0
 09/12  11:00:00,70.1175121857,0.0
 09/12  12:00:00,63.7647010003,0.0
 09/12  13:00:00,70.5103709666,0.0
 09/12  14:00:00,70.7330909454,0.0
 09/12  15:00:00,70.8803242219,0.0
 09/12  16:00:00,70.9081853389,0.0
 09/12  17:00:00,20.490072501500002,0.0
 09/12  18:00:00,6.49282427446,0.0
 09/12  19:00:00,12.4414909411,0.0
 09/12  20:00:00,15.4158242745,0.0
 09/12  21:00:00,15.4158242745,0.0
 09/12  22:00:00,15.4158242745,0.0
 09/12  23:00:00,15.4158242745,0.0
 09/12  24:00:00,15.4158242745,0.0
 09/13  01:00:00,15.4158242745,0.0
 09/13  02:00:00,15.4158242745,0.0
 09/13  03:00:00,15.4158242745,0.0
 09/13  04:00:00,15.4158242745,0.0
 09/13  05:00:00,15.4158242745,0.0
 09/13  06:00:00,24.983751022699998,2.45082416638
 09/13  07:00:00,38.037990190900004,0.347208501302
 09/13  08:00:00,57.5164630143,0.0
 09/13  09:00:00,69.4905118851,0.0
 09/13  10:00:00,69.7642524455,0.0
 09/13  11:00:00,70.3123998008,0.0
 09/13  12:00:00,64.1254534078,0.0
 09/13  13:00:00,71.852695725,0.0
 09/13  14:00:00,75.1104098876,0.0
 09/13  15:00:00,76.99716569479999,0.0
 09/13  16:00:00,77.6983706978,0.0
 09/13  17:00:00,20.490072501500002,0.0
 09/13  18:00:00,6.49282427446,0.0
 09/13  19:00:00,12.4414909411,0.0
 09/13  20:00:00,15.4158242745,0.0
 09/13  21:00:00,15.4158242745,0.0
 09/13  22:00:00,15.4158242745,0.0
 09/13  23:00:00,15.4158242745,0.0
 09/13  24:00:00,15.4158242745,0.0
 09/14  01:00:00,15.4158242745,0.0
 09/14  02:00:00,15.4158242745,0.0
 09/14  03:00:00,15.4158242745,0.0
 09/14  04:00:00,15.4158242745,0.0
 09/14  05:00:00,15.4158242745,0.0
 09/14  06:00:00,24.983751022699998,0.0
 09/14  07:00:00,38.037990190900004,0.0
 09/14  08:00:00,57.5164630143,0.0
 09/14  09:00:00,69.5505564779,0.0
 09/14  10:00:00,69.7945503664,0.0
 09/14  11:00:00,70.2456904433,0.0
 09/14  12:00:00,64.0418662112,0.0
 09/14  13:00:00,70.9115247863,0.0
 09/14  14:00:00,71.107047236,0.0
 09/14  15:00:00,72.2862084938,0.0
 09/14  16:00:00,72.9179143742,0.0
 09/14  17:00:00,20.490072501500002,0.0
 09/14  18:00:00,6.49282427446,0.0
 09/14  19:00:00,13.9286576078,0.0
 09/14  20:00:00,15.4158242745,0.0
 09/14  21:00:00,15.4158242745,0.0
 09/14  22:00:00,15.4158242745,0.0
 09/14  23:00:00,15.4158242745,0.0
 09/14  24:00:00,15.4158242745,0.0
 09/15  01:00:00,15.4158242745,0.0
 09/15  02:00:00,15.4158242745,0.0
 09/15  03:00:00,15.4158242745,0.0
 09/15  04:00:00,15.4158242745,0.0
 09/15  05:00:00,15.4158242745,0.0
 09/15  06:00:00,24.983751022699998,4.57449484136
 09/15  07:00:00,38.037990190900004,2.28121243229
 09/15  08:00:00,57.5164630143,0.149847829168
 09/15  09:00:00,69.4905118851,0.0
 09/15  10:00:00,69.4905118851,0.0
 09/15  11:00:00,69.5449102525,0.0
 09/15  12:00:00,63.2527701023,0.0
 09/15  13:00:00,70.0041109269,0.0
 09/15  14:00:00,70.1466656889,0.0
 09/15  15:00:00,70.2047662446,0.0
 09/15  16:00:00,70.2175604635,0.0
 09/15  17:00:00,20.490072501500002,0.0
 09/15  18:00:00,6.49282427446,0.0
 09/15  19:00:00,13.9286576078,0.0
 09/15  20:00:00,15.4158242745,0.0
 09/15  21:00:00,15.4158242745,0.0
 09/15  22:00:00,15.4158242745,0.0
 09/15  23:00:00,15.4158242745,0.0
 09/15  24:00:00,15.4158242745,0.0
 09/16  01:00:00,15.4158242745,0.0
 09/16  02:00:00,15.4158242745,0.0
 09/16  03:00:00,15.4158242745,0.0
 09/16  04:00:00,15.4158242745,0.0
 09/16  05:00:00,15.4158242745,0.0
 09/16  06:00:00,13.9286576078,0.0
 09/16  07:00:00,17.547917689400002,8.58938066456
 09/16  08:00:00,18.5595173675,4.34161866831
 09/16  09:00:00,28.2564311586,1.3809545654299997
 09/16  10:00:00,28.2564311586,0.0
 09/16  11:00:00,28.2564311586,0.0
 09/16  12:00:00,17.547917689400002,0.0
 09/16  13:00:00,17.547917689400002,0.0
 09/16  14:00:00,17.719055447,0.0
 09/16  15:00:00,17.904098846700002,0.0
 09/16  16:00:00,6.49282427446,0.0
 09/16  17:00:00,6.49282427446,0.0
 09/16  18:00:00,6.49282427446,0.0
 09/16  19:00:00,13.9286576078,0.0
 09/16  20:00:00,15.4158242745,0.0
 09/16  21:00:00,15.4158242745,0.0
 09/16  22:00:00,15.4158242745,0.0
 09/16  23:00:00,15.4158242745,0.0
 09/16  24:00:00,15.4158242745,0.0
 09/17  01:00:00,15.4158242745,0.0
 09/17  02:00:00,15.4158242745,0.0
 09/17  03:00:00,15.4158242745,0.0
 09/17  04:00:00,15.4158242745,0.0
 09/17  05:00:00,15.4158242745,0.0
 09/17  06:00:00,13.9286576078,0.0
 09/17  07:00:00,6.49282427446,0.0
 09/17  08:00:00,6.49282427446,0.0
 09/17  09:00:00,6.49282427446,0.0
 09/17  10:00:00,6.49282427446,0.0
 09/17  11:00:00,6.49282427446,0.0
 09/17  12:00:00,6.49282427446,0.0
 09/17  13:00:00,6.49282427446,0.0
 09/17  14:00:00,6.49282427446,0.0
 09/17  15:00:00,6.49282427446,0.0
 09/17  16:00:00,6.49282427446,0.0
 09/17  17:00:00,6.49282427446,0.0
 09/17  18:00:00,6.49282427446,0.0
 09/17  19:00:00,13.9286576078,0.0
 09/17  20:00:00,15.4158242745,0.0
 09/17  21:00:00,15.4158242745,0.0
 09/17  22:00:00,15.4158242745,0.0
 09/17  23:00:00,15.4158242745,0.0
 09/17  24:00:00,15.4158242745,0.0
 09/18  01:00:00,15.4158242745,0.0
 09/18  02:00:00,15.4158242745,0.0
 09/18  03:00:00,15.4158242745,0.0
 09/18  04:00:00,15.4158242745,0.0
 09/18  05:00:00,15.4158242745,0.0
 09/18  06:00:00,24.983751022699998,0.0
 09/18  07:00:00,38.037990190900004,0.0
 09/18  08:00:00,57.5164630143,0.0
 09/18  09:00:00,69.7102273826,0.0
 09/18  10:00:00,70.4276990537,0.0
 09/18  11:00:00,70.8562377823,0.0
 09/18  12:00:00,66.710290873,0.0
 09/18  13:00:00,77.0247093688,0.0
 09/18  14:00:00,79.0320785353,0.0
 09/18  15:00:00,80.1859163865,0.0
 09/18  16:00:00,79.72995808489999,0.0
 09/18  17:00:00,22.283207210500002,0.0
 09/18  18:00:00,6.49282427446,0.0
 09/18  19:00:00,13.9286576078,0.0
 09/18  20:00:00,15.4158242745,0.0
 09/18  21:00:00,15.4158242745,0.0
 09/18  22:00:00,15.4158242745,0.0
 09/18  23:00:00,15.4158242745,0.0
 09/18  24:00:00,15.4158242745,0.0
 09/19  01:00:00,15.4158242745,0.0
 09/19  02:00:00,15.4158242745,0.0
 09/19  03:00:00,15.4158242745,0.0
 09/19  04:00:00,15.4158242745,0.0
 09/19  05:00:00,15.4158242745,0.0
 09/19  06:00:00,24.983751022699998,0.0
 09/19  07:00:00,38.1548591877,0.0
 09/19  08:00:00,57.9190572691,0.0
 09/19  09:00:00,70.1533576065,0.0
 09/19  10:00:00,70.16367432140001,0.0
 09/19  11:00:00,70.224526868,0.0
 09/19  12:00:00,63.6605604592,0.0
 09/19  13:00:00,70.2017973856,0.0
 09/19  14:00:00,70.2178811892,0.0
 09/19  15:00:00,70.159122858,0.0
 09/19  16:00:00,70.0334421393,0.0
 09/19  17:00:00,20.490072501500002,0.0
 09/19  18:00:00,6.49282427446,0.0
 09/19  19:00:00,13.9286576078,0.0
 09/19  20:00:00,15.4158242745,0.0
 09/19  21:00:00,15.4158242745,0.0
 09/19  22:00:00,15.4158242745,0.0
 09/19  23:00:00,15.4158242745,0.0
 09/19  24:00:00,15.4158242745,0.0
 09/20  01:00:00,15.4158242745,0.0
 09/20  02:00:00,15.4158242745,0.0
 09/20  03:00:00,15.4158242745,0.0
 09/20  04:00:00,15.4158242745,0.0
 09/20  05:00:00,15.4158242745,0.0
 09/20  06:00:00,24.983751022699998,1.94617815738
 09/20  07:00:00,38.037990190900004,0.506783612123
 09/20  08:00:00,57.5164630143,0.0
 09/20  09:00:00,69.4905118851,0.0
 09/20  10:00:00,69.4905118851,0.0
 09/20  11:00:00,69.4905118851,0.0
 09/20  12:00:00,62.9976876107,0.0
 09/20  13:00:00,69.4905118851,0.0
 09/20  14:00:00,69.4905118851,0.0
 09/20  15:00:00,69.491935063,0.0
 09/20  16:00:00,69.6194551793,0.0
 09/20  17:00:00,20.490072501500002,0.0
 09/20  18:00:00,6.49282427446,0.0
 09/20  19:00:00,15.4158242745,0.0
 09/20  20:00:00,15.4158242745,0.0
 09/20  21:00:00,15.4158242745,0.0
 09/20  22:00:00,15.4158242745,0.0
 09/20  23:00:00,15.4158242745,0.0
 09/20  24:00:00,15.4158242745,0.0
 09/21  01:00:00,15.4158242745,0.0
 09/21  02:00:00,15.4158242745,0.0
 09/21  03:00:00,15.4158242745,0.0
 09/21  04:00:00,15.4158242745,0.0
 09/21  05:00:00,15.4158242745,0.0
 09/21  06:00:00,24.983751022699998,15.187342362599999
 09/21  07:00:00,38.037990190900004,7.472426534169999
 09/21  08:00:00,57.5164630143,3.53912510504
 09/21  09:00:00,69.4905118851,0.584336206425
 09/21  10:00:00,69.4905118851,0.0
 09/21  11:00:00,69.4905118851,0.0
 09/21  12:00:00,62.9976876107,0.0
 09/21  13:00:00,69.5489028922,0.0
 09/21  14:00:00,69.8561335052,0.0
 09/21  15:00:00,69.90378379149999,0.0
 09/21  16:00:00,69.8252605316,0.0
 09/21  17:00:00,20.490072501500002,0.0
 09/21  18:00:00,6.49282427446,0.0
 09/21  19:00:00,15.4158242745,0.0
 09/21  20:00:00,15.4158242745,0.0
 09/21  21:00:00,15.4158242745,0.0
 09/21  22:00:00,15.4158242745,0.0
 09/21  23:00:00,15.4158242745,0.0
 09/21  24:00:00,15.4158242745,0.0
 09/22  01:00:00,15.4158242745,0.0
 09/22  02:00:00,15.4158242745,0.0
 09/22  03:00:00,15.4158242745,0.0
 09/22  04:00:00,15.4158242745,0.0
 09/22  05:00:00,15.4158242745,0.0
 09/22  06:00:00,26.4709176894,3.3904955865900006
 09/22  07:00:00,38.037990190900004,1.6310353070899999
 09/22  08:00:00,57.5164630143,0.6161484750330001
 09/22  09:00:00,69.4905118851,0.0
 09/22  10:00:00,69.4905118851,0.0
 09/22  11:00:00,69.4905118851,0.0
 09/22  12:00:00,62.9976876107,0.0
 09/22  13:00:00,69.4905118851,0.0
 09/22  14:00:00,69.4905118851,0.0
 09/22  15:00:00,69.77802647930001,0.0
 09/22  16:00:00,70.098828032,0.0
 09/22  17:00:00,20.490072501500002,0.0
 09/22  18:00:00,6.49282427446,0.0
 09/22  19:00:00,15.4158242745,0.0
 09/22  20:00:00,15.4158242745,0.0
 09/22  21:00:00,15.4158242745,0.0
 09/22  22:00:00,15.4158242745,0.0
 09/22  23:00:00,15.4158242745,0.0
 09/22  24:00:00,15.4158242745,0.0
 09/23  01:00:00,15.4158242745,0.0
 09/23  02:00:00,15.4158242745,0.0
 09/23  03:00:00,15.4158242745,0.0
 09/23  04:00:00,15.4158242745,0.0
 09/23  05:00:00,15.4158242745,0.0
 09/23  06:00:00,15.4158242745,0.0
 09/23  07:00:00,17.547917689400002,3.46350938128
 09/23  08:00:00,18.5595173675,2.2935220738299997
 09/23  09:00:00,28.2564311586,1.3678950980700002
 09/23  10:00:00,28.2564311586,0.40422179279200005
 09/23  11:00:00,28.2564311586,0.25996380561500004
 09/23  12:00:00,17.547917689400002,0.896593374604
 09/23  13:00:00,17.547917689400002,0.9332433997249999
 09/23  14:00:00,17.547917689400002,0.983412514834
 09/23  15:00:00,17.547917689400002,1.12664092348
 09/23  16:00:00,6.49282427446,0.0
 09/23  17:00:00,6.49282427446,0.0
 09/23  18:00:00,6.49282427446,0.0
 09/23  19:00:00,15.4158242745,0.0
 09/23  20:00:00,15.4158242745,0.0
 09/23  21:00:00,15.4158242745,0.0
 09/23  22:00:00,15.4158242745,0.0
 09/23  23:00:00,15.4158242745,0.0
 09/23  24:00:00,15.4158242745,0.0
 09/24  01:00:00,15.4158242745,0.0
 09/24  02:00:00,15.4158242745,0.0
 09/24  03:00:00,15.4158242745,0.0
 09/24  04:00:00,15.4158242745,0.0
 09/24  05:00:00,15.4158242745,0.0
 09/24  06:00:00,15.4158242745,0.0
 09/24  07:00:00,6.49282427446,0.0
 09/24  08:00:00,6.49282427446,0.0
 09/24  09:00:00,6.49282427446,0.0
 09/24  10:00:00,6.49282427446,0.0
 09/24  11:00:00,6.49282427446,0.0
 09/24  12:00:00,6.49282427446,0.0
 09/24  13:00:00,6.49282427446,0.0
 09/24  14:00:00,6.49282427446,0.0
 09/24  15:00:00,6.49282427446,0.0
 09/24  16:00:00,6.49282427446,0.0
 09/24  17:00:00,6.49282427446,0.0
 09/24  18:00:00,6.49282427446,0.0
 09/24  19:00:00,15.4158242745,0.0
 09/24  20:00:00,15.4158242745,0.0
 09/24  21:00:00,15.4158242745,0.0
 09/24  22:00:00,15.4158242745,0.0
 09/24  23:00:00,15.4158242745,0.0
 09/24  24:00:00,15.4158242745,0.0
 09/25  01:00:00,15.4158242745,0.0
 09/25  02:00:00,15.734838351199999,5.96047370017
 09/25  03:00:00,15.605448111300001,3.5730110253900005
 09/25  04:00:00,15.7850999245,6.898594993180001
 09/25  05:00:00,15.7897482927,6.979403629149999
 09/25  06:00:00,26.4709176894,14.508219118
 09/25  07:00:00,38.037990190900004,7.98774878033
 09/25  08:00:00,57.5164630143,5.562915359140001
 09/25  09:00:00,69.4905118851,3.78202006883
 09/25  10:00:00,69.4905118851,1.50612941978
 09/25  11:00:00,69.4905118851,0.023108797475400004
 09/25  12:00:00,62.9976876107,0.0
 09/25  13:00:00,69.4905118851,0.0
 09/25  14:00:00,69.4905118851,0.0
 09/25  15:00:00,69.6417807142,0.0
 09/25  16:00:00,69.7170524458,0.0
 09/25  17:00:00,20.490072501500002,0.0
 09/25  18:00:00,7.9799909411300005,0.0
 09/25  19:00:00,15.4158242745,0.0
 09/25  20:00:00,15.4158242745,0.0
 09/25  21:00:00,15.4158242745,0.0
 09/25  22:00:00,15.4158242745,0.0
 09/25  23:00:00,15.4158242745,0.0
 09/25  24:00:00,15.4158242745,0.0
 09/26  01:00:00,15.4158242745,0.0
 09/26  02:00:00,15.4158242745,0.0
 09/26  03:00:00,15.4158242745,0.0
 09/26  04:00:00,15.4158242745,0.0
 09/26  05:00:00,15.4158242745,0.0
 09/26  06:00:00,26.4709176894,17.133149549200002
 09/26  07:00:00,38.037990190900004,6.86302455722
 09/26  08:00:00,57.5164630143,3.38467860614
 09/26  09:00:00,69.4905118851,0.39636696339500005
 09/26  10:00:00,69.4905118851,0.0
 09/26  11:00:00,69.4905118851,0.0
 09/26  12:00:00,63.0287529709,0.0
 09/26  13:00:00,69.8707900659,0.0
 09/26  14:00:00,70.1448936209,0.0
 09/26  15:00:00,70.28520659670001,0.0
 09/26  16:00:00,70.24727835899999,0.0
 09/26  17:00:00,20.490072501500002,0.0
 09/26  18:00:00,7.9799909411300005,0.0
 09/26  19:00:00,15.4158242745,0.0
 09/26  20:00:00,15.4158242745,0.0
 09/26  21:00:00,15.4158242745,0.0
 09/26  22:00:00,15.4158242745,0.0
 09/26  23:00:00,15.4158242745,0.0
 09/26  24:00:00,15.4158242745,0.0
 09/27  01:00:00,15.4158242745,0.0
 09/27  02:00:00,15.4158242745,0.0
 09/27  03:00:00,15.4158242745,0.0
 09/27  04:00:00,15.4158242745,0.0
 09/27  05:00:00,15.4158242745,0.0
 09/27  06:00:00,26.4709176894,5.71552750011
 09/27  07:00:00,38.037990190900004,3.16461088797
 09/27  08:00:00,57.5164630143,0.609798174292
 09/27  09:00:00,69.4905118851,0.0
 09/27  10:00:00,69.4905118851,0.0
 09/27  11:00:00,69.6186467472,0.0
 09/27  12:00:00,63.5197394167,0.0
 09/27  13:00:00,70.384954018,0.0
 09/27  14:00:00,70.6004606203,0.0
 09/27  15:00:00,70.8011307558,0.0
 09/27  16:00:00,70.793905448,0.0
 09/27  17:00:00,20.490072501500002,0.0
 09/27  18:00:00,7.9799909411300005,0.0
 09/27  19:00:00,15.4158242745,0.0
 09/27  20:00:00,15.4158242745,0.0
 09/27  21:00:00,15.4158242745,0.0
 09/27  22:00:00,15.4158242745,0.0
 09/27  23:00:00,15.4158242745,0.0
 09/27  24:00:00,15.4158242745,0.0
 09/28  01:00:00,15.4158242745,0.0
 09/28  02:00:00,15.4158242745,0.0
 09/28  03:00:00,15.4158242745,0.0
 09/28  04:00:00,15.4158242745,0.0
 09/28  05:00:00,15.4158242745,0.0
 09/28  06:00:00,26.4709176894,5.29372124357
 09/28  07:00:00,38.037990190900004,2.8996434448799997
 09/28  08:00:00,57.5164630143,0.5590165840219999
 09/28  09:00:00,69.4905118851,0.0
 09/28  10:00:00,69.4905118851,0.0
 09/28  11:00:00,69.4984828107,0.0
 09/28  12:00:00,63.2730410661,0.0
 09/28  13:00:00,70.2092704533,0.0
 09/28  14:00:00,70.4678613243,0.0
 09/28  15:00:00,70.6537253965,0.0
 09/28  16:00:00,70.6616994638,0.0
 09/28  17:00:00,20.490072501500002,0.0
 09/28  18:00:00,7.9799909411300005,0.0
 09/28  19:00:00,15.4158242745,0.0
 09/28  20:00:00,15.4158242745,0.0
 09/28  21:00:00,15.4158242745,0.0
 09/28  22:00:00,15.4158242745,0.0
 09/28  23:00:00,15.4158242745,0.0
 09/28  24:00:00,15.4158242745,0.0
 09/29  01:00:00,15.4158242745,0.0
 09/29  02:00:00,15.4158242745,0.0
 09/29  03:00:00,15.4158242745,0.0
 09/29  04:00:00,15.4158242745,0.0
 09/29  05:00:00,15.4158242745,0.0
 09/29  06:00:00,26.4709176894,2.83587333692
 09/29  07:00:00,38.037990190900004,1.01574935346
 09/29  08:00:00,57.5164630143,0.0
 09/29  09:00:00,69.4905118851,0.0
 09/29  10:00:00,69.5445666973,0.0
 09/29  11:00:00,70.0374242896,0.0
 09/29  12:00:00,63.8406565999,0.0
 09/29  13:00:00,70.67449515130001,0.0
 09/29  14:00:00,70.9056026642,0.0
 09/29  15:00:00,71.003684957,0.0
 09/29  16:00:00,70.8084215816,0.0
 09/29  17:00:00,20.490072501500002,0.0
 09/29  18:00:00,7.9799909411300005,0.0
 09/29  19:00:00,15.4158242745,0.0
 09/29  20:00:00,15.4158242745,0.0
 09/29  21:00:00,15.4158242745,0.0
 09/29  22:00:00,15.4158242745,0.0
 09/29  23:00:00,15.4158242745,0.0
 09/29  24:00:00,15.4158242745,0.0
 09/30  01:00:00,15.4158242745,0.0
 09/30  02:00:00,15.4158242745,0.0
 09/30  03:00:00,15.4158242745,0.0
 09/30  04:00:00,15.4158242745,0.0
 09/30  05:00:00,15.4158242745,0.0
 09/30  06:00:00,15.4158242745,0.0
 09/30  07:00:00,17.547917689400002,0.716567842562
 09/30  08:00:00,18.5595173675,0.0076518024800600005
 09/30  09:00:00,28.2564311586,0.0
 09/30  10:00:00,28.2564311586,0.0
 09/30  11:00:00,28.2564311586,0.0
 09/30  12:00:00,17.5682296148,0.0
 09/30  13:00:00,17.899048583,0.0
 09/30  14:00:00,18.1458551015,0.0
 09/30  15:00:00,18.2463083245,0.0
 09/30  16:00:00,6.49282427446,0.0
 09/30  17:00:00,6.49282427446,0.0
 09/30  18:00:00,7.9799909411300005,0.0
 09/30  19:00:00,15.4158242745,0.0
 09/30  20:00:00,15.4158242745,0.0
 09/30  21:00:00,15.4158242745,0.0
 09/30  22:00:00,15.4158242745,0.0
 09/30  23:00:00,15.4158242745,0.0
 09/30  24:00:00,15.4158242745,0.0
 10/01  01:00:00,15.4158242745,0.0
 10/01  02:00:00,15.4158242745,0.0
 10/01  03:00:00,15.4158242745,0.0
 10/01  04:00:00,15.4158242745,0.0
 10/01  05:00:00,15.4158242745,0.0
 10/01  06:00:00,15.4158242745,0.0
 10/01  07:00:00,6.49282427446,0.0
 10/01  08:00:00,6.49282427446,0.0
 10/01  09:00:00,6.49282427446,0.0
 10/01  10:00:00,6.49282427446,0.0
 10/01  11:00:00,6.49282427446,0.0
 10/01  12:00:00,6.49282427446,0.0
 10/01  13:00:00,6.49282427446,0.0
 10/01  14:00:00,6.49282427446,0.0
 10/01  15:00:00,6.49282427446,0.0
 10/01  16:00:00,6.49282427446,0.0
 10/01  17:00:00,6.49282427446,0.0
 10/01  18:00:00,9.467157607799999,0.0
 10/01  19:00:00,15.4158242745,0.0
 10/01  20:00:00,15.4158242745,0.0
 10/01  21:00:00,15.4158242745,0.0
 10/01  22:00:00,15.4158242745,0.0
 10/01  23:00:00,15.4158242745,0.0
 10/01  24:00:00,15.4158242745,0.0
 10/02  01:00:00,15.4158242745,0.0
 10/02  02:00:00,15.4158242745,0.0
 10/02  03:00:00,15.4158242745,0.0
 10/02  04:00:00,15.4158242745,0.0
 10/02  05:00:00,15.4158242745,0.0
 10/02  06:00:00,26.4709176894,8.35640767595
 10/02  07:00:00,39.5251568576,4.968198574830001
 10/02  08:00:00,57.5164630143,2.03313391535
 10/02  09:00:00,69.4905118851,0.028468014503500002
 10/02  10:00:00,69.4905118851,0.0
 10/02  11:00:00,69.4905118851,0.0
 10/02  12:00:00,63.2000576864,0.0
 10/02  13:00:00,70.20102713850001,0.0
 10/02  14:00:00,70.4863006943,0.0
 10/02  15:00:00,70.6269826786,0.0
 10/02  16:00:00,70.55342677600001,0.0
 10/02  17:00:00,20.490072501500002,0.0
 10/02  18:00:00,9.467157607799999,0.0
 10/02  19:00:00,15.4158242745,0.0
 10/02  20:00:00,15.4158242745,0.0
 10/02  21:00:00,15.4158242745,0.0
 10/02  22:00:00,15.4158242745,0.0
 10/02  23:00:00,15.4158242745,0.0
 10/02  24:00:00,15.4158242745,0.0
 10/03  01:00:00,15.4158242745,0.0
 10/03  02:00:00,15.4158242745,0.0
 10/03  03:00:00,15.4158242745,0.0
 10/03  04:00:00,15.4158242745,0.0
 10/03  05:00:00,15.4158242745,0.0
 10/03  06:00:00,26.4709176894,4.49091795223
 10/03  07:00:00,39.5251568576,2.2978037705900003
 10/03  08:00:00,57.5164630143,0.291273744099
 10/03  09:00:00,69.4905118851,0.0
 10/03  10:00:00,69.4905118851,0.0
 10/03  11:00:00,69.4905118851,0.0
 10/03  12:00:00,62.9976876107,0.0
 10/03  13:00:00,69.6306888097,0.0
 10/03  14:00:00,69.9532043972,0.0
 10/03  15:00:00,70.0626812612,0.0
 10/03  16:00:00,69.7497919724,0.0
 10/03  17:00:00,20.490072501500002,0.0
 10/03  18:00:00,9.467157607799999,0.0
 10/03  19:00:00,15.4158242745,0.0
 10/03  20:00:00,15.4158242745,0.0
 10/03  21:00:00,15.4158242745,0.0
 10/03  22:00:00,15.4158242745,0.0
 10/03  23:00:00,15.4158242745,0.0
 10/03  24:00:00,15.4158242745,0.0
 10/04  01:00:00,15.4158242745,0.0
 10/04  02:00:00,15.4158242745,0.0
 10/04  03:00:00,15.4158242745,0.0
 10/04  04:00:00,15.4158242745,0.0
 10/04  05:00:00,15.4158242745,0.0
 10/04  06:00:00,26.4709176894,10.393865829400001
 10/04  07:00:00,39.5251568576,6.356771146340001
 10/04  08:00:00,57.5164630143,4.2174331499
 10/04  09:00:00,69.4905118851,2.6495267336099997
 10/04  10:00:00,69.4905118851,1.7886889884900001
 10/04  11:00:00,69.4905118851,1.239267046
 10/04  12:00:00,62.9976876107,1.4770523301499998
 10/04  13:00:00,69.4905118851,0.7558892350130001
 10/04  14:00:00,69.4905118851,1.17005141737
 10/04  15:00:00,69.4905118851,2.45282350853
 10/04  16:00:00,69.4905118851,3.5880201096199995
 10/04  17:00:00,20.490072501500002,0.0
 10/04  18:00:00,9.467157607799999,0.0
 10/04  19:00:00,15.4158242745,0.0
 10/04  20:00:00,15.7510338753,6.280132121109999
 10/04  21:00:00,15.7946113362,7.09166063115
 10/04  22:00:00,16.0218378912,11.384738131099999
 10/04  23:00:00,15.942812867799999,9.84453327302
 10/04  24:00:00,16.0225829376,11.3357942982
 10/05  01:00:00,15.9617529689,10.2289748467
 10/05  02:00:00,15.9845511035,10.6614022507
 10/05  03:00:00,16.379494696800002,18.1034605258
 10/05  04:00:00,16.1644349455,13.9323097394
 10/05  05:00:00,16.5958782554,22.2452468571
 10/05  06:00:00,26.4709176894,31.270667191999998
 10/05  07:00:00,39.5251568576,19.670010807
 10/05  08:00:00,57.5164630143,9.606967076930001
 10/05  09:00:00,69.4905118851,6.874711704400001
 10/05  10:00:00,69.4905118851,6.0430607825900005
 10/05  11:00:00,69.4905118851,5.323497667330001
 10/05  12:00:00,62.9976876107,5.24591454225
 10/05  13:00:00,69.4905118851,3.66984182818
 10/05  14:00:00,69.4905118851,1.26732225755
 10/05  15:00:00,69.4905118851,0.0439133179541
 10/05  16:00:00,69.4905118851,0.0
 10/05  17:00:00,20.490072501500002,0.0
 10/05  18:00:00,9.467157607799999,0.0
 10/05  19:00:00,15.4158242745,0.0
 10/05  20:00:00,16.2007307202,14.624368433699999
 10/05  21:00:00,16.551156168800002,21.0137407197
 10/05  22:00:00,16.697107908,23.8407211552
 10/05  23:00:00,16.8664898931,26.8732820489
 10/05  24:00:00,16.9699643438,29.4061282381
 10/06  01:00:00,17.3157159179,35.7186601424
 10/06  02:00:00,17.4610323177,39.0303140468
 10/06  03:00:00,17.7268902772,43.6158677925
 10/06  04:00:00,17.7301887532,44.3215394741
 10/06  05:00:00,17.9618144565,48.1173801464
 10/06  06:00:00,26.4709176894,69.8747226716
 10/06  07:00:00,39.5251568576,59.0781901446
 10/06  08:00:00,57.5164630143,41.4222382849
 10/06  09:00:00,69.4905118851,16.8913573166
 10/06  10:00:00,69.4905118851,4.65925096954
 10/06  11:00:00,69.4905118851,2.4874941600400002
 10/06  12:00:00,62.9976876107,2.0017494291499998
 10/06  13:00:00,69.4905118851,0.171993547939
 10/06  14:00:00,69.4905118851,0.0
 10/06  15:00:00,69.4905118851,0.0
 10/06  16:00:00,69.4905118851,0.0
 10/06  17:00:00,20.490072501500002,0.0
 10/06  18:00:00,9.467157607799999,0.0
 10/06  19:00:00,15.4158242745,0.0
 10/06  20:00:00,15.4158242745,0.0
 10/06  21:00:00,15.7403734251,6.058169566340001
 10/06  22:00:00,16.146240897200002,13.5771039757
 10/06  23:00:00,16.403872558699998,18.3603635202
 10/06  24:00:00,16.5621119733,21.2136538168
 10/07  01:00:00,16.571288493,21.477677644299998
 10/07  02:00:00,16.7916269976,25.686727183800002
 10/07  03:00:00,16.8984101487,28.008547758000002
 10/07  04:00:00,17.1561723549,32.8446525807
 10/07  05:00:00,17.193287945,33.7641629811
 10/07  06:00:00,17.5243815527,39.953120991599995
 10/07  07:00:00,19.0350843561,58.351699610699995
 10/07  08:00:00,18.5595173675,43.657143467
 10/07  09:00:00,28.2564311586,19.2721314324
 10/07  10:00:00,28.2564311586,6.292509925680001
 10/07  11:00:00,28.2564311586,3.6440907036300003
 10/07  12:00:00,17.547917689400002,1.9567893536200003
 10/07  13:00:00,17.547917689400002,0.330606763822
 10/07  14:00:00,17.547917689400002,0.0
 10/07  15:00:00,17.547917689400002,0.0
 10/07  16:00:00,6.49282427446,0.0
 10/07  17:00:00,6.49282427446,0.0
 10/07  18:00:00,10.954324274500001,0.0
 10/07  19:00:00,15.4158242745,0.0
 10/07  20:00:00,15.4158242745,0.0
 10/07  21:00:00,15.4158242745,0.0
 10/07  22:00:00,15.4158242745,0.0
 10/07  23:00:00,15.4158242745,0.0
 10/07  24:00:00,15.4158242745,0.0
 10/08  01:00:00,15.6658926248,4.686366512159999
 10/08  02:00:00,15.6786871344,4.92967711662
 10/08  03:00:00,15.7562009004,6.35468136092
 10/08  04:00:00,15.7746750323,6.70778638342
 10/08  05:00:00,15.8937483473,8.900585166219999
 10/08  06:00:00,15.9804334369,10.522458269
 10/08  07:00:00,8.47316855437,9.211579399260001
 10/08  08:00:00,6.86812877517,7.01678134391
 10/08  09:00:00,6.49282427446,0.0
 10/08  10:00:00,6.49282427446,0.0
 10/08  11:00:00,6.49282427446,0.0
 10/08  12:00:00,6.49282427446,0.0
 10/08  13:00:00,6.49282427446,0.0
 10/08  14:00:00,6.49282427446,0.0
 10/08  15:00:00,6.49282427446,0.0
 10/08  16:00:00,6.49282427446,0.0
 10/08  17:00:00,6.49282427446,0.0
 10/08  18:00:00,10.954324274500001,0.0
 10/08  19:00:00,15.4158242745,0.0
 10/08  20:00:00,15.4158242745,0.0
 10/08  21:00:00,15.4158242745,0.0
 10/08  22:00:00,15.4158242745,0.0
 10/08  23:00:00,15.4158242745,0.0
 10/08  24:00:00,15.4158242745,0.0
 10/09  01:00:00,15.4158242745,0.0
 10/09  02:00:00,15.4158242745,0.0
 10/09  03:00:00,15.4158242745,0.0
 10/09  04:00:00,15.4158242745,0.0
 10/09  05:00:00,15.4158242745,0.0
 10/09  06:00:00,15.4158242745,0.0
 10/09  07:00:00,7.9799909411300005,0.0
 10/09  08:00:00,6.49282427446,0.0
 10/09  09:00:00,6.49282427446,0.0
 10/09  10:00:00,6.49282427446,0.0
 10/09  11:00:00,6.49282427446,0.0
 10/09  12:00:00,6.49282427446,0.0
 10/09  13:00:00,6.49282427446,0.0
 10/09  14:00:00,6.49282427446,0.0
 10/09  15:00:00,6.49282427446,0.0
 10/09  16:00:00,6.49282427446,0.0
 10/09  17:00:00,6.49282427446,0.0
 10/09  18:00:00,10.954324274500001,0.0
 10/09  19:00:00,15.4158242745,0.0
 10/09  20:00:00,15.4158242745,0.0
 10/09  21:00:00,15.4158242745,0.0
 10/09  22:00:00,15.4158242745,0.0
 10/09  23:00:00,15.4158242745,0.0
 10/09  24:00:00,15.4158242745,0.0
 10/10  01:00:00,15.4158242745,0.0
 10/10  02:00:00,15.4158242745,0.0
 10/10  03:00:00,15.4158242745,0.0
 10/10  04:00:00,15.4158242745,0.0
 10/10  05:00:00,15.4158242745,0.0
 10/10  06:00:00,26.4709176894,6.06598785796
 10/10  07:00:00,39.5251568576,3.41387058774
 10/10  08:00:00,57.5164630143,1.6511585374899997
 10/10  09:00:00,69.4905118851,0.17458831616
 10/10  10:00:00,69.4905118851,0.0
 10/10  11:00:00,69.4905118851,0.0
 10/10  12:00:00,62.9976876107,0.0212855598985
 10/10  13:00:00,69.4905118851,0.0367132501942
 10/10  14:00:00,69.4905118851,0.0
 10/10  15:00:00,69.4905118851,0.0
 10/10  16:00:00,69.4905118851,0.0
 10/10  17:00:00,20.490072501500002,0.0
 10/10  18:00:00,10.954324274500001,0.0
 10/10  19:00:00,15.4158242745,0.0
 10/10  20:00:00,15.4158242745,0.0
 10/10  21:00:00,15.4158242745,0.0
 10/10  22:00:00,15.4158242745,0.0
 10/10  23:00:00,15.4158242745,0.0
 10/10  24:00:00,15.8072812084,7.33290837633
 10/11  01:00:00,15.8677646793,8.4522872537
 10/11  02:00:00,16.3257710592,17.0717275082
 10/11  03:00:00,16.1999119306,14.595343998699999
 10/11  04:00:00,16.6314610253,22.669456616399998
 10/11  05:00:00,16.4411675267,19.3965585929
 10/11  06:00:00,26.4709176894,39.9191473837
 10/11  07:00:00,41.0123235242,27.6551299646
 10/11  08:00:00,57.5164630143,13.0546789907
 10/11  09:00:00,69.4905118851,4.480817793430001
 10/11  10:00:00,69.4905118851,1.62677130543
 10/11  11:00:00,69.4905118851,0.06688970803449999
 10/11  12:00:00,62.9976876107,0.0
 10/11  13:00:00,69.4905118851,0.0
 10/11  14:00:00,69.4905118851,0.0
 10/11  15:00:00,69.4905118851,0.0
 10/11  16:00:00,69.4905118851,0.0
 10/11  17:00:00,20.490072501500002,0.0
 10/11  18:00:00,10.954324274500001,0.0
 10/11  19:00:00,15.4158242745,0.0
 10/11  20:00:00,15.4158242745,0.0
 10/11  21:00:00,15.4158242745,0.0
 10/11  22:00:00,15.4158242745,0.0
 10/11  23:00:00,15.4158242745,0.0
 10/11  24:00:00,15.5979461721,3.4338936587199997
 10/12  01:00:00,15.8248383775,7.663280644389999
 10/12  02:00:00,16.0873358403,12.5483895151
 10/12  03:00:00,16.2266148611,15.0854827028
 10/12  04:00:00,16.7337276845,24.559694099699996
 10/12  05:00:00,16.459162547200002,19.5994224759
 10/12  06:00:00,26.4709176894,42.174777816500004
 10/12  07:00:00,41.0123235242,29.765146506799997
 10/12  08:00:00,57.5164630143,12.9842091794
 10/12  09:00:00,69.4905118851,4.340052753769999
 10/12  10:00:00,69.4905118851,1.6158088337099998
 10/12  11:00:00,69.4905118851,0.09447018415169998
 10/12  12:00:00,62.9976876107,0.0
 10/12  13:00:00,69.4905118851,0.0
 10/12  14:00:00,69.4905118851,0.0
 10/12  15:00:00,69.4905118851,0.0
 10/12  16:00:00,69.4905118851,0.0
 10/12  17:00:00,20.490072501500002,0.0
 10/12  18:00:00,10.954324274500001,0.0
 10/12  19:00:00,15.4158242745,0.0
 10/12  20:00:00,15.4158242745,0.0
 10/12  21:00:00,15.4158242745,0.0
 10/12  22:00:00,15.4158242745,0.0
 10/12  23:00:00,15.4158242745,0.0
 10/12  24:00:00,15.4158242745,0.0
 10/13  01:00:00,15.4158242745,0.0
 10/13  02:00:00,15.4158242745,0.0
 10/13  03:00:00,15.4158242745,0.0
 10/13  04:00:00,15.4158242745,0.0
 10/13  05:00:00,15.4158242745,0.0
 10/13  06:00:00,26.4709176894,9.17596598481
 10/13  07:00:00,41.0123235242,5.463294266930001
 10/13  08:00:00,57.5164630143,3.44513252508
 10/13  09:00:00,69.4905118851,2.10501421243
 10/13  10:00:00,69.4905118851,1.44885061875
 10/13  11:00:00,69.4905118851,0.9608093563410001
 10/13  12:00:00,62.9976876107,1.21044808395
 10/13  13:00:00,69.4905118851,1.22970143684
 10/13  14:00:00,69.4905118851,1.1225490701899998
 10/13  15:00:00,69.4905118851,0.445082516944
 10/13  16:00:00,69.4905118851,0.0333239250686
 10/13  17:00:00,20.490072501500002,0.0
 10/13  18:00:00,12.4414909411,0.0
 10/13  19:00:00,15.4158242745,0.0
 10/13  20:00:00,15.4158242745,0.0
 10/13  21:00:00,15.4158242745,0.0
 10/13  22:00:00,15.8175532581,7.5271874915999994
 10/13  23:00:00,15.908839048499999,9.227606914199999
 10/13  24:00:00,16.3231553344,17.012499756900002
 10/14  01:00:00,16.4647220697,19.5052655856
 10/14  02:00:00,16.5397923027,20.9758900599
 10/14  03:00:00,16.773015881,25.5891619884
 10/14  04:00:00,16.7384382232,25.0750322952
 10/14  05:00:00,16.8235662536,26.5439774127
 10/14  06:00:00,16.7706925697,25.853119732899998
 10/14  07:00:00,20.5222510227,38.6145594224
 10/14  08:00:00,18.5595173675,25.891112746199997
 10/14  09:00:00,28.2564311586,10.4630835858
 10/14  10:00:00,28.2564311586,5.80650709816
 10/14  11:00:00,28.2564311586,3.87461366261
 10/14  12:00:00,17.547917689400002,3.5518132383199994
 10/14  13:00:00,17.547917689400002,4.0355619855
 10/14  14:00:00,17.547917689400002,4.24339328035
 10/14  15:00:00,17.547917689400002,4.3243656584500005
 10/14  16:00:00,6.49282427446,0.0
 10/14  17:00:00,6.49282427446,0.0
 10/14  18:00:00,12.4414909411,0.0
 10/14  19:00:00,15.4158242745,0.0
 10/14  20:00:00,15.741908653900001,6.09801903497
 10/14  21:00:00,16.05991763,11.9883442713
 10/14  22:00:00,16.6583569385,23.0915020792
 10/14  23:00:00,16.4411565826,19.012426316099997
 10/14  24:00:00,16.9357839657,28.590687597600002
 10/15  01:00:00,16.613579002799998,22.613916178
 10/15  02:00:00,17.1519705414,32.7398592904
 10/15  03:00:00,16.7707139322,25.7959992869
 10/15  04:00:00,17.198689080599998,33.683696003899996
 10/15  05:00:00,16.771528398,25.8556338188
 10/15  06:00:00,17.1908130616,33.5537645263
 10/15  07:00:00,10.7790375269,25.024630229099998
 10/15  08:00:00,8.04886258421,29.3853458645
 10/15  09:00:00,7.492365689800001,18.9824735481
 10/15  10:00:00,7.61611778964,21.2400878019
 10/15  11:00:00,7.16207751408,12.6894258873
 10/15  12:00:00,7.02929017001,10.1888125027
 10/15  13:00:00,7.251821423710001,14.4093529598
 10/15  14:00:00,7.14612965045,12.3886341392
 10/15  15:00:00,7.174907145960001,12.9415078336
 10/15  16:00:00,7.1979000852,13.6253925353
 10/15  17:00:00,7.311852434389999,15.5667175205
 10/15  18:00:00,13.321644268900002,16.8501924499
 10/15  19:00:00,16.529914328,21.17594858
 10/15  20:00:00,16.5573418451,21.771673028600002
 10/15  21:00:00,16.7212281047,24.8236548857
 10/15  22:00:00,16.674065176099997,24.0171435528
 10/15  23:00:00,16.8223718232,26.7615791529
 10/15  24:00:00,16.7753707372,25.9772326233
 10/16  01:00:00,16.9539948918,29.2903228344
 10/16  02:00:00,17.019190113900002,30.6814974623
 10/16  03:00:00,17.343941936,36.7497334302
 10/16  04:00:00,17.3378895416,36.820414981599995
 10/16  05:00:00,17.6007797927,41.663441594
 10/16  06:00:00,26.4709176894,60.434899998
 10/16  07:00:00,41.0123235242,51.8710041605
 10/16  08:00:00,57.5164630143,38.5756459455
 10/16  09:00:00,69.4905118851,20.9200693165
 10/16  10:00:00,69.4905118851,7.68383503468
 10/16  11:00:00,69.4905118851,4.04881563871
 10/16  12:00:00,62.9976876107,3.13611043499
 10/16  13:00:00,69.4905118851,2.76612577082
 10/16  14:00:00,69.4905118851,1.7208138421999999
 10/16  15:00:00,69.4905118851,0.467657601484
 10/16  16:00:00,69.4905118851,0.272437741774
 10/16  17:00:00,20.490072501500002,0.0
 10/16  18:00:00,12.4414909411,0.0
 10/16  19:00:00,16.359505081800002,17.5488265661
 10/16  20:00:00,16.8320620511,26.1874815478
 10/16  21:00:00,17.033312627,30.0803397436
 10/16  22:00:00,17.385311637,36.8997036841
 10/16  23:00:00,17.4503473133,38.554490518099996
 10/16  24:00:00,17.7776077422,44.5014350338
 10/17  01:00:00,17.8020986658,45.4480341644
 10/17  02:00:00,18.1250425595,51.2262999719
 10/17  03:00:00,18.0592264795,50.5437280678
 10/17  04:00:00,18.330609348499998,55.2261671817
 10/17  05:00:00,18.1817698887,53.0342982366
 10/17  06:00:00,26.4709176894,79.2061987326
 10/17  07:00:00,41.0123235242,65.9980451763
 10/17  08:00:00,57.5164630143,46.674477285500004
 10/17  09:00:00,69.4905118851,22.170621746
 10/17  10:00:00,69.4905118851,5.75767708148
 10/17  11:00:00,69.4905118851,2.6609153549099998
 10/17  12:00:00,62.9976876107,1.1694451489700002
 10/17  13:00:00,69.4905118851,0.0
 10/17  14:00:00,69.4905118851,0.0
 10/17  15:00:00,69.4905118851,0.0
 10/17  16:00:00,69.4905118851,0.0
 10/17  17:00:00,20.490072501500002,0.0
 10/17  18:00:00,12.4414909411,0.0
 10/17  19:00:00,15.4158242745,0.0
 10/17  20:00:00,15.4158242745,0.0
 10/17  21:00:00,15.4158242745,0.0
 10/17  22:00:00,15.4158242745,0.0
 10/17  23:00:00,15.7768841642,6.73211198421
 10/17  24:00:00,15.8694444126,8.45809535954
 10/18  01:00:00,15.921052189100001,9.41324506087
 10/18  02:00:00,16.198579358699998,14.6741712597
 10/18  03:00:00,16.2145859001,14.858638799200001
 10/18  04:00:00,16.2050423526,14.746676924700001
 10/18  05:00:00,16.329445873,16.929832791
 10/18  06:00:00,26.4709176894,26.5834128929
 10/18  07:00:00,41.0123235242,17.7201766964
 10/18  08:00:00,57.5164630143,8.362088744460001
 10/18  09:00:00,69.4905118851,4.79384638076
 10/18  10:00:00,69.4905118851,2.17232536739
 10/18  11:00:00,69.4905118851,0.307794659435
 10/18  12:00:00,62.9976876107,0.0
 10/18  13:00:00,69.4905118851,0.0
 10/18  14:00:00,69.4905118851,0.0
 10/18  15:00:00,69.4905118851,0.0
 10/18  16:00:00,69.4905118851,0.0
 10/18  17:00:00,20.490072501500002,0.0
 10/18  18:00:00,12.4414909411,0.0
 10/18  19:00:00,15.4158242745,0.0
 10/18  20:00:00,15.4158242745,0.0
 10/18  21:00:00,15.4158242745,0.0
 10/18  22:00:00,15.813997123,7.437708940219999
 10/18  23:00:00,16.1824440488,14.3721144661
 10/18  24:00:00,16.3229045245,16.8378096106
 10/19  01:00:00,16.4077061216,18.4866139462
 10/19  02:00:00,16.755501491500002,25.1029148252
 10/19  03:00:00,17.0289361774,30.632548762
 10/19  04:00:00,17.375631534100002,37.1390666896
 10/19  05:00:00,17.4491748323,38.797811114
 10/19  06:00:00,26.4709176894,62.314304703999994
 10/19  07:00:00,41.0123235242,50.9047297307
 10/19  08:00:00,57.5164630143,32.1374094564
 10/19  09:00:00,69.4905118851,10.5795362908
 10/19  10:00:00,69.4905118851,3.49539087497
 10/19  11:00:00,69.4905118851,0.9176975190539999
 10/19  12:00:00,62.9976876107,0.89319681448
 10/19  13:00:00,69.4905118851,0.324575758695
 10/19  14:00:00,69.4905118851,0.0
 10/19  15:00:00,69.4905118851,0.0
 10/19  16:00:00,69.4905118851,0.0
 10/19  17:00:00,20.490072501500002,0.0
 10/19  18:00:00,12.4414909411,0.0
 10/19  19:00:00,15.4158242745,0.0
 10/19  20:00:00,15.4158242745,0.0
 10/19  21:00:00,15.4158242745,0.0
 10/19  22:00:00,15.5974365869,3.41746666986
 10/19  23:00:00,15.781531528099999,6.831359643180001
 10/19  24:00:00,15.9210617926,9.404890942389999
 10/20  01:00:00,16.0295426999,11.4367257558
 10/20  02:00:00,16.0312954589,11.5056275249
 10/20  03:00:00,16.5387955415,20.899969041600002
 10/20  04:00:00,16.3473622323,17.2909203058
 10/20  05:00:00,16.719288641400002,24.4689440219
 10/20  06:00:00,26.4709176894,32.003602096
 10/20  07:00:00,42.499490190900005,22.339837422
 10/20  08:00:00,57.5164630143,11.6747380093
 10/20  09:00:00,69.4905118851,4.835939445369999
 10/20  10:00:00,69.4905118851,1.6492597283500001
 10/20  11:00:00,69.4905118851,0.0
 10/20  12:00:00,62.9976876107,0.0
 10/20  13:00:00,69.4905118851,0.0
 10/20  14:00:00,69.4991065249,0.0
 10/20  15:00:00,69.6703353137,0.0
 10/20  16:00:00,69.7005131885,0.0
 10/20  17:00:00,20.490072501500002,0.0
 10/20  18:00:00,13.9286576078,0.0
 10/20  19:00:00,15.4158242745,0.0
 10/20  20:00:00,15.4158242745,0.0
 10/20  21:00:00,15.4158242745,0.0
 10/20  22:00:00,15.4158242745,0.0
 10/20  23:00:00,15.4158242745,0.0
 10/20  24:00:00,15.4158242745,0.0
 10/21  01:00:00,15.4158242745,0.0
 10/21  02:00:00,15.4158242745,0.0
 10/21  03:00:00,15.7021033472,5.36801877174
 10/21  04:00:00,15.963182828199999,10.2090787493
 10/21  05:00:00,15.9256711018,9.53065146986
 10/21  06:00:00,15.9537061255,10.0571335474
 10/21  07:00:00,22.0094176894,27.09380153
 10/21  08:00:00,18.5595173675,15.0582704114
 10/21  09:00:00,28.2564311586,6.94635279846
 10/21  10:00:00,28.2564311586,4.105911091369999
 10/21  11:00:00,28.2564311586,1.77732701978
 10/21  12:00:00,17.547917689400002,0.83705853553
 10/21  13:00:00,17.547917689400002,0.511275895988
 10/21  14:00:00,17.547917689400002,1.18924546668
 10/21  15:00:00,17.547917689400002,2.9581637813099997
 10/21  16:00:00,6.49282427446,0.0
 10/21  17:00:00,6.49282427446,0.0
 10/21  18:00:00,13.9286576078,0.0
 10/21  19:00:00,15.4158242745,0.0
 10/21  20:00:00,15.4158242745,0.0
 10/21  21:00:00,15.4158242745,0.0
 10/21  22:00:00,15.4158242745,0.0
 10/21  23:00:00,15.5992346056,3.46605735364
 10/21  24:00:00,15.7519390899,6.2981256963300005
 10/22  01:00:00,15.5623586649,2.7200723553400006
 10/22  02:00:00,15.747464815999999,6.22506604809
 10/22  03:00:00,15.7362868052,6.01662958163
 10/22  04:00:00,15.7306811807,5.90681747589
 10/22  05:00:00,15.737341831199998,6.03871004996
 10/22  06:00:00,15.6659245839,4.70888780495
 10/22  07:00:00,11.202469823,4.67382378883
 10/22  08:00:00,6.61887154528,2.34057183565
 10/22  09:00:00,6.49282427446,0.0
 10/22  10:00:00,6.49282427446,0.0
 10/22  11:00:00,6.49282427446,0.0
 10/22  12:00:00,6.49282427446,0.0
 10/22  13:00:00,6.49282427446,0.0
 10/22  14:00:00,6.49282427446,0.0
 10/22  15:00:00,6.49282427446,0.0
 10/22  16:00:00,6.49282427446,0.0
 10/22  17:00:00,6.49282427446,0.0
 10/22  18:00:00,13.9286576078,0.0
 10/22  19:00:00,15.4158242745,0.0
 10/22  20:00:00,15.4158242745,0.0
 10/22  21:00:00,15.4158242745,0.0
 10/22  22:00:00,15.4158242745,0.0
 10/22  23:00:00,15.4158242745,0.0
 10/22  24:00:00,15.4158242745,0.0
 10/23  01:00:00,15.4158242745,0.0
 10/23  02:00:00,15.4158242745,0.0
 10/23  03:00:00,15.4158242745,0.0
 10/23  04:00:00,15.4158242745,0.0
 10/23  05:00:00,15.4158242745,0.0
 10/23  06:00:00,26.4709176894,10.541579736100001
 10/23  07:00:00,42.499490190900005,6.561810306719999
 10/23  08:00:00,57.5164630143,4.41185423682
 10/23  09:00:00,69.4905118851,2.77251615495
 10/23  10:00:00,69.4905118851,0.924899027058
 10/23  11:00:00,69.4905118851,0.245385597177
 10/23  12:00:00,62.9976876107,0.0
 10/23  13:00:00,69.4905118851,0.0
 10/23  14:00:00,69.4905118851,0.0
 10/23  15:00:00,69.4905118851,0.0
 10/23  16:00:00,69.4905118851,0.0
 10/23  17:00:00,20.490072501500002,0.0
 10/23  18:00:00,13.9286576078,0.0
 10/23  19:00:00,15.4158242745,0.0
 10/23  20:00:00,15.4158242745,0.0
 10/23  21:00:00,15.4158242745,0.0
 10/23  22:00:00,15.4158242745,0.0
 10/23  23:00:00,15.4158242745,0.0
 10/23  24:00:00,15.4158242745,0.0
 10/24  01:00:00,15.4158242745,0.0
 10/24  02:00:00,15.4158242745,0.0
 10/24  03:00:00,15.4158242745,0.0
 10/24  04:00:00,15.4158242745,0.0
 10/24  05:00:00,15.4158242745,0.0
 10/24  06:00:00,26.4709176894,10.860020025
 10/24  07:00:00,42.499490190900005,7.56785404627
 10/24  08:00:00,57.5164630143,5.68502093865
 10/24  09:00:00,69.4905118851,4.57771734456
 10/24  10:00:00,69.4905118851,4.85302053367
 10/24  11:00:00,69.4905118851,5.12507936135
 10/24  12:00:00,62.9976876107,4.89331982004
 10/24  13:00:00,69.4905118851,3.3818177000700005
 10/24  14:00:00,69.4905118851,1.6978435926
 10/24  15:00:00,69.4905118851,0.159249813748
 10/24  16:00:00,69.4905118851,0.0
 10/24  17:00:00,20.490072501500002,0.0
 10/24  18:00:00,13.9286576078,0.0
 10/24  19:00:00,15.6119252175,3.6892949877
 10/24  20:00:00,15.9677311445,10.2721662531
 10/24  21:00:00,16.1667551762,13.9788470713
 10/24  22:00:00,16.366944498800002,17.6862774535
 10/24  23:00:00,16.6108920025,22.1134032083
 10/24  24:00:00,16.7249444041,24.530210911799998
 10/25  01:00:00,16.9782428152,29.2894877247
 10/25  02:00:00,17.0639168283,31.316887472399998
 10/25  03:00:00,17.2812383283,35.0998678322
 10/25  04:00:00,17.315689928,36.2568050425
 10/25  05:00:00,17.5113556217,39.5128542232
 10/25  06:00:00,26.4709176894,58.3009610187
 10/25  07:00:00,42.499490190900005,50.216414971199995
 10/25  08:00:00,57.5164630143,40.7555574784
 10/25  09:00:00,69.4905118851,28.404921882399996
 10/25  10:00:00,69.4905118851,16.7889714053
 10/25  11:00:00,69.4905118851,6.6091418527100005
 10/25  12:00:00,62.9976876107,3.90902870744
 10/25  13:00:00,69.4905118851,2.37815534988
 10/25  14:00:00,69.4905118851,1.45440949778
 10/25  15:00:00,69.4905118851,1.02945275869
 10/25  16:00:00,69.4905118851,1.4340438757700003
 10/25  17:00:00,20.490072501500002,0.0
 10/25  18:00:00,14.578028119,12.097549821
 10/25  19:00:00,16.3730584349,17.6543722889
 10/25  20:00:00,16.5487350873,20.9741879131
 10/25  21:00:00,16.8166764383,25.8427000042
 10/25  22:00:00,16.8803778043,27.177523037199997
 10/25  23:00:00,17.1559543678,32.4084685953
 10/25  24:00:00,17.1974263622,33.6750267264
 10/26  01:00:00,17.4311279099,37.7960177054
 10/26  02:00:00,17.4660596063,39.0374109021
 10/26  03:00:00,17.7220019419,43.4155425019
 10/26  04:00:00,17.6811812986,43.297962992799995
 10/26  05:00:00,17.9536460941,47.8591677457
 10/26  06:00:00,26.4709176894,71.2265790564
 10/26  07:00:00,42.499490190900005,63.2193235588
 10/26  08:00:00,57.5164630143,52.149561066000004
 10/26  09:00:00,69.4905118851,36.628059114
 10/26  10:00:00,69.4905118851,22.422584207199996
 10/26  11:00:00,69.4905118851,11.9004496005
 10/26  12:00:00,62.9976876107,7.088541746950001
 10/26  13:00:00,69.4905118851,3.4707021797500004
 10/26  14:00:00,69.4905118851,2.52883793919
 10/26  15:00:00,69.4905118851,1.8740625854599997
 10/26  16:00:00,69.4905118851,2.28195082613
 10/26  17:00:00,20.9337372044,8.21728517794
 10/26  18:00:00,14.8792705868,17.6770470723
 10/26  19:00:00,16.8638629033,26.7248678328
 10/26  20:00:00,17.0764683878,30.826907688400002
 10/26  21:00:00,17.4362598445,37.602750114
 10/26  22:00:00,17.5167664484,39.7544468054
 10/26  23:00:00,17.822964148900002,45.1444141658
 10/26  24:00:00,17.8817397183,46.9724897731
 10/27  01:00:00,18.1764234658,51.9921541157
 10/27  02:00:00,18.1062660803,51.4898343938
 10/27  03:00:00,18.4381253926,57.0540994395
 10/27  04:00:00,18.428224524,57.8888293285
 10/27  05:00:00,18.7339877331,62.784092273199995
 10/27  06:00:00,26.4709176894,88.6970039181
 10/27  07:00:00,42.499490190900005,77.7431167762
 10/27  08:00:00,57.5164630143,64.7317885674
 10/27  09:00:00,69.4905118851,46.506429060600006
 10/27  10:00:00,69.4905118851,26.960975156999996
 10/27  11:00:00,69.4905118851,10.3032177919
 10/27  12:00:00,62.9976876107,4.580622997880001
 10/27  13:00:00,69.4905118851,2.87117390133
 10/27  14:00:00,69.4905118851,1.6266361166499999
 10/27  15:00:00,69.4905118851,0.845708028305
 10/27  16:00:00,69.4905118851,0.963787595894
 10/27  17:00:00,20.490072501500002,0.0
 10/27  18:00:00,16.0111427861,11.041908995899998
 10/27  19:00:00,16.5822390042,21.6308383143
 10/27  20:00:00,16.9898882607,29.0822512784
 10/27  21:00:00,17.0712510048,30.7419634008
 10/27  22:00:00,17.2777021294,34.6797585049
 10/27  23:00:00,17.2531452871,34.750766037
 10/27  24:00:00,17.490080312899998,38.904462091
 10/28  01:00:00,17.440385658,38.5227501404
 10/28  02:00:00,17.5603581054,40.335655847
 10/28  03:00:00,17.4522706272,38.8495547086
 10/28  04:00:00,17.4952880426,39.1562349533
 10/28  05:00:00,17.308552883,36.1121026334
 10/28  06:00:00,17.4440487828,38.2226452984
 10/28  07:00:00,22.0094176894,54.045686528699996
 10/28  08:00:00,18.5595173675,43.1704015783
 10/28  09:00:00,28.2564311586,26.651090879
 10/28  10:00:00,28.2564311586,10.2296212184
 10/28  11:00:00,28.2564311586,4.60235714324
 10/28  12:00:00,17.547917689400002,3.05929921288
 10/28  13:00:00,17.547917689400002,1.39414145158
 10/28  14:00:00,17.547917689400002,0.16870291759300002
 10/28  15:00:00,17.547917689400002,0.0
 10/28  16:00:00,6.49282427446,0.0
 10/28  17:00:00,6.49282427446,0.0
 10/28  18:00:00,15.4158242745,0.0
 10/28  19:00:00,15.4158242745,0.0
 10/28  20:00:00,15.4158242745,0.0
 10/28  21:00:00,15.4158242745,0.0
 10/28  22:00:00,15.4158242745,0.0
 10/28  23:00:00,15.4158242745,0.0
 10/28  24:00:00,15.4158242745,0.0
 10/29  01:00:00,15.7620316347,6.44908199464
 10/29  02:00:00,16.0725246842,12.2821807223
 10/29  03:00:00,16.0276955993,11.3821161035
 10/29  04:00:00,16.1699487616,14.0422829298
 10/29  05:00:00,16.3732683306,17.8083357725
 10/29  06:00:00,16.4807960002,19.7245310705
 10/29  07:00:00,13.4932840752,19.7845414292
 10/29  08:00:00,7.4493875772300004,17.7188222055
 10/29  09:00:00,6.896225552739999,7.53489802046
 10/29  10:00:00,6.49282427446,0.0
 10/29  11:00:00,6.49282427446,0.0
 10/29  12:00:00,6.49282427446,0.0
 10/29  13:00:00,6.49282427446,0.0
 10/29  14:00:00,6.49282427446,0.0
 10/29  15:00:00,6.49282427446,0.0
 10/29  16:00:00,6.49282427446,0.0
 10/29  17:00:00,6.49282427446,0.0
 10/29  18:00:00,15.4158242745,0.0
 10/29  19:00:00,15.4158242745,0.0
 10/29  20:00:00,15.4158242745,0.0
 10/29  21:00:00,15.4158242745,0.0
 10/29  22:00:00,15.4158242745,0.0
 10/29  23:00:00,15.4158242745,0.0
 10/29  24:00:00,15.4158242745,0.0
 10/30  01:00:00,15.7670846332,6.55827366964
 10/30  02:00:00,16.101626552,12.862968983900002
 10/30  03:00:00,16.0817647453,12.4266375981
 10/30  04:00:00,16.0649464696,12.114164884000001
 10/30  05:00:00,16.4326959953,18.9282017804
 10/30  06:00:00,26.4709176894,28.370152108499997
 10/30  07:00:00,43.9866568576,19.4611147802
 10/30  08:00:00,57.5164630143,12.3928711058
 10/30  09:00:00,69.4905118851,7.55828921342
 10/30  10:00:00,69.4905118851,6.67326984452
 10/30  11:00:00,69.4905118851,5.741429205499999
 10/30  12:00:00,62.9976876107,5.45767308171
 10/30  13:00:00,69.4905118851,4.44385310239
 10/30  14:00:00,69.4905118851,4.02259630508
 10/30  15:00:00,69.4905118851,3.35814250769
 10/30  16:00:00,69.4905118851,2.0648504277599997
 10/30  17:00:00,20.490072501500002,0.0
 10/30  18:00:00,15.4158242745,0.0
 10/30  19:00:00,15.6051450147,3.5782760527199997
 10/30  20:00:00,15.797632634600001,7.16508224141
 10/30  21:00:00,15.9090306403,9.21573245377
 10/30  22:00:00,16.0189920587,11.2776875887
 10/30  23:00:00,15.8999123398,9.07823524182
 10/30  24:00:00,15.7924951202,7.05019748112
 10/31  01:00:00,15.7730003972,6.69367750895
 10/31  02:00:00,15.7865389823,6.9451012395200005
 10/31  03:00:00,15.827974924100001,7.72263783975
 10/31  04:00:00,16.0303631785,11.525254116
 10/31  05:00:00,15.9683734911,10.3161589052
 10/31  06:00:00,26.4709176894,18.4244577748
 10/31  07:00:00,43.9866568576,10.2631199601
 10/31  08:00:00,57.5164630143,7.393697003400001
 10/31  09:00:00,69.4905118851,5.677345925959999
 10/31  10:00:00,69.4905118851,3.9775684121300006
 10/31  11:00:00,69.4905118851,2.29061307113
 10/31  12:00:00,62.9976876107,1.4769221121599998
 10/31  13:00:00,69.4905118851,0.135253134781
 10/31  14:00:00,69.4905118851,0.0
 10/31  15:00:00,69.4905118851,0.0
 10/31  16:00:00,69.4905118851,0.0
 10/31  17:00:00,20.490072501500002,0.0
 10/31  18:00:00,15.4158242745,0.0
 10/31  19:00:00,15.4158242745,0.0
 10/31  20:00:00,15.4158242745,0.0
 10/31  21:00:00,15.4158242745,0.0
 10/31  22:00:00,15.4158242745,0.0
 10/31  23:00:00,15.4158242745,0.0
 10/31  24:00:00,15.4158242745,0.0
 11/01  01:00:00,15.4158242745,0.0
 11/01  02:00:00,16.2651536166,15.8651953275
 11/01  03:00:00,16.4315545747,18.9686208438
 11/01  04:00:00,17.417327151600002,37.9493522332
 11/01  05:00:00,17.2537176277,35.0622776239
 11/01  06:00:00,26.4709176894,69.4622027763
 11/01  07:00:00,43.9866568576,58.2620340253
 11/01  08:00:00,57.5164630143,48.9116768679
 11/01  09:00:00,69.4905118851,29.241073390500002
 11/01  10:00:00,69.4905118851,11.0394597375
 11/01  11:00:00,69.4905118851,5.59332907745
 11/01  12:00:00,62.9976876107,5.0772719973500005
 11/01  13:00:00,69.4905118851,4.06243593623
 11/01  14:00:00,69.4905118851,3.54819950125
 11/01  15:00:00,69.4905118851,3.43345560442
 11/01  16:00:00,69.4905118851,4.11630393205
 11/01  17:00:00,20.490072501500002,0.0
 11/01  18:00:00,15.6935244113,5.1845548918099995
 11/01  19:00:00,15.977918217300001,10.4366610306
 11/01  20:00:00,16.1095882905,12.9934729549
 11/01  21:00:00,16.2950297474,16.2584541919
 11/01  22:00:00,16.3352813235,17.3066772628
 11/01  23:00:00,16.5008237399,20.3495202988
 11/01  24:00:00,16.5392872736,21.371832759700002
 11/02  01:00:00,16.6540818102,23.3438706669
 11/02  02:00:00,16.6371374525,23.3316200378
 11/02  03:00:00,16.737282853299998,24.9707745663
 11/02  04:00:00,16.7229676627,25.0440183886
 11/02  05:00:00,16.8171042661,26.5401102925
 11/02  06:00:00,26.4709176894,39.1864667535
 11/02  07:00:00,43.9866568576,31.1410002679
 11/02  08:00:00,57.5164630143,22.280801078699998
 11/02  09:00:00,69.4905118851,10.0356233377
 11/02  10:00:00,69.4905118851,5.835367450030001
 11/02  11:00:00,69.4905118851,3.6645233869199996
 11/02  12:00:00,62.9976876107,2.1921314922099997
 11/02  13:00:00,69.4905118851,0.302586244478
 11/02  14:00:00,69.4905118851,0.0
 11/02  15:00:00,69.4905118851,0.0
 11/02  16:00:00,69.4905118851,0.0
 11/02  17:00:00,20.490072501500002,0.0
 11/02  18:00:00,15.4158242745,0.0
 11/02  19:00:00,15.4158242745,0.0
 11/02  20:00:00,15.4158242745,0.0
 11/02  21:00:00,15.4158242745,0.0
 11/02  22:00:00,15.4158242745,0.0
 11/02  23:00:00,15.4158242745,0.0
 11/02  24:00:00,15.6338365023,4.09639550168
 11/03  01:00:00,15.6566786079,4.534385297219999
 11/03  02:00:00,15.7194343184,5.687353448960001
 11/03  03:00:00,15.7476256945,6.2224171880400005
 11/03  04:00:00,15.761758125799998,6.48971572886
 11/03  05:00:00,15.764023272200001,6.535464360900001
 11/03  06:00:00,26.4709176894,14.629947277000001
 11/03  07:00:00,43.9866568576,9.90584082669
 11/03  08:00:00,57.5164630143,7.330750117260001
 11/03  09:00:00,69.4905118851,5.46572633299
 11/03  10:00:00,69.4905118851,4.2920669869
 11/03  11:00:00,69.4905118851,3.19302100194
 11/03  12:00:00,62.9976876107,2.13602024552
 11/03  13:00:00,69.4905118851,0.054141053643500005
 11/03  14:00:00,69.4905118851,0.0
 11/03  15:00:00,69.4533088399,0.32686793582400003
 11/03  16:00:00,69.465709855,1.43710561792
 11/03  17:00:00,20.490072501500002,0.0
 11/03  18:00:00,15.4158242745,0.0
 11/03  19:00:00,15.4158242745,0.0
 11/03  20:00:00,15.4158242745,0.0
 11/03  21:00:00,15.4158242745,0.0
 11/03  22:00:00,15.7423356469,6.13006886789
 11/03  23:00:00,15.8544711514,8.239290610700001
 11/03  24:00:00,16.0800578246,12.4932530123
 11/04  01:00:00,16.2493820695,15.830663256500001
 11/04  02:00:00,16.408814736700002,19.0842368528
 11/04  03:00:00,16.573135556300002,21.9594960738
 11/04  04:00:00,16.7449545022,25.6244631277
 11/04  05:00:00,16.9642185879,29.4957522607
 11/04  06:00:00,16.9770728542,30.205127487800002
 11/04  07:00:00,23.4965843561,46.0685247645
 11/04  08:00:00,18.5595173675,40.733217269499995
 11/04  09:00:00,28.2564311586,33.8472821283
 11/04  10:00:00,28.2564311586,30.062210740799998
 11/04  11:00:00,28.2564311586,26.6083933913
 11/04  12:00:00,17.547917689400002,26.0648393777
 11/04  13:00:00,17.547917689400002,24.6524764489
 11/04  14:00:00,17.547917689400002,24.2274711508
 11/04  15:00:00,17.547917689400002,24.7060158665
 11/04  16:00:00,7.51481197377,19.0522862916
 11/04  17:00:00,9.194467626689999,22.574413562100002
 11/04  18:00:00,16.7080917187,24.5908925237
 11/04  19:00:00,16.8612505438,27.3077727242
 11/04  20:00:00,16.8183925071,26.850354669699996
 11/04  21:00:00,16.9062130667,28.2260100527
 11/04  22:00:00,16.8479224562,27.4928322273
 11/04  23:00:00,16.9575240179,29.265382746799997
 11/04  24:00:00,16.922203764200002,29.0047821725
 11/05  01:00:00,17.0237988702,30.5824277148
 11/05  02:00:00,16.9600358081,29.7924680621
 11/05  03:00:00,17.0531032325,31.178124279000002
 11/05  04:00:00,16.9840192585,30.2921298789
 11/05  05:00:00,17.0812255971,31.7310549148
 11/05  06:00:00,17.0418357763,31.424508434499998
 11/05  07:00:00,14.189762930999999,33.334871564400004
 11/05  08:00:00,8.1271475921,31.610647919699996
 11/05  09:00:00,8.097473239460001,30.6050723361
 11/05  10:00:00,7.904185633039999,27.3082082676
 11/05  11:00:00,7.86971694511,26.288642223000004
 11/05  12:00:00,7.69646622727,23.311681533
 11/05  13:00:00,7.71444469175,23.351977648400002
 11/05  14:00:00,7.715421768500001,23.6595106342
 11/05  15:00:00,7.6962350677,23.00103804
 11/05  16:00:00,7.72541758803,23.873406571900002
 11/05  17:00:00,9.263476868789999,24.5384881737
 11/05  18:00:00,16.7101779639,25.093511217399996
 11/05  19:00:00,16.8310444085,27.062103988
 11/05  20:00:00,16.7970200173,26.787415509899997
 11/05  21:00:00,16.8759414291,27.9233675607
 11/05  22:00:00,16.823046551500003,27.2832760152
 11/05  23:00:00,16.8938701322,28.2560436387
 11/05  24:00:00,16.920964363499998,29.1802378796
 11/06  01:00:00,17.1999797672,34.0788416316
 11/06  02:00:00,17.3152533825,36.8253860321
 11/06  03:00:00,17.6101579277,41.9229702485
 11/06  04:00:00,17.677465974,43.897789375500004
 11/06  05:00:00,17.9369245004,48.1396888216
 11/06  06:00:00,17.907660241800002,48.335803741199996
 11/06  07:00:00,24.983751022699998,71.5815277028
 11/06  08:00:00,38.037990190900004,58.118911838900004
 11/06  09:00:00,57.5164630143,41.5856659012
 11/06  10:00:00,69.4905118851,22.879506656300002
 11/06  11:00:00,69.4905118851,8.604979300610001
 11/06  12:00:00,69.4905118851,4.59386341354
 11/06  13:00:00,62.9976876107,3.4982443727
 11/06  14:00:00,69.4905118851,1.7283968945500001
 11/06  15:00:00,69.4905118851,0.884608984964
 11/06  16:00:00,69.4905118851,0.7411233115539999
 11/06  17:00:00,70.9776785518,1.9833723070599998
 11/06  18:00:00,29.4130725015,0.0
 11/06  19:00:00,16.1651992925,14.0162942096
 11/06  20:00:00,16.2471151653,15.4216792579
 11/06  21:00:00,16.953240636500002,28.7525166587
 11/06  22:00:00,16.792636817200002,25.983623098699997
 11/06  23:00:00,17.4675782021,38.9531964435
 11/06  24:00:00,17.0194135255,30.4354010554
 11/07  01:00:00,17.7347425898,44.2149422579
 11/07  02:00:00,17.1694046554,33.382694614
 11/07  03:00:00,17.7448286325,44.47760688939999
 11/07  04:00:00,17.1122862844,32.3338619484
 11/07  05:00:00,17.7413794819,44.4666129349
 11/07  06:00:00,17.1536381287,33.1761625336
 11/07  07:00:00,24.983751022699998,58.3748784644
 11/07  08:00:00,38.037990190900004,40.4566610391
 11/07  09:00:00,57.5164630143,26.364472440900002
 11/07  10:00:00,69.4905118851,9.81648090477
 11/07  11:00:00,69.4905118851,4.744554496569999
 11/07  12:00:00,69.4905118851,2.3215413910400002
 11/07  13:00:00,62.9976876107,1.23980837086
 11/07  14:00:00,69.4905118851,0.653706585864
 11/07  15:00:00,69.4905118851,0.0183545528312
 11/07  16:00:00,69.4905118851,0.0
 11/07  17:00:00,70.9776785518,0.8200830926229999
 11/07  18:00:00,29.4130725015,0.0
 11/07  19:00:00,15.4158242745,0.0
 11/07  20:00:00,15.4158242745,0.0
 11/07  21:00:00,15.612630684300001,3.7178576473300002
 11/07  22:00:00,15.938880609000002,9.771149707660001
 11/07  23:00:00,16.0711146146,12.2451887824
 11/07  24:00:00,16.095877949200002,12.7942090004
 11/08  01:00:00,16.2335943647,15.4292880926
 11/08  02:00:00,16.1773304292,14.5612388582
 11/08  03:00:00,16.274319649200002,16.2712960855
 11/08  04:00:00,16.3207517166,17.2734137065
 11/08  05:00:00,16.4277016515,19.143537898199998
 11/08  06:00:00,16.3599156899,18.0702817329
 11/08  07:00:00,24.983751022699998,27.5738863346
 11/08  08:00:00,38.037990190900004,17.3397129357
 11/08  09:00:00,57.5164630143,9.2804332497
 11/08  10:00:00,69.4905118851,7.179329570639999
 11/08  11:00:00,69.4905118851,5.7769756149000004
 11/08  12:00:00,69.4905118851,4.671125648159999
 11/08  13:00:00,62.9976876107,4.363097311590001
 11/08  14:00:00,69.4905118851,3.6431436979300003
 11/08  15:00:00,69.4905118851,4.07261351076
 11/08  16:00:00,69.4905118851,4.63523902273
 11/08  17:00:00,70.9776785518,5.32684256316
 11/08  18:00:00,29.4130725015,0.0
 11/08  19:00:00,15.7707688704,6.67517690885
 11/08  20:00:00,15.843297379600001,8.04188202703
 11/08  21:00:00,15.856101049500001,8.26555928709
 11/08  22:00:00,16.1817568518,14.4389516701
 11/08  23:00:00,16.1617282767,13.957605019
 11/08  24:00:00,16.164290447,14.3328071978
 11/09  01:00:00,16.369805353900002,18.044698924000002
 11/09  02:00:00,16.450285278,19.9020516736
 11/09  03:00:00,16.5985609547,22.472037230599998
 11/09  04:00:00,16.7380979076,25.512121239699997
 11/09  05:00:00,16.928571337,28.8468781225
 11/09  06:00:00,16.9268740107,29.2209205168
 11/09  07:00:00,24.983751022699998,43.641469471
 11/09  08:00:00,38.037990190900004,33.5525429778
 11/09  09:00:00,57.5164630143,24.832125807399997
 11/09  10:00:00,69.4905118851,19.1280881325
 11/09  11:00:00,69.4905118851,16.423542338599997
 11/09  12:00:00,69.4905118851,13.388248685499999
 11/09  13:00:00,62.9976876107,12.1580486325
 11/09  14:00:00,69.4905118851,8.62161877392
 11/09  15:00:00,69.4905118851,7.384120107060001
 11/09  16:00:00,69.4905118851,5.88528767434
 11/09  17:00:00,70.9776785518,6.24408458289
 11/09  18:00:00,30.2738064212,16.0565732318
 11/09  19:00:00,16.911368068199998,27.7313119884
 11/09  20:00:00,17.3213240402,36.2649493145
 11/09  21:00:00,17.7607614614,44.2794346879
 11/09  22:00:00,17.8145308038,46.0031066029
 11/09  23:00:00,18.1603278549,51.9574705833
 11/09  24:00:00,18.1616256068,52.8666644192
 11/10  01:00:00,18.463756743,57.8102908305
 11/10  02:00:00,18.3967378548,57.5374701896
 11/10  03:00:00,18.6561178976,61.527192577799994
 11/10  04:00:00,18.5232773324,60.07455851899999
 11/10  05:00:00,18.7895346721,64.1114468964
 11/10  06:00:00,18.636231178800003,62.3383668114
 11/10  07:00:00,24.983751022699998,91.42630035290001
 11/10  08:00:00,38.037990190900004,76.9108417941
 11/10  09:00:00,57.5164630143,57.6023800212
 11/10  10:00:00,69.4905118851,34.8333777463
 11/10  11:00:00,69.4905118851,15.414933288299999
 11/10  12:00:00,69.4905118851,5.08768788781
 11/10  13:00:00,62.9976876107,4.09016929065
 11/10  14:00:00,69.4905118851,2.58391228627
 11/10  15:00:00,69.4905118851,1.9316794986099997
 11/10  16:00:00,69.4905118851,2.22689952737
 11/10  17:00:00,70.9776785518,4.42541191103
 11/10  18:00:00,29.9388471595,9.75649575131
 11/10  19:00:00,16.809555757400002,25.860098260700003
 11/10  20:00:00,16.731623050499998,24.6035803847
 11/10  21:00:00,17.4992388804,39.221705034
 11/10  22:00:00,17.170198639000002,33.4305192913
 11/10  23:00:00,17.8876477248,46.7879655616
 11/10  24:00:00,17.4252661401,38.4793094466
 11/11  01:00:00,18.1665788103,52.1425870796
 11/11  02:00:00,17.637608226199998,42.6607516439
 11/11  03:00:00,18.4703670978,58.041291719499995
 11/11  04:00:00,17.8951856459,47.739026462700004
 11/11  05:00:00,18.728512846199997,63.0681263567
 11/11  06:00:00,18.0471778072,50.7430203367
 11/11  07:00:00,17.4275438771,66.7075228334
 11/11  08:00:00,9.15178116765,51.244296213
 11/11  09:00:00,9.53444648116,57.8879604816
 11/11  10:00:00,8.325840593239999,35.249572097199994
 11/11  11:00:00,8.17581782271,31.9100133686
 11/11  12:00:00,7.333433416989998,16.0517807519
 11/11  13:00:00,6.96494523763,8.918157653789999
 11/11  14:00:00,6.81909603741,6.08835347659
 11/11  15:00:00,6.7491148038199995,4.782255136540001
 11/11  16:00:00,6.6641252495300005,3.2174254636799997
 11/11  17:00:00,8.3760232285,7.6075789871
 11/11  18:00:00,16.2911443573,16.6245242434
 11/11  19:00:00,16.691385207,24.5308840825
 11/11  20:00:00,16.9909095249,29.929515325100002
 11/11  21:00:00,17.0678179246,31.855158930100004
 11/11  22:00:00,17.2641557137,35.165797414000004
 11/11  23:00:00,17.2714994414,35.8483885181
 11/11  24:00:00,17.4494961627,38.7384195309
 11/12  01:00:00,17.4494890663,39.3344158091
 11/12  02:00:00,17.5263669953,40.2151680263
 11/12  03:00:00,17.3525425831,37.4470580737
 11/12  04:00:00,17.4101112432,37.9993383579
 11/12  05:00:00,17.2565438582,35.596548787399996
 11/12  06:00:00,17.330706853699997,36.5051260858
 11/12  07:00:00,15.8059529771,36.3145556868
 11/12  08:00:00,8.447661170189999,37.2691593239
 11/12  09:00:00,8.137822871560001,31.796662955100004
 11/12  10:00:00,7.93207682008,27.4446675838
 11/12  11:00:00,7.513952798039999,19.7166175198
 11/12  12:00:00,7.15840504084,12.747786783199999
 11/12  13:00:00,6.8820661975199995,7.48736933905
 11/12  14:00:00,6.55534462362,1.15683571665
 11/12  15:00:00,6.49282427446,0.0
 11/12  16:00:00,6.75221655908,4.85927798817
 11/12  17:00:00,8.332575362510001,6.779170078200001
 11/12  18:00:00,16.2595798451,16.3008227939
 11/12  19:00:00,16.1480161844,14.136482001500001
 11/12  20:00:00,16.54851765,21.751166313000002
 11/12  21:00:00,16.3182937141,17.3147376573
 11/12  22:00:00,16.6737791352,24.1604529543
 11/12  23:00:00,16.3764190497,18.4381575976
 11/12  24:00:00,16.7573163101,25.7777752511
 11/13  01:00:00,16.421057577,19.3020877631
 11/13  02:00:00,16.8255482116,27.1011339804
 11/13  03:00:00,16.4710320466,20.2659424358
 11/13  04:00:00,16.7988612085,26.591457572600003
 11/13  05:00:00,16.385708285299998,18.6288794975
 11/13  06:00:00,16.7008825926,24.709816968000002
 11/13  07:00:00,24.983751022699998,30.9612974097
 11/13  08:00:00,38.037990190900004,19.220970435
 11/13  09:00:00,57.5164630143,10.033686077
 11/13  10:00:00,69.4905118851,7.87342810844
 11/13  11:00:00,69.4905118851,6.68647483623
 11/13  12:00:00,69.4905118851,5.74070838444
 11/13  13:00:00,62.9976876107,5.5139653072899995
 11/13  14:00:00,69.4905118851,5.06033481337
 11/13  15:00:00,69.4905118851,5.346911958590001
 11/13  16:00:00,69.4905118851,5.274712632
 11/13  17:00:00,72.4648452185,5.4113746336099995
 11/13  18:00:00,29.4130725015,0.0
 11/13  19:00:00,15.5791405024,3.1001349592799996
 11/13  20:00:00,15.521798266600001,1.97333792801
 11/13  21:00:00,15.6678993608,4.753130344890001
 11/13  22:00:00,15.4158242745,0.0
 11/13  23:00:00,15.4158242745,0.0
 11/13  24:00:00,15.6480767819,4.38090398169
 11/14  01:00:00,15.4158242745,0.0
 11/14  02:00:00,15.7387417192,6.08211533589
 11/14  03:00:00,16.2638807864,16.1925155687
 11/14  04:00:00,16.2896695097,16.7340518136
 11/14  05:00:00,16.9476762391,29.307890435700003
 11/14  06:00:00,16.8009881405,26.6272034771
 11/14  07:00:00,26.4709176894,55.86008568689999
 11/14  08:00:00,38.037990190900004,42.4644398286
 11/14  09:00:00,57.5164630143,28.6740203593
 11/14  10:00:00,69.4905118851,14.0225619066
 11/14  11:00:00,69.4905118851,6.070256949299999
 11/14  12:00:00,69.4905118851,4.82136072448
 11/14  13:00:00,62.9976876107,5.13031301787
 11/14  14:00:00,69.4905118851,3.35208215374
 11/14  15:00:00,69.4905118851,2.6290100811
 11/14  16:00:00,69.4905118851,2.7941386020200003
 11/14  17:00:00,72.4648452185,4.51639794159
 11/14  18:00:00,29.9259752623,9.544015190489999
 11/14  19:00:00,16.7577296548,24.9512935385
 11/14  20:00:00,16.6474047317,22.9912743526
 11/14  21:00:00,17.3117536421,35.8162023039
 11/14  22:00:00,16.9220446503,28.5702107784
 11/14  23:00:00,17.5496844253,40.5044832803
 11/14  24:00:00,17.137588182400002,32.8211867284
 11/15  01:00:00,17.8183390459,45.759377055200005
 11/15  02:00:00,17.314901582,36.3134823671
 11/15  03:00:00,18.1615085418,52.425282224700005
 11/15  04:00:00,17.6094100818,42.0142725459
 11/15  05:00:00,18.5256553273,59.4792988595
 11/15  06:00:00,17.8665614664,47.0038511392
 11/15  07:00:00,26.4709176894,84.8431679254
 11/15  08:00:00,38.037990190900004,64.59848622199999
 11/15  09:00:00,57.5164630143,48.302336045299995
 11/15  10:00:00,69.4905118851,30.9119249326
 11/15  11:00:00,69.4905118851,15.8051658993
 11/15  12:00:00,69.4905118851,5.74599835281
 11/15  13:00:00,62.9976876107,4.74977531102
 11/15  14:00:00,69.4905118851,3.26429752518
 11/15  15:00:00,69.4905118851,2.4725523828
 11/15  16:00:00,69.4905118851,2.55522893352
 11/15  17:00:00,72.4648452185,4.98161672399
 11/15  18:00:00,30.2815969319,16.1365134094
 11/15  19:00:00,16.8729000027,26.934649718499998
 11/15  20:00:00,17.1144280961,31.9639390668
 11/15  21:00:00,17.5649621067,40.5131047133
 11/15  22:00:00,17.6473243776,42.4439618119
 11/15  23:00:00,17.995154314300002,48.848805384799995
 11/15  24:00:00,17.9794866383,48.95729846729999
 11/16  01:00:00,18.3852374601,56.4350432332
 11/16  02:00:00,18.2481325476,54.260716162899996
 11/16  03:00:00,18.6111345252,60.866218723500005
 11/16  04:00:00,18.4566259126,58.3935080643
 11/16  05:00:00,18.8927602337,66.3555691771
 11/16  06:00:00,18.704564676300002,63.2901866624
 11/16  07:00:00,26.4709176894,92.6882057107
 11/16  08:00:00,38.037990190900004,78.5278378527
 11/16  09:00:00,57.5164630143,60.170611221899996
 11/16  10:00:00,69.4905118851,37.0729655215
 11/16  11:00:00,69.4905118851,19.0594833892
 11/16  12:00:00,69.4905118851,7.464819849510001
 11/16  13:00:00,62.9976876107,6.3965770186699995
 11/16  14:00:00,69.4905118851,6.241885401499999
 11/16  15:00:00,69.4905118851,5.378802615340001
 11/16  16:00:00,69.4905118851,4.748410520369999
 11/16  17:00:00,72.4648452185,5.931156805310001
 11/16  18:00:00,30.180414101799997,14.314551551700001
 11/16  19:00:00,16.7789557893,25.2148976701
 11/16  20:00:00,16.9711168139,29.281551860100002
 11/16  21:00:00,17.1743687714,33.1084407904
 11/16  22:00:00,17.0782542581,31.5314367042
 11/16  23:00:00,17.2649234233,34.9731924033
 11/16  24:00:00,17.186943585799998,33.7218976496
 11/17  01:00:00,17.3599735412,36.8815259462
 11/17  02:00:00,17.2645513054,35.2865397307
 11/17  03:00:00,17.4594149546,38.8671513925
 11/17  04:00:00,17.360132785,37.1976739486
 11/17  05:00:00,17.5401491044,40.4853532355
 11/17  06:00:00,17.4026167754,38.0663321557
 11/17  07:00:00,26.4709176894,58.39395815020001
 11/17  08:00:00,38.037990190900004,46.8345203428
 11/17  09:00:00,57.5164630143,33.800091919
 11/17  10:00:00,69.4905118851,20.8145405548
 11/17  11:00:00,69.4905118851,10.9585090749
 11/17  12:00:00,69.4905118851,7.09210611908
 11/17  13:00:00,62.9976876107,6.58738550362
 11/17  14:00:00,69.4905118851,6.52643824859
 11/17  15:00:00,69.4905118851,6.751835023130001
 11/17  16:00:00,69.4905118851,6.9534368764
 11/17  17:00:00,72.4648452185,7.419008580560001
 11/17  18:00:00,30.2017039166,14.7191913931
 11/17  19:00:00,16.492095346,19.9536236519
 11/17  20:00:00,16.3961841873,18.2634239146
 11/17  21:00:00,16.4484620396,19.1522103968
 11/17  22:00:00,16.3718543026,18.091605889700002
 11/17  23:00:00,16.4922456997,20.3179981583
 11/17  24:00:00,16.4435764984,19.4826589073
 11/18  01:00:00,16.4554563668,19.665875388299998
 11/18  02:00:00,16.5297333099,21.188326484
 11/18  03:00:00,16.9526132614,29.2131555628
 11/18  04:00:00,17.0677617096,31.557528245
 11/18  05:00:00,17.2619512988,35.1229962715
 11/18  06:00:00,17.1932418376,33.9603944458
 11/18  07:00:00,17.4194520884,38.1457829327
 11/18  08:00:00,17.547917689400002,52.1455712805
 11/18  09:00:00,18.5595173675,43.3920493675
 11/18  10:00:00,28.2564311586,32.8202621719
 11/18  11:00:00,28.2564311586,24.5343275531
 11/18  12:00:00,28.2564311586,17.9741987967
 11/18  13:00:00,17.547917689400002,15.1313530773
 11/18  14:00:00,17.547917689400002,11.1207546823
 11/18  15:00:00,17.547917689400002,9.869372092419999
 11/18  16:00:00,17.547917689400002,12.224792902999999
 11/18  17:00:00,10.3651521728,16.6770827289
 11/18  18:00:00,16.8828494354,27.1157156477
 11/18  19:00:00,17.2170420857,33.9829955928
 11/18  20:00:00,17.704914373399998,43.2080953684
 11/18  21:00:00,17.7961835278,45.32153623
 11/18  22:00:00,18.1914593718,52.6328476129
 11/18  23:00:00,18.207792201500002,53.4252949854
 11/18  24:00:00,18.7457604543,63.3998285179
 11/19  01:00:00,18.6003186181,61.174677951499994
 11/19  02:00:00,18.945214971800002,67.316356483
 11/19  03:00:00,18.728196947,63.7330066564
 11/19  04:00:00,19.1378980581,71.0884883009
 11/19  05:00:00,18.8895609054,66.9404278559
 11/19  06:00:00,19.3035006778,74.3282387856
 11/19  07:00:00,18.970051935,68.5375987984
 11/19  08:00:00,10.2655220725,72.1163091487
 11/19  09:00:00,9.63658507825,60.4604663079
 11/19  10:00:00,9.501490930160001,57.42252963479999
 11/19  11:00:00,8.89784637689,46.1032068397
 11/19  12:00:00,8.75636513766,43.1868770846
 11/19  13:00:00,8.35980072664,35.7698924975
 11/19  14:00:00,8.310023616339999,34.6476505993
 11/19  15:00:00,8.09628477328,30.7087703791
 11/19  16:00:00,8.31732528048,34.8913814503
 11/19  17:00:00,11.3278034202,35.6577770189
 11/19  18:00:00,17.5976216107,41.6932294723
 11/19  19:00:00,17.5183218583,40.306141730300006
 11/19  20:00:00,17.7341716271,44.3035882117
 11/19  21:00:00,17.5803043787,41.5052132511
 11/19  22:00:00,17.7621298113,44.849387317799994
 11/19  23:00:00,17.5551609563,41.013899485500005
 11/19  24:00:00,17.709054384,43.8486477514
 11/20  01:00:00,17.5171407631,40.3081149248
 11/20  02:00:00,17.6734594378,43.1921075471
 11/20  03:00:00,17.489997836500002,39.804515445300005
 11/20  04:00:00,17.6500825525,42.760340137600004
 11/20  05:00:00,17.501355705599998,40.0341064825
 11/20  06:00:00,17.682972253,43.4123823812
 11/20  07:00:00,26.4709176894,58.1510872688
 11/20  08:00:00,38.037990190900004,48.085152834700004
 11/20  09:00:00,57.5164630143,40.974718572600004
 11/20  10:00:00,69.4905118851,33.680291531900004
 11/20  11:00:00,69.4905118851,32.7101591794
 11/20  12:00:00,69.4905118851,29.779868234899997
 11/20  13:00:00,62.9976876107,28.6144301312
 11/20  14:00:00,69.4905118851,24.9375395263
 11/20  15:00:00,69.4905118851,23.848899796999998
 11/20  16:00:00,69.4905118851,22.0919063863
 11/20  17:00:00,72.4648452185,19.9157036263
 11/20  18:00:00,30.4988724895,20.2574384933
 11/20  19:00:00,16.4018045472,18.3416354276
 11/20  20:00:00,16.8185271055,26.350112693899998
 11/20  21:00:00,16.491436009,20.3353820761
 11/20  22:00:00,16.867660095599998,27.5120862879
 11/20  23:00:00,16.52375447,21.087103981
 11/20  24:00:00,17.0020427851,30.1992739017
 11/21  01:00:00,16.6872494688,24.30817662
 11/21  02:00:00,17.272876936,35.488139643800004
 11/21  03:00:00,16.9490479523,29.3950088194
 11/21  04:00:00,17.6318167861,42.425439368
 11/21  05:00:00,17.1502736678,33.2991772883
 11/21  06:00:00,17.7621886626,44.9997048454
 11/21  07:00:00,26.4709176894,57.093357011
 11/21  08:00:00,38.037990190900004,47.58933663649999
 11/21  09:00:00,57.5164630143,35.448654457399996
 11/21  10:00:00,69.4905118851,21.3423907528
 11/21  11:00:00,69.4905118851,12.832482069600001
 11/21  12:00:00,69.4905118851,6.902250093180001
 11/21  13:00:00,62.9976876107,5.0696021591300005
 11/21  14:00:00,69.4905118851,3.83997858773
 11/21  15:00:00,69.4905118851,3.30919615417
 11/21  16:00:00,69.4905118851,3.62612638996
 11/21  17:00:00,72.4648452185,9.359155808839999
 11/21  18:00:00,30.609044604,22.1928658851
 11/21  19:00:00,17.2584942419,34.210237507600006
 11/21  20:00:00,17.509008989,39.6641127062
 11/21  21:00:00,17.910332402999998,47.039210661300004
 11/21  22:00:00,17.9055321685,47.5148124901
 11/21  23:00:00,18.2428279021,53.5323843021
 11/21  24:00:00,18.3367202139,56.0513213716
 11/22  01:00:00,18.7772275435,63.8785071175
 11/22  02:00:00,18.5925689559,61.159853506400005
 11/22  03:00:00,18.9093049775,66.48151325020001
 11/22  04:00:00,18.7430285945,64.2074995714
 11/22  05:00:00,19.1313038996,70.8147676746
 11/22  06:00:00,18.9547496653,68.4377093886
 11/22  07:00:00,26.4709176894,99.5761034281
 11/22  08:00:00,38.037990190900004,86.1354458743
 11/22  09:00:00,57.5164630143,73.8313113482
 11/22  10:00:00,69.4905118851,62.2621775437
 11/22  11:00:00,69.4905118851,53.698718972399995
 11/22  12:00:00,69.4905118851,42.000110551300004
 11/22  13:00:00,62.9976876107,33.1033306098
 11/22  14:00:00,69.4905118851,23.689446470500002
 11/22  15:00:00,69.4905118851,19.1623742834
 11/22  16:00:00,69.4905118851,20.3751455216
 11/22  17:00:00,72.4648452185,27.8785683295
 11/22  18:00:00,31.299326159,34.9229798677
 11/22  19:00:00,17.4811164802,38.7945197897
 11/22  20:00:00,18.548288381600003,59.1977246947
 11/22  21:00:00,17.947718501300002,48.0757901845
 11/22  22:00:00,18.965100013900003,67.449753922
 11/22  23:00:00,18.1667749421,52.4302177274
 11/22  24:00:00,19.140543504300002,70.9964633385
 11/23  01:00:00,18.231147531199998,53.7747931154
 11/23  02:00:00,19.1686484498,71.6738700224
 11/23  03:00:00,18.2942063633,55.093844563699996
 11/23  04:00:00,19.2979933879,74.3016195844
 11/23  05:00:00,18.3717488727,56.670020448900004
 11/23  06:00:00,19.35508312,75.4948025729
 11/23  07:00:00,18.423258503499998,57.723746186099994
 11/23  08:00:00,11.9204770001,75.4429502042
 11/23  09:00:00,9.21620854228,51.9261359539
 11/23  10:00:00,9.545633831510001,57.9176675741
 11/23  11:00:00,8.28752841676,33.8940707354
 11/23  12:00:00,8.27912265396,33.5138254599
 11/23  13:00:00,7.42542369045,17.2250350292
 11/23  14:00:00,7.447090105339999,17.7264724259
 11/23  15:00:00,7.176040439260001,12.6811500485
 11/23  16:00:00,7.18905224525,13.0070554082
 11/23  17:00:00,10.6119997926,21.292787182999998
 11/23  18:00:00,17.0604244815,31.278417758000003
 11/23  19:00:00,17.6534927115,42.3859911355
 11/23  20:00:00,17.8011739958,45.70655303979999
 11/23  21:00:00,18.1974482768,52.8509755129
 11/23  22:00:00,18.163967099100002,52.872035661000005
 11/23  23:00:00,18.4489387623,57.717536544
 11/23  24:00:00,18.335899651600002,56.2975239336
 11/24  01:00:00,18.6125190648,60.8951276366
 11/24  02:00:00,18.3040472629,55.707150391199995
 11/24  03:00:00,18.378389375799998,56.4105252495
 11/24  04:00:00,18.1359559964,52.4472070832
 11/24  05:00:00,18.3287534755,55.4919754967
 11/24  06:00:00,18.1414620312,52.58586173850001
 11/24  07:00:00,26.4709176894,76.83570821939999
 11/24  08:00:00,39.5251568576,64.5747485489
 11/24  09:00:00,57.5164630143,49.8549071903
 11/24  10:00:00,69.4905118851,33.8804215471
 11/24  11:00:00,69.4905118851,21.1788427067
 11/24  12:00:00,69.4905118851,10.402335136
 11/24  13:00:00,62.9976876107,7.36474136452
 11/24  14:00:00,69.4905118851,6.62632522248
 11/24  15:00:00,69.4905118851,6.0602082603600005
 11/24  16:00:00,69.4905118851,6.1305401150900005
 11/24  17:00:00,72.4648452185,7.231081003280001
 11/24  18:00:00,30.294062494299997,16.391873480799998
 11/24  19:00:00,16.7749300305,25.153863762100002
 11/24  20:00:00,16.9247241808,28.488876878699998
 11/24  21:00:00,17.1872618325,33.421911893600004
 11/24  22:00:00,17.2363168274,34.6570336331
 11/24  23:00:00,17.694472198099998,43.2705839665
 11/24  24:00:00,17.8175321956,45.9554699572
 11/25  01:00:00,18.263145453099998,54.2464101854
 11/25  02:00:00,18.231374722400002,54.0661053284
 11/25  03:00:00,18.6536022962,61.8111850595
 11/25  04:00:00,18.524126245999998,59.8227079783
 11/25  05:00:00,18.976217252999998,68.0690371455
 11/25  06:00:00,18.774522923299998,64.7568136231
 11/25  07:00:00,19.228783172,72.9723563241
 11/25  08:00:00,19.0350843561,97.8920165037
 11/25  09:00:00,18.5595173675,82.0611676213
 11/25  10:00:00,28.2564311586,61.4695094082
 11/25  11:00:00,28.2564311586,42.2252756364
 11/25  12:00:00,28.2564311586,27.517008802800003
 11/25  13:00:00,17.547917689400002,21.6162619205
 11/25  14:00:00,17.547917689400002,17.6148720401
 11/25  15:00:00,17.547917689400002,17.897797676
 11/25  16:00:00,17.547917689400002,22.084268936500003
 11/25  17:00:00,10.667365598,22.2170924839
 11/25  18:00:00,16.725711485799998,24.4847536432
 11/25  19:00:00,17.497307952699998,39.1671870408
 11/25  20:00:00,17.1438303134,32.795521683800004
 11/25  21:00:00,17.9194260202,47.4003636442
 11/25  22:00:00,17.526601985899998,40.2771577603
 11/25  23:00:00,18.3279503309,55.292818952
 11/25  24:00:00,17.7297367488,44.297970945900005
 11/26  01:00:00,18.6315409663,61.1980257798
 11/26  02:00:00,17.9485040166,48.599220490600004
 11/26  03:00:00,18.814801964,64.7974368513
 11/26  04:00:00,18.0965422901,51.5415321146
 11/26  05:00:00,18.9954740284,68.3424500655
 11/26  06:00:00,18.2179527638,53.9489923809
 11/26  07:00:00,19.2628270146,73.5718551599
 11/26  08:00:00,10.9794310468,57.757807193999994
 11/26  09:00:00,10.0864680766,68.49264596399999
 11/26  10:00:00,8.780295517719999,43.7743735568
 11/26  11:00:00,8.87886836862,45.144328392700004
 11/26  12:00:00,7.993040614389999,28.682583991799998
 11/26  13:00:00,8.35267629034,35.3020574377
 11/26  14:00:00,7.84679061425,25.9879558644
 11/26  15:00:00,8.22979689996,33.0081896407
 11/26  16:00:00,7.88602334104,26.780044838200002
 11/26  17:00:00,12.9691675258,38.307387593499996
 11/26  18:00:00,17.0864596351,32.1261932758
 11/26  19:00:00,17.7113827122,43.7130818888
 11/26  20:00:00,17.1879861322,34.1011333206
 11/26  21:00:00,17.7274204665,44.0219174094
 11/26  22:00:00,17.1975127217,34.2958555084
 11/26  23:00:00,17.7646323676,44.748066261700004
 11/26  24:00:00,17.191378208299998,34.1933866784
 11/27  01:00:00,17.757321077,44.6249516117
 11/27  02:00:00,17.226825765999997,34.8958706647
 11/27  03:00:00,17.8234701109,45.9295030323
 11/27  04:00:00,17.289202858499998,36.1437879165
 11/27  05:00:00,17.9299451177,48.0651203158
 11/27  06:00:00,17.4069745548,38.5016545719
 11/27  07:00:00,26.4709176894,67.55618255739999
 11/27  08:00:00,39.5251568576,50.2880852179
 11/27  09:00:00,57.5164630143,38.727014794
 11/27  10:00:00,69.4905118851,30.0321034069
 11/27  11:00:00,69.4905118851,22.988069965
 11/27  12:00:00,69.4905118851,13.5408993126
 11/27  13:00:00,62.9976876107,6.53379808574
 11/27  14:00:00,69.4905118851,5.28331429967
 11/27  15:00:00,69.4905118851,4.63324170635
 11/27  16:00:00,69.4905118851,5.89676662318
 11/27  17:00:00,73.9520118851,8.850145145880001
 11/27  18:00:00,30.4426653144,19.1819768993
 11/27  19:00:00,17.0259165867,30.1145325217
 11/27  20:00:00,17.20663006,33.979700687800005
 11/27  21:00:00,17.590198222999998,41.35372258
 11/27  22:00:00,17.540979353,40.520955175
 11/27  23:00:00,17.891503106400002,47.2142398524
 11/27  24:00:00,17.7899963413,45.359225546000005
 11/28  01:00:00,18.1493508758,52.2318035728
 11/28  02:00:00,17.9838416344,49.151494961800005
 11/28  03:00:00,18.3702873698,56.5307745923
 11/28  04:00:00,18.1889981216,53.176598098999996
 11/28  05:00:00,18.592440846400002,60.866447666899994
 11/28  06:00:00,18.3438333153,56.2207653297
 11/28  07:00:00,26.4709176894,86.8325685274
 11/28  08:00:00,39.5251568576,77.3526804941
 11/28  09:00:00,57.5164630143,66.4522256169
 11/28  10:00:00,69.4905118851,53.2000611095
 11/28  11:00:00,69.4905118851,41.9193819706
 11/28  12:00:00,69.4905118851,30.7527454572
 11/28  13:00:00,62.9976876107,23.645513698800002
 11/28  14:00:00,69.4905118851,17.058009691
 11/28  15:00:00,69.4409078249,15.6416749267
 11/28  16:00:00,69.4285068098,19.404391963800002
 11/28  17:00:00,73.9520118851,26.182479934099998
 11/28  18:00:00,31.1374339786,31.9549047952
 11/28  19:00:00,17.2457857884,34.2184062235
 11/28  20:00:00,18.2266799396,53.1648666962
 11/28  21:00:00,17.721445981800002,43.676050831400005
 11/28  22:00:00,18.7696646965,63.9199360859
 11/28  23:00:00,18.0030864157,49.2148116276
 11/28  24:00:00,19.270952741400002,73.7893087158
 11/29  01:00:00,18.5039794765,58.9909306346
 11/29  02:00:00,19.475297801900002,77.88057055899999
 11/29  03:00:00,18.459791840799998,58.1824727104
 11/29  04:00:00,19.5588009606,79.5702037163
 11/29  05:00:00,18.5692670395,60.3479103572
 11/29  06:00:00,19.770376921900002,83.7514912508
 11/29  07:00:00,26.4709176894,103.848249524
 11/29  08:00:00,39.5251568576,92.54394832540001
 11/29  09:00:00,57.5164630143,78.0435816287
 11/29  10:00:00,69.4905118851,62.3782262112
 11/29  11:00:00,69.4905118851,48.9749688026
 11/29  12:00:00,69.4905118851,36.6210858145
 11/29  13:00:00,62.9976876107,29.3351696322
 11/29  14:00:00,69.4905118851,24.672969179699997
 11/29  15:00:00,69.4905118851,27.502919707600004
 11/29  16:00:00,69.4905118851,35.263754419899996
 11/29  17:00:00,73.9520118851,44.7434009631
 11/29  18:00:00,31.778415519699998,43.8446879391
 11/29  19:00:00,17.8688146185,46.5230251733
 11/29  20:00:00,18.8734199549,65.4416838102
 11/29  21:00:00,18.131006529100002,51.975053384
 11/29  22:00:00,19.040534634500002,68.8344167318
 11/29  23:00:00,18.2716699516,54.8748337662
 11/29  24:00:00,19.181359863,71.66884718729999
 11/30  01:00:00,18.393642121,57.3604804637
 11/30  02:00:00,19.460369898499998,77.1398261594
 11/30  03:00:00,18.7482941126,64.3673659986
 11/30  04:00:00,19.9403768168,86.5262840349
 11/30  05:00:00,19.0177970742,69.68240253100001
 11/30  06:00:00,20.0647006793,88.97622289790002
 11/30  07:00:00,26.4709176894,110.846908349
 11/30  08:00:00,39.5251568576,96.3225901208
 11/30  09:00:00,57.5164630143,80.42515885569999
 11/30  10:00:00,69.4905118851,61.8253901286
 11/30  11:00:00,69.4905118851,43.4501785734
 11/30  12:00:00,69.4905118851,24.9445640045
 11/30  13:00:00,62.9976876107,11.022830965799999
 11/30  14:00:00,69.4905118851,4.0596823416
 11/30  15:00:00,69.4905118851,3.47556936811
 11/30  16:00:00,69.4905118851,3.66895264004
 11/30  17:00:00,73.9520118851,6.75584754173
 11/30  18:00:00,30.533965806799998,20.7496203074
 11/30  19:00:00,17.2136607768,33.1944200881
 11/30  20:00:00,17.4868535188,39.2391755304
 11/30  21:00:00,17.9113426678,46.9030357695
 11/30  22:00:00,17.99211924,49.263015570600004
 11/30  23:00:00,18.2973332372,54.3953201983
 11/30  24:00:00,18.220529103900002,53.86523286
 12/01  01:00:00,18.4631838832,57.6653778003
 12/01  02:00:00,18.305137141099998,55.645940042
 12/01  03:00:00,18.5439172738,59.320283511199996
 12/01  04:00:00,18.4417637374,58.446189125299995
 12/01  05:00:00,18.7289702722,62.9680498685
 12/01  06:00:00,18.606826255999998,61.8043178059
 12/01  07:00:00,26.4709176894,90.5117120417
 12/01  08:00:00,39.5251568576,78.4993934246
 12/01  09:00:00,57.5164630143,69.0670631937
 12/01  10:00:00,69.4905118851,61.0629594654
 12/01  11:00:00,69.4905118851,57.662690901000005
 12/01  12:00:00,69.4905118851,56.2905261811
 12/01  13:00:00,62.9976876107,57.054696763900004
 12/01  14:00:00,69.4905118851,55.0419615217
 12/01  15:00:00,69.4905118851,54.5326316402
 12/01  16:00:00,69.4905118851,54.917917128
 12/01  17:00:00,73.9520118851,56.464002218400005
 12/01  18:00:00,32.0909353276,50.132503845100004
 12/01  19:00:00,17.9923042157,48.9742954187
 12/01  20:00:00,19.0475309507,69.2820638757
 12/01  21:00:00,18.2539020561,54.3063842951
 12/01  22:00:00,19.3066897152,74.5298702594
 12/01  23:00:00,18.4035053428,57.319638320600006
 12/01  24:00:00,19.4627320104,77.6850657958
 12/02  01:00:00,18.5455895058,60.1583601784
 12/02  02:00:00,19.7052421564,82.5058301257
 12/02  03:00:00,18.7558131859,64.2927449918
 12/02  04:00:00,19.9731619357,87.7956709339
 12/02  05:00:00,18.9386879838,67.873073625
 12/02  06:00:00,20.472502473800002,95.9420662406
 12/02  07:00:00,19.4854849074,82.287444377
 12/02  08:00:00,20.7514744825,145.648582629
 12/02  09:00:00,18.7887408272,128.773051727
 12/02  10:00:00,28.4856546183,109.322536541
 12/02  11:00:00,28.3844447683,90.99272657450001
 12/02  12:00:00,28.1820250683,80.9684006743
 12/02  13:00:00,17.4735115991,78.577728742
 12/02  14:00:00,17.498313629200002,73.5907768413
 12/02  15:00:00,17.5355166744,69.7144327565
 12/02  16:00:00,17.5231156593,71.0086321926
 12/02  17:00:00,14.03122095,57.67696758
 12/02  18:00:00,18.5090853446,59.2154977885
 12/02  19:00:00,20.155213609300002,91.8653668416
 12/02  20:00:00,19.4260042841,86.5961339055
 12/02  21:00:00,20.7369183336,118.299741681
 12/02  22:00:00,19.8586503066,110.88901425799999
 12/02  23:00:00,21.2812046207,144.506303849
 12/02  24:00:00,20.2319746087,131.257418437
 12/03  01:00:00,21.733475772600002,166.96501878
 12/03  02:00:00,20.5537686276,147.60865651
 12/03  03:00:00,21.8940446839,174.20301184599998
 12/03  04:00:00,20.5971023542,150.735549839
 12/03  05:00:00,21.9922293402,179.74488117599998
 12/03  06:00:00,20.7267002459,157.17947138600002
 12/03  07:00:00,22.0998684955,183.525503839
 12/03  08:00:00,14.7318323019,153.532383207
 12/03  09:00:00,12.7024922448,161.43006991200002
 12/03  10:00:00,10.9789703949,116.095482277
 12/03  11:00:00,11.4899182965,109.148472529
 12/03  12:00:00,9.968186445639999,67.2745352893
 12/03  13:00:00,10.1539853298,69.0316333209
 12/03  14:00:00,9.086299631000001,50.073392002
 12/03  15:00:00,9.82065365671,63.41452825060001
 12/03  16:00:00,9.19324660942,52.0755434156
 12/03  17:00:00,14.7939498151,73.33401303710001
 12/03  18:00:00,18.7200454944,64.0563456686
 12/03  19:00:00,20.1747349263,90.5494947624
 12/03  20:00:00,19.3438384039,79.3635151062
 12/03  21:00:00,20.4094539187,100.301540233
 12/03  22:00:00,19.3551492485,80.12344136729999
 12/03  23:00:00,20.3325137167,97.408556942
 12/03  24:00:00,19.2993631734,78.2059844356
 12/04  01:00:00,20.264940357,95.53658395069999
 12/04  02:00:00,19.2192608189,74.7813251896
 12/04  03:00:00,20.1248547643,89.3084937739
 12/04  04:00:00,19.0796554548,67.6682120134
 12/04  05:00:00,20.000092292,84.0348534441
 12/04  06:00:00,19.1355624435,70.45332138010001
 12/04  07:00:00,26.7001411491,123.501233592
 12/04  08:00:00,41.241546984,97.0091311733
 12/04  09:00:00,57.442056923900005,81.5791398378
 12/04  10:00:00,69.4905118851,66.72175094100001
 12/04  11:00:00,69.4905118851,52.42574068770001
 12/04  12:00:00,69.4905118851,38.6462018779
 12/04  13:00:00,62.9976876107,30.8531832481
 12/04  14:00:00,69.4905118851,30.3965319226
 12/04  15:00:00,69.4905118851,32.0128967554
 12/04  16:00:00,69.4905118851,33.7182311633
 12/04  17:00:00,73.9520118851,40.4346437164
 12/04  18:00:00,31.6357182911,41.3919392972
 12/04  19:00:00,17.6433369928,42.2477898641
 12/04  20:00:00,18.6529571749,61.464555421899995
 12/04  21:00:00,18.2029163112,53.432145856800005
 12/04  22:00:00,19.5638027227,79.2938272473
 12/04  23:00:00,18.9050801257,67.2584261129
 12/04  24:00:00,20.259147536300002,92.689286075
 12/05  01:00:00,19.6340056554,85.0188123032
 12/05  02:00:00,21.1567257001,126.16928144799999
 12/05  03:00:00,20.2761689858,122.33755869299999
 12/05  04:00:00,21.913511795999998,163.172584936
 12/05  05:00:00,20.7187661374,147.057269958
 12/05  06:00:00,22.285780805,182.34098745900002
 12/05  07:00:00,26.7001411491,222.480008901
 12/05  08:00:00,41.241546984,204.088071772
 12/05  09:00:00,57.745686473999996,179.03201412
 12/05  10:00:00,69.7197353448,152.208646517
 12/05  11:00:00,69.7197353448,124.05719699299999
 12/05  12:00:00,69.7197353448,96.3995358796
 12/05  13:00:00,63.0244913703,81.4852264915
 12/05  14:00:00,69.4285068098,74.5639998934
 12/05  15:00:00,69.4409078249,75.5427919201
 12/05  16:00:00,69.4409078249,80.3193520719
 12/05  17:00:00,73.87760579479999,89.6554907512
 12/05  18:00:00,33.902292600900005,94.8940943289
 12/05  19:00:00,19.872245775699998,114.14020257600001
 12/05  20:00:00,21.3538414428,149.142151294
 12/05  21:00:00,20.2051863419,130.397362992
 12/05  22:00:00,21.4907306288,154.86461218600002
 12/05  23:00:00,20.297470143399998,134.754140934
 12/05  24:00:00,21.657760549899997,162.518960274
 12/06  01:00:00,20.4419204899,141.83484049700002
 12/06  02:00:00,21.772645242800003,167.91075836299999
 12/06  03:00:00,20.4913414611,144.700324341
 12/06  04:00:00,21.795721150100004,168.93134386
 12/06  05:00:00,20.4991603126,145.337630903
 12/06  06:00:00,21.831708563699998,170.35806379299999
 12/06  07:00:00,26.7001411491,198.424189138
 12/06  08:00:00,41.241546984,175.321904074
 12/06  09:00:00,57.745686473999996,152.468917856
 12/06  10:00:00,69.7197353448,128.317669201
 12/06  11:00:00,69.7197353448,105.321439892
 12/06  12:00:00,69.6185254948,86.94843477229999
 12/06  13:00:00,62.923281520299994,84.28285311350001
 12/06  14:00:00,69.41610579479999,82.499765629
 12/06  15:00:00,69.4285068098,82.1645306138
 12/06  16:00:00,69.4285068098,80.3129946186
 12/06  17:00:00,73.9024078249,79.7371438641
 12/06  18:00:00,32.9889825086,66.5993336197
 12/06  19:00:00,19.077376488800002,73.9794986213
 12/06  20:00:00,20.2264955759,98.23094419579999
 12/06  21:00:00,19.2796934529,82.353118272
 12/06  22:00:00,20.4515602063,108.01658241
 12/06  23:00:00,19.5205970562,93.1067183816
 12/06  24:00:00,20.572391288,111.932501171
 12/07  01:00:00,19.4768018411,90.6993668203
 12/07  02:00:00,20.4730171258,106.654991135
 12/07  03:00:00,19.2987121681,80.12033564939999
 12/07  04:00:00,20.1244310493,90.96724593389999
 12/07  05:00:00,19.0686371808,69.501543923
 12/07  06:00:00,19.9708950316,84.4384476579
 12/07  07:00:00,26.4977214491,96.1439181981
 12/07  08:00:00,40.962719464,78.3454663208
 12/07  09:00:00,57.5164630143,61.900666852600004
 12/07  10:00:00,69.4905118851,46.9548688209
 12/07  11:00:00,69.4905118851,34.4202727751
 12/07  12:00:00,69.4905118851,22.9167564317
 12/07  13:00:00,62.9976876107,16.4896674575
 12/07  14:00:00,69.4905118851,9.176642180439998
 12/07  15:00:00,69.4905118851,5.3407052219699995
 12/07  16:00:00,69.4905118851,7.24246537097
 12/07  17:00:00,73.9520118851,18.6604882536
 12/07  18:00:00,31.056256601599998,30.5160834631
 12/07  19:00:00,17.250059556300002,34.585676663
 12/07  20:00:00,18.244377839400002,53.6462085624
 12/07  21:00:00,17.794059758099998,45.344380101300004
 12/07  22:00:00,18.8837573445,66.233702584
 12/07  23:00:00,18.1927873202,53.1978763853
 12/07  24:00:00,19.275218052,73.9977394574
 12/08  01:00:00,18.500511243800002,59.2607304465
 12/08  02:00:00,19.784927413800002,84.03194207920001
 12/08  03:00:00,18.9384089666,67.8243975069
 12/08  04:00:00,20.4614531675,96.5819052595
 12/08  05:00:00,19.7148845004,86.03820401850001
 12/08  06:00:00,21.116241604000002,119.571384959
 12/08  07:00:00,26.7001411491,147.519818623
 12/08  08:00:00,41.241546984,129.369163203
 12/08  09:00:00,57.745686473999996,111.40042632
 12/08  10:00:00,69.46671071979999,95.96972818260001
 12/08  11:00:00,69.41610579479999,89.2376182188
 12/08  12:00:00,69.4285068098,79.34202518779999
 12/08  13:00:00,62.972885580500005,69.0993124944
 12/08  14:00:00,69.4905118851,60.062483481099996
 12/08  15:00:00,69.4905118851,55.765195830699994
 12/08  16:00:00,69.4905118851,57.998330799799994
 12/08  17:00:00,73.9520118851,70.5064799725
 12/08  18:00:00,33.0146991659,67.4499031773
 12/08  19:00:00,19.3054699259,80.3339656684
 12/08  20:00:00,20.931384723900003,124.644748739
 12/08  21:00:00,20.0056465965,115.91830349799999
 12/08  22:00:00,21.3922389822,147.418833121
 12/08  23:00:00,20.2404662293,128.81829861399999
 12/08  24:00:00,21.4782705711,151.574541773
 12/09  01:00:00,20.1860256271,126.37694102100001
 12/09  02:00:00,21.4168359386,148.46631084700002
 12/09  03:00:00,20.1221928422,122.07963200299999
 12/09  04:00:00,21.2524219709,141.034972481
 12/09  05:00:00,20.0475202628,117.981438684
 12/09  06:00:00,21.2168216568,138.731509488
 12/09  07:00:00,19.9980972053,115.366275678
 12/09  08:00:00,20.7514744825,169.679075808
 12/09  09:00:00,18.7887408272,140.69287093399998
 12/09  10:00:00,28.4856546183,111.26754565200001
 12/09  11:00:00,28.3844447683,86.42530807760001
 12/09  12:00:00,28.1820250683,72.58011082109999
 12/09  13:00:00,17.498313629200002,67.19918701489999
 12/09  14:00:00,17.5231156593,66.9680973037
 12/09  15:00:00,17.547917689400002,67.6354874256
 12/09  16:00:00,17.547917689400002,69.6410720134
 12/09  17:00:00,13.900490997,55.2757484415
 12/09  18:00:00,18.1256871427,51.463632904799994
 12/09  19:00:00,19.1771540182,71.67142887770001
 12/09  20:00:00,18.3345271906,55.7583682358
 12/09  21:00:00,19.3575126655,75.39943119520001
 12/09  22:00:00,18.4067369692,57.28903847
 12/09  23:00:00,19.405696592,76.4897096401
 12/09  24:00:00,18.414541074200002,57.5377005996
 12/10  01:00:00,19.3572865888,75.65312507430001
 12/10  02:00:00,18.3502038267,56.3479809113
 12/10  03:00:00,19.308242043699998,74.7689297954
 12/10  04:00:00,18.354495388,56.4802918772
 12/10  05:00:00,19.3440390254,75.5294757107
 12/10  06:00:00,18.4033502421,57.4737502282
 12/10  07:00:00,19.4822099384,78.2776850575
 12/10  08:00:00,12.5660303148,59.625536422399996
 12/10  09:00:00,10.769208963399999,82.0471833392
 12/10  10:00:00,10.0778657955,69.4564213451
 12/10  11:00:00,11.353529192,97.1558128496
 12/10  12:00:00,10.4661998166,84.7749618096
 12/10  13:00:00,11.7814945674,114.358857514
 12/10  14:00:00,10.5845247734,93.26972532010001
 12/10  15:00:00,11.860919692000001,119.60467294200001
 12/10  16:00:00,10.751245861300001,100.299409596
 12/10  17:00:00,16.741306943599998,135.204218124
 12/10  18:00:00,20.104927398399997,120.596450788
 12/10  19:00:00,21.7315809983,158.998275176
 12/10  20:00:00,20.4545525022,139.654271852
 12/10  21:00:00,22.1105151574,176.53990203
 12/10  22:00:00,20.7064057294,152.72760912799998
 12/10  23:00:00,22.378338097199997,189.317754931
 12/10  24:00:00,20.911507945,164.133926073
 12/11  01:00:00,22.6363368779,201.62060063099997
 12/11  02:00:00,21.0751896788,173.022123651
 12/11  03:00:00,22.7796391127,209.35898445200002
 12/11  04:00:00,21.194617836,180.05103381599997
 12/11  05:00:00,22.8670638635,213.39889880599998
 12/11  06:00:00,21.1782528702,179.62488340599998
 12/11  07:00:00,26.7001411491,257.43814636900004
 12/11  08:00:00,41.241546984,224.349040952
 12/11  09:00:00,57.745686473999996,201.69567866900002
 12/11  10:00:00,69.7197353448,183.661786357
 12/11  11:00:00,69.7197353448,178.879044319
 12/11  12:00:00,69.7197353448,180.588711765
 12/11  13:00:00,63.2269110704,187.44654932
 12/11  14:00:00,69.7197353448,181.598120392
 12/11  15:00:00,69.7197353448,179.562162357
 12/11  16:00:00,69.7197353448,181.051401888
 12/11  17:00:00,74.1812353448,185.888070123
 12/11  18:00:00,35.527664097199995,174.49408446700002
 12/11  19:00:00,21.000001159900002,175.32734001900002
 12/11  20:00:00,22.6990232781,212.090670343
 12/11  21:00:00,21.300018641199998,188.84219630400003
 12/11  22:00:00,23.057027534499998,228.479756522
 12/11  23:00:00,21.6387796308,205.58272742
 12/11  24:00:00,23.3844507138,243.864589165
 12/12  01:00:00,21.881921479099997,218.64045946599998
 12/12  02:00:00,23.6400424015,257.454179687
 12/12  03:00:00,22.0811072554,229.71540654400002
 12/12  04:00:00,23.842313037199997,268.753832546
 12/12  05:00:00,22.3180162237,244.031928021
 12/12  06:00:00,24.089781014699998,285.994884317
 12/12  07:00:00,26.7001411491,340.883464841
 12/12  08:00:00,42.7287136506,325.434015065
 12/12  09:00:00,57.745686473999996,302.214154329
 12/12  10:00:00,69.7197353448,276.718835433
 12/12  11:00:00,69.7197353448,255.12183647700002
 12/12  12:00:00,69.7197353448,231.866280558
 12/12  13:00:00,63.2269110704,217.66047685900003
 12/12  14:00:00,69.7197353448,201.88598220900002
 12/12  15:00:00,69.7197353448,191.759803213
 12/12  16:00:00,69.7197353448,191.652222969
 12/12  17:00:00,74.1812353448,210.39113050900002
 12/12  18:00:00,36.1344119627,212.518020535
 12/12  19:00:00,21.793017276900002,228.019659652
 12/12  20:00:00,23.7443448989,272.347616256
 12/12  21:00:00,22.067264955,237.061005933
 12/12  22:00:00,23.6938641677,267.195261963
 12/12  23:00:00,22.005725779200002,232.543223888
 12/12  24:00:00,23.6349148672,263.96501319
 12/13  01:00:00,21.9330177073,228.076858345
 12/13  02:00:00,23.5082588807,255.64183994099997
 12/13  03:00:00,21.8006004753,217.811807479
 12/13  04:00:00,23.353465764699997,245.577044388
 12/13  05:00:00,21.693311447600003,210.70658001
 12/13  06:00:00,23.211187161599998,237.209573078
 12/13  07:00:00,26.7001411491,267.366315394
 12/13  08:00:00,42.7287136506,239.022663946
 12/13  09:00:00,57.745686473999996,211.107296947
 12/13  10:00:00,69.7197353448,187.624753216
 12/13  11:00:00,69.7197353448,175.909496392
 12/13  12:00:00,69.7197353448,167.235110918
 12/13  13:00:00,63.2269110704,164.91750062399998
 12/13  14:00:00,69.7197353448,153.494334628
 12/13  15:00:00,69.7197353448,148.47909442
 12/13  16:00:00,69.7197353448,148.254258342
 12/13  17:00:00,74.1812353448,149.970437286
 12/13  18:00:00,34.766589704299996,141.550739905
 12/13  19:00:00,20.3257299827,142.90248659
 12/13  20:00:00,21.946896784299998,180.080334403
 12/13  21:00:00,20.768112744,164.62499417200002
 12/13  22:00:00,22.325945399699997,196.396130048
 12/13  23:00:00,20.833885818800002,165.596485954
 12/13  24:00:00,22.2257725475,190.69857670099998
 12/14  01:00:00,20.759156581400003,161.066802345
 12/14  02:00:00,22.1135193585,184.95628364799998
 12/14  03:00:00,20.6964014326,157.729453999
 12/14  04:00:00,22.1364137706,185.91458617700002
 12/14  05:00:00,20.7736526013,160.933348443
 12/14  06:00:00,22.3638589173,197.31838400200002
 12/14  07:00:00,26.7001411491,248.56520065700002
 12/14  08:00:00,42.7287136506,239.47475363
 12/14  09:00:00,57.745686473999996,221.086979173
 12/14  10:00:00,69.7197353448,185.824066578
 12/14  11:00:00,69.7197353448,147.419607694
 12/14  12:00:00,69.7197353448,121.131855378
 12/14  13:00:00,63.2269110704,111.88433584799999
 12/14  14:00:00,69.7197353448,101.221282343
 12/14  15:00:00,69.7197353448,97.8433324227
 12/14  16:00:00,69.7197353448,101.821712054
 12/14  17:00:00,74.1812353448,115.071188458
 12/14  18:00:00,34.4308965223,124.67086366299999
 12/14  19:00:00,20.1721522304,133.539198142
 12/14  20:00:00,21.735868024000002,168.058723435
 12/14  21:00:00,20.4603684003,145.215749824
 12/14  22:00:00,21.850583866199997,171.80307543400002
 12/14  23:00:00,20.5123373289,147.36476243799999
 12/14  24:00:00,21.8732451342,172.580327092
 12/15  01:00:00,20.444608765599998,142.63317919600001
 12/15  02:00:00,21.7221211864,164.365665563
 12/15  03:00:00,20.399450969700002,139.621543911
 12/15  04:00:00,21.8611683853,170.75895592
 12/15  05:00:00,20.690617929000002,155.66346786
 12/15  06:00:00,22.1948624655,186.044503127
 12/15  07:00:00,26.7001411491,212.64665587099998
 12/15  08:00:00,42.7287136506,188.90325347900003
 12/15  09:00:00,57.745686473999996,166.429653667
 12/15  10:00:00,69.7197353448,144.383414664
 12/15  11:00:00,69.7197353448,126.158356808
 12/15  12:00:00,69.7197353448,110.15171186100001
 12/15  13:00:00,63.2269110704,101.780318719
 12/15  14:00:00,69.7197353448,92.6235906903
 12/15  15:00:00,69.7197353448,92.17528210180001
 12/15  16:00:00,69.5173156448,88.6191195109
 12/15  17:00:00,73.87760579479999,86.9994794432
 12/15  18:00:00,33.4252466907,78.5212141006
 12/15  19:00:00,19.2003075528,81.8449956693
 12/15  20:00:00,20.2805627072,101.730602573
 12/15  21:00:00,19.2209769597,79.8031546373
 12/15  22:00:00,20.1647157931,95.2310552216
 12/15  23:00:00,19.1351153071,74.5965006595
 12/15  24:00:00,20.025762222,88.1212505844
 12/16  01:00:00,18.9961882055,66.99004531279999
 12/16  02:00:00,19.876556644,81.2192741626
 12/16  03:00:00,18.859097225899998,61.7537379939
 12/16  04:00:00,19.4946053743,77.9419926467
 12/16  05:00:00,18.5726233365,61.2120915421
 12/16  06:00:00,19.476369127599998,77.838378568
 12/16  07:00:00,18.7688676354,62.739760143599995
 12/16  08:00:00,22.238641149099998,113.047845756
 12/16  09:00:00,18.7887408272,98.0483055009
 12/16  10:00:00,28.2832349183,85.8401637322
 12/16  11:00:00,28.3844447683,86.4761641262
 12/16  12:00:00,28.4856546183,95.3381215343
 12/16  13:00:00,17.7771411491,119.591982218
 12/16  14:00:00,17.7771411491,131.70310401700002
 12/16  15:00:00,17.7771411491,141.937982596
 12/16  16:00:00,17.7771411491,162.52100272299998
 12/16  17:00:00,16.6067060525,152.862036127
 12/16  18:00:00,20.7320181206,159.829817009
 12/16  19:00:00,22.527744886700003,202.66814364799998
 12/16  20:00:00,21.2403402991,183.91948236599998
 12/16  21:00:00,22.9625152694,222.734153271
 12/16  22:00:00,21.534215719200002,198.650100907
 12/16  23:00:00,23.192058621100003,233.257508778
 12/16  24:00:00,21.659274826100003,205.02405142700002
 12/17  01:00:00,23.3060090914,238.51897847
 12/17  02:00:00,21.7570063435,210.107122791
 12/17  03:00:00,23.4289485823,244.78242845
 12/17  04:00:00,21.8763553086,216.619800323
 12/17  05:00:00,23.5609789004,251.83611658700002
 12/17  06:00:00,21.992655921500003,223.24789192400002
 12/17  07:00:00,23.7070149568,259.912246872
 12/17  08:00:00,17.6608040552,231.636166717
 12/17  09:00:00,14.7771945354,262.477807067
 12/17  10:00:00,12.9629643176,220.69564162700001
 12/17  11:00:00,14.451688437,243.673538589
 12/17  12:00:00,12.8026307451,208.58595185
 12/17  13:00:00,14.260533938399998,234.01428113
 12/17  14:00:00,12.500754303699999,195.375532067
 12/17  15:00:00,13.8035103169,214.14216520099998
 12/17  16:00:00,12.2683475949,181.300347135
 12/17  17:00:00,18.3421267772,214.514492905
 12/17  18:00:00,21.4668533129,196.07168834200002
 12/17  19:00:00,23.2238277845,237.611895003
 12/17  20:00:00,21.7679421804,213.995585642
 12/17  21:00:00,23.3936706108,246.07661123
 12/17  22:00:00,21.728483746,211.62674809900003
 12/17  23:00:00,23.166008398200002,235.70237168900002
 12/17  24:00:00,21.4424085746,197.697789681
 12/18  01:00:00,22.9350899802,224.190093109
 12/18  02:00:00,21.35307253,190.648923012
 12/18  03:00:00,22.7387363417,213.661569834
 12/18  04:00:00,21.1891180196,182.02896723400002
 12/18  05:00:00,22.728875697800003,212.63961638400002
 12/18  06:00:00,21.240729960899998,183.318709135
 12/18  07:00:00,26.7001411491,250.30031359900002
 12/18  08:00:00,42.7287136506,213.017129452
 12/18  09:00:00,57.745686473999996,185.712214777
 12/18  10:00:00,69.7197353448,158.123720759
 12/18  11:00:00,69.7197353448,137.590245512
 12/18  12:00:00,69.7197353448,125.961638509
 12/18  13:00:00,63.2269110704,126.22181127799999
 12/18  14:00:00,69.7197353448,115.99811033200001
 12/18  15:00:00,69.7197353448,117.829163705
 12/18  16:00:00,69.7197353448,124.36130029200001
 12/18  17:00:00,74.1812353448,136.82852023200002
 12/18  18:00:00,34.793014417600006,139.58088162299998
 12/18  19:00:00,20.4967397441,148.458066371
 12/18  20:00:00,22.222171823000004,188.691149107
 12/18  21:00:00,20.9849999742,171.095757518
 12/18  22:00:00,22.709799100500003,210.04383732099998
 12/18  23:00:00,21.3381543536,188.709081107
 12/18  24:00:00,23.0478241086,227.033296982
 12/19  01:00:00,21.5853067842,202.25990363
 12/19  02:00:00,23.220681185,235.36011325400003
 12/19  03:00:00,21.6422399868,204.778435745
 12/19  04:00:00,23.2124340329,233.976863655
 12/19  05:00:00,21.6087265042,202.102928648
 12/19  06:00:00,23.2299427282,234.524185539
 12/19  07:00:00,26.7001411491,273.991864889
 12/19  08:00:00,42.7287136506,256.64619033
 12/19  09:00:00,57.745686473999996,236.06434093
 12/19  10:00:00,69.7197353448,217.162151116
 12/19  11:00:00,69.7197353448,202.39187936599998
 12/19  12:00:00,69.7197353448,185.35421711400002
 12/19  13:00:00,63.2269110704,181.970058468
 12/19  14:00:00,69.7197353448,175.885432001
 12/19  15:00:00,69.7197353448,173.16811133299998
 12/19  16:00:00,69.7197353448,171.646881985
 12/19  17:00:00,74.1812353448,181.412545446
 12/19  18:00:00,35.617452858,184.690822967
 12/19  19:00:00,21.2885520649,197.86490137400003
 12/19  20:00:00,23.268499648699997,248.603347334
 12/19  21:00:00,21.9150202338,230.52373085099998
 12/19  22:00:00,23.685986766,268.076734823
 12/19  23:00:00,22.0784299119,238.059091759
 12/19  24:00:00,23.8478551354,276.157486496
 12/20  01:00:00,22.1651063946,239.93589966599998
 12/20  02:00:00,23.6539710319,263.17414732599997
 12/20  03:00:00,21.8916781921,223.47289064400002
 12/20  04:00:00,23.386998250799998,247.559941099
 12/20  05:00:00,21.639893159099998,208.033104315
 12/20  06:00:00,23.0887000794,231.345022541
 12/20  07:00:00,26.7001411491,256.548720897
 12/20  08:00:00,42.7287136506,226.167591813
 12/20  09:00:00,57.745686473999996,192.968560158
 12/20  10:00:00,69.7197353448,160.181763234
 12/20  11:00:00,69.7197353448,136.174153369
 12/20  12:00:00,69.7197353448,122.596826541
 12/20  13:00:00,63.2269110704,122.623114427
 12/20  14:00:00,69.7197353448,108.105980036
 12/20  15:00:00,69.7197353448,93.51887480290002
 12/20  16:00:00,69.7197353448,90.2468090941
 12/20  17:00:00,74.1812353448,94.7549950996
 12/20  18:00:00,33.8463012942,97.36440308739999
 12/20  19:00:00,19.6574744943,106.58558367100001
 12/20  20:00:00,21.0130302666,135.902737677
 12/20  21:00:00,19.9128883378,116.049209956
 12/20  22:00:00,21.331424011099998,148.484094081
 12/20  23:00:00,20.416631492,139.91827858899998
 12/20  24:00:00,22.015373695700003,177.799026228
 12/21  01:00:00,20.9600441079,167.691643392
 12/21  02:00:00,22.670385970199998,208.50912467599997
 12/21  03:00:00,21.426296529400002,191.822480048
 12/21  04:00:00,23.070045559,228.370531125
 12/21  05:00:00,21.6822778955,206.150643008
 12/21  06:00:00,23.3174210058,241.146627352
 12/21  07:00:00,26.7001411491,287.185374491
 12/21  08:00:00,42.7287136506,271.478519248
 12/21  09:00:00,57.745686473999996,245.292345136
 12/21  10:00:00,69.7197353448,212.295741592
 12/21  11:00:00,69.7197353448,186.695640907
 12/21  12:00:00,69.7197353448,167.06305289899998
 12/21  13:00:00,63.2269110704,166.426238457
 12/21  14:00:00,69.7197353448,170.92486632700002
 12/21  15:00:00,69.7197353448,178.857463068
 12/21  16:00:00,69.7197353448,179.268828667
 12/21  17:00:00,74.1812353448,187.70629272
 12/21  18:00:00,35.6353306852,183.42517477099997
 12/21  19:00:00,21.1643216101,188.738422734
 12/21  20:00:00,22.9994108139,230.50580534
 12/21  21:00:00,21.5864385633,207.682615789
 12/21  22:00:00,23.3449108028,245.565961327
 12/21  23:00:00,21.8287745756,218.696066108
 12/21  24:00:00,23.5581372983,255.538804695
 12/22  01:00:00,21.9881865395,227.06870849400002
 12/22  02:00:00,23.7344264363,264.409925415
 12/22  03:00:00,22.168168559699996,236.409012191
 12/22  04:00:00,23.9109573898,274.47328398900004
 12/22  05:00:00,22.3170831929,245.236563792
 12/22  06:00:00,24.0536041954,283.813877017
 12/22  07:00:00,26.7001411491,333.723909453
 12/22  08:00:00,42.7287136506,319.289016986
 12/22  09:00:00,57.745686473999996,301.172420282
 12/22  10:00:00,69.7197353448,279.096664051
 12/22  11:00:00,69.7197353448,261.626324792
 12/22  12:00:00,69.7197353448,244.34575064
 12/22  13:00:00,63.2269110704,227.851197153
 12/22  14:00:00,69.7197353448,195.228196372
 12/22  15:00:00,69.7197353448,173.823344973
 12/22  16:00:00,69.7197353448,173.14626075099997
 12/22  17:00:00,74.1812353448,185.85291873900002
 12/22  18:00:00,35.4875301771,177.487188312
 12/22  19:00:00,20.907509454,175.77134546
 12/22  20:00:00,22.522807216599997,208.435013467
 12/22  21:00:00,21.0694666244,180.844951251
 12/22  22:00:00,22.5972100604,209.706485122
 12/22  23:00:00,21.0551569024,177.881771547
 12/22  24:00:00,22.5046481882,204.38614977900002
 12/23  01:00:00,21.0103243564,174.165453348
 12/23  02:00:00,22.4009878005,197.63184303900002
 12/23  03:00:00,20.853182593099998,164.420857069
 12/23  04:00:00,22.161075938899998,185.30902443
 12/23  05:00:00,20.643002748599997,152.249369189
 12/23  06:00:00,21.9106789712,172.945572074
 12/23  07:00:00,20.4707045155,142.318694795
 12/23  08:00:00,22.238641149099998,200.90041669599998
 12/23  09:00:00,18.7887408272,170.90451352899998
 12/23  10:00:00,28.4856546183,140.40777625
 12/23  11:00:00,28.4856546183,110.545405185
 12/23  12:00:00,28.4856546183,96.6091789725
 12/23  13:00:00,17.7771411491,113.71183345700001
 12/23  14:00:00,17.7771411491,129.003254478
 12/23  15:00:00,17.7771411491,141.959264005
 12/23  16:00:00,17.7771411491,155.170755917
 12/23  17:00:00,16.2040390948,136.14367652299998
 12/23  18:00:00,20.3291978695,140.881779795
 12/23  19:00:00,22.0954208309,184.036430672
 12/23  20:00:00,20.8862970881,167.909248488
 12/23  21:00:00,22.599788946500002,207.420509218
 12/23  22:00:00,21.273107025399998,187.40904523700002
 12/23  23:00:00,22.9912683777,225.747475169
 12/23  24:00:00,21.588387408400003,203.97150798599998
 12/24  01:00:00,23.3850698848,245.252101089
 12/24  02:00:00,21.951617106399997,223.77078076200002
 12/24  03:00:00,23.775885451399997,265.748416347
 12/24  04:00:00,22.2410559136,240.133409489
 12/24  05:00:00,24.0105768458,280.016931392
 12/24  06:00:00,22.4406085052,253.57094742599998
 12/24  07:00:00,24.1385458587,291.995481635
 12/24  08:00:00,18.112839993399998,262.108385465
 12/24  09:00:00,15.1838057602,289.715431458
 12/24  10:00:00,13.356093720699999,244.441754253
 12/24  11:00:00,14.8559249899,267.17306424
 12/24  12:00:00,13.1061593643,227.40254330099998
 12/24  13:00:00,14.5971317126,252.002596096
 12/24  14:00:00,12.786873095599999,210.47247139200002
 12/24  15:00:00,14.148509396800002,230.97132239799998
 12/24  16:00:00,12.620560881500001,201.36711567700002
 12/24  17:00:00,18.9736507153,247.18265193
 12/24  18:00:00,22.110095761100002,231.225952928
 12/24  19:00:00,23.9687862496,276.955923125
 12/24  20:00:00,22.4817321148,256.204564431
 12/24  21:00:00,24.2015004161,298.413730284
 12/24  22:00:00,22.7501666998,272.324147216
 12/24  23:00:00,24.2965390507,310.070876732
 12/24  24:00:00,22.823967916399997,283.76173139400004
 12/25  01:00:00,24.3087429734,317.544687298
 12/25  02:00:00,22.8374874021,291.104742928
 12/25  03:00:00,24.3157818934,323.508540744
 12/25  04:00:00,22.8338587346,290.921975302
 12/25  05:00:00,24.3051710356,319.565179988
 12/25  06:00:00,22.8220605989,286.55954923900003
 12/25  07:00:00,24.2947925327,315.538812651
 12/25  08:00:00,18.3425576092,283.548417348
 12/25  09:00:00,15.3236312078,307.621953085
 12/25  10:00:00,13.5906215677,259.530720031
 12/25  11:00:00,14.7539316501,266.934673987
 12/25  12:00:00,12.4869093841,201.487287253
 12/25  13:00:00,13.5515932887,205.577587122
 12/25  14:00:00,12.073345252200001,172.227034251
 12/25  15:00:00,13.5715069977,200.159905105
 12/25  16:00:00,12.051667986500002,169.93101607100002
 12/25  17:00:00,16.5237828192,198.471794965
 12/25  18:00:00,21.1597133263,177.52687452700002
 12/25  19:00:00,22.8166784572,214.671116902
 12/25  20:00:00,21.3311328344,188.29945488
 12/25  21:00:00,22.856967976900002,218.61209679799998
 12/25  22:00:00,21.3232434462,189.67477456900002
 12/25  23:00:00,22.805168903200002,216.64591926900002
 12/25  24:00:00,21.2383941056,185.738610352
 12/26  01:00:00,22.6882157788,211.836678647
 12/26  02:00:00,21.1032999477,178.460091734
 12/26  03:00:00,22.4979473396,203.33392002099998
 12/26  04:00:00,21.0146485625,175.019002832
 12/26  05:00:00,22.485718862600002,203.712776329
 12/26  06:00:00,21.021332142000002,175.758661228
 12/26  07:00:00,26.7001411491,246.85463498599998
 12/26  08:00:00,42.7287136506,210.40887266200002
 12/26  09:00:00,57.745686473999996,183.486387641
 12/26  10:00:00,69.7197353448,152.737876562
 12/26  11:00:00,69.7197353448,130.820096597
 12/26  12:00:00,69.7197353448,118.07665498700001
 12/26  13:00:00,63.2269110704,113.824534197
 12/26  14:00:00,69.7197353448,99.3745238707
 12/26  15:00:00,69.7197353448,88.1439036465
 12/26  16:00:00,69.5679205698,86.41529520819999
 12/26  17:00:00,72.6940686782,103.078449257
 12/26  18:00:00,34.2075108167,114.313859835
 12/26  19:00:00,20.0983039364,130.886056456
 12/26  20:00:00,21.9095389783,177.12554638400002
 12/26  21:00:00,20.7609305422,161.809810384
 12/26  22:00:00,22.4126755179,199.385317242
 12/26  23:00:00,21.094822955599998,179.133860617
 12/26  24:00:00,22.860054251799998,221.59294295599997
 12/27  01:00:00,21.52705778,202.97228185900002
 12/27  02:00:00,23.2051082507,238.638503978
 12/27  03:00:00,21.664461115199998,210.25389481
 12/27  04:00:00,23.3595872597,246.167234535
 12/27  05:00:00,21.8569744864,220.225393505
 12/27  06:00:00,23.649321137199998,261.97237189599997
 12/27  07:00:00,26.7001411491,315.554203278
 12/27  08:00:00,42.7287136506,299.47591415200003
 12/27  09:00:00,57.745686473999996,266.514693347
 12/27  10:00:00,69.7197353448,226.319580366
 12/27  11:00:00,69.7197353448,198.956935693
 12/27  12:00:00,69.7197353448,175.60801917700002
 12/27  13:00:00,63.2269110704,156.456347591
 12/27  14:00:00,69.7197353448,137.39026294299998
 12/27  15:00:00,69.7197353448,131.82543946299998
 12/27  16:00:00,69.7197353448,129.498323269
 12/27  17:00:00,72.6940686782,143.01105912399998
 12/27  18:00:00,34.9287143539,151.23260931299998
 12/27  19:00:00,20.7680869848,169.72434202600002
 12/27  20:00:00,22.634802735300003,214.83182547299998
 12/27  21:00:00,21.2403052817,191.56433358400002
 12/27  22:00:00,22.9927475594,232.53869721200002
 12/27  23:00:00,21.5886217086,210.33628469299998
 12/27  24:00:00,23.2416294502,243.147621082
 12/28  01:00:00,21.5710084264,207.24725204400002
 12/28  02:00:00,23.1033315855,235.31607831
 12/28  03:00:00,21.484326836999998,200.835542127
 12/28  04:00:00,22.9260769652,224.77643606200002
 12/28  05:00:00,21.3176057505,190.46115975400002
 12/28  06:00:00,22.754645893800003,214.99060223
 12/28  07:00:00,26.7001411491,242.75769446299998
 12/28  08:00:00,42.7287136506,216.32465361
 12/28  09:00:00,57.745686473999996,188.228782266
 12/28  10:00:00,69.7197353448,163.53454342700002
 12/28  11:00:00,69.7197353448,148.207099078
 12/28  12:00:00,69.7197353448,136.715508794
 12/28  13:00:00,63.2269110704,137.279154742
 12/28  14:00:00,69.7197353448,133.437593181
 12/28  15:00:00,69.7197353448,124.978350195
 12/28  16:00:00,69.7197353448,114.02104991
 12/28  17:00:00,72.6940686782,112.04191517
 12/28  18:00:00,34.1286473144,111.170544639
 12/28  19:00:00,19.8703314401,117.302439172
 12/28  20:00:00,21.220003772200002,145.08887705200002
 12/28  21:00:00,20.0813643345,125.277961
 12/28  22:00:00,21.349447867000002,149.772003023
 12/28  23:00:00,20.132093533,126.818994891
 12/28  24:00:00,21.3844134254,150.818326158
 12/29  01:00:00,20.1990247969,129.69219124100002
 12/29  02:00:00,21.4623957789,153.931842285
 12/29  03:00:00,20.2565613177,132.066200068
 12/29  04:00:00,21.587435333200002,159.297743403
 12/29  05:00:00,20.427485507,139.796698592
 12/29  06:00:00,21.7516661941,165.492036453
 12/29  07:00:00,26.7001411491,197.824028605
 12/29  08:00:00,42.7287136506,180.973545152
 12/29  09:00:00,57.745686473999996,159.6916814
 12/29  10:00:00,69.7197353448,137.980111147
 12/29  11:00:00,69.7197353448,122.08850271799999
 12/29  12:00:00,69.7197353448,111.128251012
 12/29  13:00:00,63.2269110704,106.92375135700001
 12/29  14:00:00,69.7197353448,101.077096434
 12/29  15:00:00,69.7197353448,101.97594485
 12/29  16:00:00,69.7197353448,106.559532635
 12/29  17:00:00,72.6940686782,121.252287188
 12/29  18:00:00,34.5788041503,128.795664447
 12/29  19:00:00,20.330535973699998,140.009125346
 12/29  20:00:00,22.0066199273,178.50379612
 12/29  21:00:00,20.692305243299998,155.356978798
 12/29  22:00:00,22.1266968074,182.893801375
 12/29  23:00:00,20.703171110699998,155.323022216
 12/29  24:00:00,22.1843695813,184.942124099
 12/30  01:00:00,20.8604652442,162.67326053
 12/30  02:00:00,22.4905392989,199.579170515
 12/30  03:00:00,21.1819592638,180.16124910099998
 12/30  04:00:00,22.8519059456,217.24666841400003
 12/30  05:00:00,21.3808062415,190.556568931
 12/30  06:00:00,22.8748886852,218.02319141400002
 12/30  07:00:00,21.3055010036,186.02522035599998
 12/30  08:00:00,22.238641149099998,258.11351761099996
 12/30  09:00:00,18.7887408272,227.78140056700002
 12/30  10:00:00,28.4856546183,209.57984658200002
 12/30  11:00:00,28.4856546183,199.51824356900002
 12/30  12:00:00,28.4856546183,188.67827024599998
 12/30  13:00:00,17.7771411491,184.16918512599997
 12/30  14:00:00,17.7771411491,176.71750400099998
 12/30  15:00:00,17.7771411491,170.406029681
 12/30  16:00:00,17.7771411491,168.158759884
 12/30  17:00:00,14.7562665081,138.975040661
 12/30  18:00:00,20.2596368594,137.598749789
 12/30  19:00:00,21.8644217716,173.23202581200002
 12/30  20:00:00,20.5893013042,151.389214759
 12/30  21:00:00,22.0702572489,182.115853527
 12/30  22:00:00,20.7590661963,159.87569440299998
 12/30  23:00:00,22.271000517199997,190.93272787200002
 12/30  24:00:00,20.8973252612,166.680268576
 12/31  01:00:00,22.4177406146,197.509144007
 12/31  02:00:00,20.9860466391,170.900152891
 12/31  03:00:00,22.4629621777,199.90669471799998
 12/31  04:00:00,21.0390804717,174.284292761
 12/31  05:00:00,22.5797521487,205.34831823099998
 12/31  06:00:00,21.1349177091,179.17959400700002
 12/31  07:00:00,22.7176147498,212.233929091
 12/31  08:00:00,18.324661180499998,187.804630813
 12/31  09:00:00,13.9516995132,220.06482132099998
 12/31  10:00:00,12.3949191965,188.95470683599999
 12/31  11:00:00,13.7542443579,211.539973103
 12/31  12:00:00,11.9413856192,169.619033437
 12/31  13:00:00,13.1229841025,183.45170895
 12/31  14:00:00,11.7597651396,154.757058254
 12/31  15:00:00,13.0883090838,179.39578893400002
 12/31  16:00:00,11.636141336700002,148.739697661
 12/31  17:00:00,16.0062516813,175.061640733
 12/31  18:00:00,20.761732700899998,157.487702375
 12/31  19:00:00,22.344126581199998,192.63359442200002
 12/31  20:00:00,20.984836314000002,169.570805467
 12/31  21:00:00,22.480726480300003,199.817935223
 12/31  22:00:00,21.0438723875,173.193245226
 12/31  23:00:00,22.524815249099998,202.109843372
 12/31  24:00:00,21.0885575973,175.98434172700001
